[0] 0
[0.0166666675359011] 0.628207968221629
[0.0333333350718021] 2.51283156010771
[0.0500000026077032] 5.65386387343669
[0.0666666701436043] 10.0512653013103
[0.0833333376795053] 15.7048987287461
[0.100000005215406] 22.6144030354624
[0.116666672751307] 30.7789998290381
[0.133333340287209] 40.1972683058801
[0.15000000782311] 50.8668394891734
[0.166666675359011] 62.7841691378601
[0.183333342894912] 75.9444133536821
[0.200000010430813] 90.3414258666932
[0.216666677966714] 105.968145488269
[0.233333345502615] 122.817164769503
[0.250000013038516] 140.881763975718
[0.266666680574417] 160.1569675644
[0.283333348110318] 180.640567266526
[0.300000015646219] 202.333638740095
[0.31666668318212] 225.240081098116
[0.333333350718021] 233.005140836028
[0.350000018253922] 213.963350961326
[0.366666685789824] 223.929998705027
[0.383333353325725] 225.209126890198
[0.400000020861626] 222.010352723944
[0.416666688397527] 193.537888541702
[0.433333355933428] 204.226424006463
[0.450000023469329] 166.76890681592
[0.46666669100523] 172.55950324679
[0.483333358541131] 186.166646990233
[0.500000026077032] 198.75169296911
[0.516666693612933] 210.365162028749
[0.533333361148834] 222.484125662721
[0.550000028684735] 235.394016119338
[0.566666696220636] 248.97143029775
[0.583333363756537] 263.00406334518
[0.600000031292439] 277.331436931613
[0.61666669882834] 291.766305688984
[0.633333366364241] 306.467442576297
[0.650000033900142] 321.52677504088
[0.666666701436043] 336.910895526212
[0.683333368971944] 352.582674753256
[0.700000036507845] 368.521606892
[0.716666704043746] 384.722222622562
[0.733333371579647] 401.179532884269
[0.750000039115548] 417.881711221611
[0.766666706651449] 434.813258589041
[0.78333337418735] 451.95830178003
[0.800000041723251] 469.302095331187
[0.816666709259152] 486.830861523133
[0.833333376795053] 504.530254984422
[0.850000044330955] 522.385583901019
[0.866666711866856] 540.382285999167
[0.883333379402757] 558.505606181391
[0.900000046938658] 576.740280962471
[0.916666714474559] 595.069382261504
[0.93333338201046] 613.473938973155
[0.950000049546361] 631.930776269186
[0.966666717082262] 650.411441278623
[0.983333384618163] 668.879567123172
[1.00000005215406] 687.289158676067
[1.01666671968997] 705.581178676517
[1.03333338722587] 723.680051802537
[1.05000005476177] 741.490281625168
[1.06666672229767] 758.891076648154
[1.08333338983357] 775.732480906961
[1.10000005736947] 791.832998498707
[1.11666672490537] 806.982318869895
[1.13333339244127] 820.955118729345
[1.15000005997717] 833.543161227372
[1.16666672751307] 844.614750718221
[1.18333339504898] 854.201281913497
[1.20000006258488] 862.592873589591
[1.21666673012078] 870.396398030868
[1.23333339765668] 878.490551636646
[1.25000006519258] 887.833339542787
[1.26666673272848] 899.163478584919
[1.28333340026438] 912.720963672842
[1.30000006780028] 928.138391938102
[1.31666673533618] 944.568963615142
[1.33333340287209] 960.983215646628
[1.35000007040799] 976.486571189349
[1.36666673794389] 990.528108238448
[1.38333340547979] 1002.95050494038
[1.40000007301569] 1013.90218911672
[1.41666674055159] 879.383266575175
[1.43333340808749] 722.095059337986
[1.45000007562339] 605.175264330887
[1.46666674315929] 588.329831347799
[1.4833334106952] 585.421566252554
[1.5000000782311] 583.362307077322
[1.516666745767] 579.440998356606
[1.5333334133029] 575.264997869578
[1.5500000808388] 570.908449849375
[1.5666667483747] 564.38878703211
[1.5833334159106] 563.284119662014
[1.6000000834465] 562.034311340071
[1.6166667509824] 554.214555080977
[1.6333334185183] 553.266394709101
[1.65000008605421] 550.671006783309
[1.66666675359011] 549.724906202462
[1.68333342112601] 547.785238103716
[1.70000008866191] 544.54578353289
[1.71666675619781] 540.870098058735
[1.73333342373371] 534.819349154191
[1.75000009126961] 527.077723861505
[1.76666675880551] 518.867963775329
[1.78333342634141] 511.720876739357
[1.80000009387732] 507.947998291919
[1.81666676141322] 506.205639824881
[1.83333342894912] 503.346745756341
[1.85000009648502] 502.407138686232
[1.86666676402092] 501.863782660349
[1.88333343155682] 501.281194556483
[1.90000009909272] 494.677329051696
[1.91666676662862] 494.666131688845
[1.93333343416452] 492.513120810023
[1.95000010170043] 493.497276919382
[1.96666676923633] 490.562312425942
[1.98333343677223] 492.331918567884
[2.00000010430813] 495.459023135557
[2.01666677184403] 488.019947330935
[2.03333343937993] 490.291944223914
[2.05000010691583] 495.652734665798
[2.06666677445173] 492.008885090794
[2.08333344198763] 490.668811754508
[2.10000010952353] 486.888337090086
[2.11666677705944] 491.889227638749
[2.13333344459534] 498.732586766076
[2.15000011213124] 499.463622144145
[2.16666677966714] 488.896146756514
[2.18333344720304] 493.645974699499
[2.20000011473894] 488.080086798105
[2.21666678227484] 482.946967669111
[2.23333344981074] 488.597302852643
[2.25000011734664] 470.507202959845
[2.26666678488255] 452.622308809069
[2.28333345241845] 454.322428711081
[2.30000011995435] 451.520776479441
[2.31666678749025] 447.172371204165
[2.33333345502615] 442.219746590776
[2.35000012256205] 436.523627102324
[2.36666679009795] 429.37459542267
[2.38333345763385] 424.932622106971
[2.40000012516975] 417.20745373682
[2.41666679270566] 416.639411790276
[2.43333346024156] 409.30032658963
[2.45000012777746] 407.113042999548
[2.46666679531336] 411.253641018698
[2.48333346284926] 412.998823912653
[2.50000013038516] 413.520691153971
[2.51666679792106] 403.338944210913
[2.53333346545696] 399.540553435892
[2.55000013299286] 394.857986540973
[2.56666680052876] 378.018852228119
[2.58333346806467] 374.104537639878
[2.60000013560057] 361.993897023717
[2.61666680313647] 358.780075303947
[2.63333347067237] 345.211044688177
[2.65000013820827] 329.997542423487
[2.66666680574417] 322.678556228428
[2.68333347328007] 319.305884631704
[2.70000014081597] 318.42918783162
[2.71666680835187] 318.564255066387
[2.73333347588778] 318.443687409744
[2.75000014342368] 319.516897894108
[2.76666681095958] 321.442433361552
[2.78333347849548] 317.785000422807
[2.80000014603138] 320.461132406609
[2.81666681356728] 319.816792569929
[2.83333348110318] 315.456722203226
[2.85000014863908] 288.503231397529
[2.86666681617498] 282.604100576031
[2.88333348371089] 285.49285915618
[2.90000015124679] 267.23253819299
[2.91666681878269] 264.999881507014
[2.93333348631859] 250.821539252315
[2.95000015385449] 244.791098947357
[2.96666682139039] 245.854002338265
[2.98333348892629] 246.298403190525
[3.00000015646219] 242.292123764617
[3.01666682399809] 235.941919039405
[3.03333349153399] 236.076422380503
[3.0500001590699] 219.27420650394
[3.0666668266058] 205.66738088896
[3.0833334941417] 206.199201856196
[3.1000001616776] 202.467599086111
[3.1166668292135] 188.74241485508
[3.1333334967494] 184.976582353341
[3.1500001642853] 186.132135946543
[3.1666668318212] 184.50916792472
[3.1833334993571] 186.802292969109
[3.20000016689301] 189.015433388421
[3.21666683442891] 191.79374393466
[3.23333350196481] 192.673649125488
[3.25000016950071] 196.915184888614
[3.26666683703661] 201.276242613497
[3.28333350457251] 205.397745381017
[3.30000017210841] 207.00452609942
[3.31666683964431] 210.120025956806
[3.33333350718021] 214.307410227567
[3.35000017471611] 219.500232172843
[3.36666684225202] 216.26393285427
[3.38333350978792] 206.802530479844
[3.40000017732382] 202.106246283605
[3.41666684485972] 197.958369421296
[3.43333351239562] 183.68400843963
[3.45000017993152] 182.463965502424
[3.46666684746742] 181.576836898059
[3.48333351500332] 182.186666475799
[3.50000018253922] 183.260597601865
[3.51666685007513] 181.427740108175
[3.53333351761103] 179.636402712223
[3.55000018514693] 180.685293284727
[3.56666685268283] 180.73091136777
[3.58333352021873] 181.514925747183
[3.60000018775463] 182.795228891813
[3.61666685529053] 183.515913049735
[3.63333352282643] 184.629081179179
[3.65000019036233] 184.572744347847
[3.66666685789824] 186.065837686989
[3.68333352543414] 182.574907319004
[3.70000019297004] 182.272298839521
[3.71666686050594] 183.584593176067
[3.73333352804184] 182.941078266491
[3.75000019557774] 183.355426495048
[3.76666686311364] 185.908759051657
[3.78333353064954] 184.973329802989
[3.80000019818544] 177.675923167842
[3.81666686572134] 178.970668066601
[3.83333353325725] 180.526789830936
[3.85000020079315] 180.86036043658
[3.86666686832905] 183.024140332512
[3.88333353586495] 182.645047187913
[3.90000020340085] 184.595521367242
[3.91666687093675] 184.776623640709
[3.93333353847265] 187.346671952632
[3.95000020600855] 191.262127609758
[3.96666687354445] 194.001824825467
[3.98333354108036] 198.177800264916
[4.00000020861626] 203.301688542926
[4.01666687615216] 209.222645894788
[4.03333354368806] 214.003835771053
[4.05000021122396] 220.854690902427
[4.06666687875986] 228.312006342721
[4.08333354629576] 236.322622404675
[4.10000021383166] 244.240221240263
[4.11666688136756] 251.956964380653
[4.13333354890347] 260.503970004107
[4.15000021643937] 269.283133799971
[4.16666688397527] 273.233250944776
[4.18333355151117] 280.356792745184
[4.20000021904707] 278.426510238849
[4.21666688658297] 282.557559797389
[4.23333355411887] 285.411367985639
[4.25000022165477] 285.257702300574
[4.26666688919067] 281.269227946126
[4.28333355672657] 277.373182435684
[4.30000022426248] 273.19594468188
[4.31666689179838] 273.52957987568
[4.33333355933428] 275.035057306755
[4.35000022687018] 277.165981421952
[4.36666689440608] 277.660152486234
[4.38333356194198] 280.672526986676
[4.40000022947788] 259.848105315254
[4.41666689701378] 258.563343777372
[4.43333356454968] 257.846864386599
[4.45000023208559] 256.584295940087
[4.46666689962149] 254.603563690397
[4.48333356715739] 252.294204559983
[4.50000023469329] 249.857456559637
[4.51666690222919] 246.599631769816
[4.53333356976509] 244.152165604864
[4.55000023730099] 241.965885913511
[4.56666690483689] 238.824804446319
[4.58333357237279] 236.847460788089
[4.6000002399087] 235.260606495716
[4.6166669074446] 233.232544154352
[4.6333335749805] 231.71075920656
[4.6500002425164] 231.135001463423
[4.6666669100523] 231.002384905301
[4.6833335775882] 228.686213628994
[4.7000002451241] 224.855439655882
[4.71666691266] 224.467106164204
[4.7333335801959] 223.590459452476
[4.7500002477318] 223.02273692122
[4.76666691526771] 223.521334887359
[4.78333358280361] 221.731015456889
[4.80000025033951] 221.28844466045
[4.81666691787541] 221.929839013434
[4.83333358541131] 221.950744965234
[4.85000025294721] 222.92690031033
[4.86666692048311] 224.022452398339
[4.88333358801901] 225.59427331601
[4.90000025555491] 227.615704679177
[4.91666692309082] 230.001637004814
[4.93333359062672] 232.766753975264
[4.95000025816262] 235.827702665099
[4.96666692569852] 238.446312846413
[4.98333359323442] 230.199749765876
[5.00000026077032] 231.364035019961
[5.01666692830622] 231.661681147515
[5.03333359584212] 231.613881273739
[5.05000026337802] 230.274350606164
[5.06666693091393] 226.909552841527
[5.08333359844983] 221.488251724752
[5.10000026598573] 216.317638776945
[5.11666693352163] 206.304495888204
[5.13333360105753] 199.746640319072
[5.15000026859343] 195.091245632293
[5.16666693612933] 187.571835313684
[5.18333360366523] 181.596318541432
[5.20000027120113] 180.455175632695
[5.21666693873703] 179.769337095195
[5.23333360627294] 178.469926488302
[5.25000027380884] 174.892354883225
[5.26666694134474] 170.437190430095
[5.28333360888064] 165.229190166654
[5.30000027641654] 159.406603609011
[5.31666694395244] 156.022142731845
[5.33333361148834] 153.17536234068
[5.35000027902424] 146.594895323711
[5.36666694656014] 143.334949506686
[5.38333361409605] 140.337616762403
[5.40000028163195] 137.495099024184
[5.41666694916785] 134.837929657544
[5.43333361670375] 132.605310659124
[5.45000028423965] 108.148236421529
[5.46666695177555] 95.2983450989386
[5.48333361931145] 90.2844451146974
[5.50000028684735] 87.8370637003151
[5.51666695438325] 82.1242986125493
[5.53333362191916] 78.4125398022674
[5.55000028945506] 75.7148850622914
[5.56666695699096] 71.0625467124243
[5.58333362452686] 69.3386574243951
[5.60000029206276] 67.341480083629
[5.61666695959866] 65.4793596172699
[5.63333362713456] 60.015757973332
[5.65000029467046] 54.8436259626193
[5.66666696220636] 53.811968694979
[5.68333362974226] 51.000463767438
[5.70000029727817] 50.3491621225218
[5.71666696481407] 50.2829968122284
[5.73333363234997] 50.669380577957
[5.75000029988587] 50.0580315233479
[5.76666696742177] 51.1413365544168
[5.78333363495767] 51.8587753126699
[5.80000030249357] 51.4582709330849
[5.81666697002947] 52.8021777767221
[5.83333363756537] 54.5864931190132
[5.85000030510128] 50.9385177976974
[5.86666697263718] 50.8227843247765
[5.88333364017308] 51.7147348156677
[5.90000030770898] 52.8811844272866
[5.91666697524488] 49.21778882809
[5.93333364278078] 48.2729328246125
[5.95000031031668] 45.7027076900763
[5.96666697785258] 45.4581977157457
[5.98333364538848] 45.6284776013701
[6.00000031292439] 45.7099307575146
[6.01666698046029] 46.3135474994703
[6.03333364799619] 47.0654713350763
[6.05000031553209] 47.0504782340104
[6.06666698306799] 47.7180235123805
[6.08333365060389] 48.107926525514
[6.10000031813979] 48.6927651269654
[6.11666698567569] 49.613763105208
[6.13333365321159] 50.5772157697219
[6.15000032074749] 51.8655523312046
[6.1666669882834] 52.0446156345607
[6.1833336558193] 53.7501717922635
[6.2000003233552] 55.7776498874969
[6.2166669908911] 58.0854025830076
[6.233333658427] 60.6403094639034
[6.2500003259629] 63.4296671508797
[6.2666669934988] 63.2821722698494
[6.2833336610347] 61.3584666973748
[6.3000003285706] 56.9712335792244
[6.31666699610651] 52.7777499488584
[6.33333366364241] 53.1156868209882
[6.35000033117831] 53.804703303387
[6.36666699871421] 54.8341905249502
[6.38333366625011] 55.1745592662049
[6.40000033378601] 55.6753753336242
[6.41666700132191] 57.2397303737352
[6.43333366885781] 59.2988164746714
[6.45000033639371] 60.4865617322491
[6.46666700392962] 62.7322557419593
[6.48333367146552] 64.9707561770003
[6.50000033900142] 67.5614000091499
[6.51666700653732] 69.9286221106245
[6.53333367407322] 72.4333455373595
[6.55000034160912] 75.3061161755449
[6.56666700914502] 78.9911568988723
[6.58333367668092] 82.9847966804634
[6.60000034421682] 87.2282009807321
[6.61666701175272] 91.7268877626959
[6.63333367928863] 96.4991435693477
[6.65000034682453] 101.492629537202
[6.66666701436043] 106.699939300995
[6.68333368189633] 112.111773567682
[6.70000034943223] 116.824285379842
[6.71666701696813] 122.344197659931
[6.73333368450403] 127.17772395194
[6.75000035203993] 132.160514758163
[6.76666701957583] 137.528024658346
[6.78333368711174] 142.689779773275
[6.80000035464764] 145.961215742918
[6.81666702218354] 149.490554569174
[6.83333368971944] 151.232876023355
[6.85000035725534] 152.911541829129
[6.86666702479124] 152.987711180105
[6.88333369232714] 152.677262140186
[6.90000035986304] 151.768901191346
[6.91666702739894] 148.797229732865
[6.93333369493484] 150.20193148918
[6.95000036247075] 151.918982470418
[6.96666703000665] 155.135887124215
[6.98333369754255] 158.404183124604
[7.00000036507845] 161.099435550794
[7.01666703261435] 163.074444022956
[7.03333370015025] 163.843013003995
[7.05000036768615] 164.279549457944
[7.06666703522205] 164.795409818826
[7.08333370275795] 165.408415524464
[7.10000037029386] 166.164239106884
[7.11666703782976] 166.916928553243
[7.13333370536566] 167.785100582131
[7.15000037290156] 168.549461197967
