[0] 0
[0.0199999995529652] 0.0133661267931462
[0.0399999991059303] 0.0646920536788276
[0.0599999986588955] 0.15451242572877
[0.0799999982118607] 0.282827242942973
[0.116424698382616] 0.449636505321438
[0.140790099278092] 0.852330138219372
[0.156970299780369] 1.19297340454796
[0.173150500282645] 1.45074966231483
[0.191052200272679] 1.73372042349004
[0.206578399986029] 2.07615618614707
[0.224504800513387] 2.39812531358723
[0.240115000866354] 2.79872344850628
[0.261203900910914] 3.1727521035248
[0.269633800722659] 3.71529447297701
[0.278063700534403] 3.94413960362772
[0.29912990052253] 4.17982359284099
[0.31573719996959] 4.79869283838173
[0.331327499821782] 5.31667694035104
[0.346917799673975] 5.82709417376873
[0.362360899336636] 6.36090228023431
[0.380979598499835] 6.9127315585506
[0.398158597759902] 7.60854995660364
[0.413497298024595] 8.28015497735078
[0.429790197871625] 8.90381477848905
[0.446314898319542] 9.59107063070235
[0.464698598720133] 10.3141989544157
[0.481137699447572] 11.1495567549541
[0.496450199745595] 11.9240979907228
[0.513081300072372] 12.6689525792467
[0.52970250044018] 13.5035125293281
[0.546889799647033] 14.3641694283069
[0.563613899983466] 15.2820985716618
[0.581021900288761] 16.2025800757648
[0.598090999759734] 17.1892935215084
[0.614492299966514] 18.1851153465233
[0.631130100227892] 19.1683912812409
[0.646495300345123] 20.1922944464623
[0.663082401268184] 21.161542707947
[0.680402000434697] 22.2333710133171
[0.697278200648725] 23.380790237362
[0.714122501201928] 24.5266032872023
[0.730828401632607] 25.6975823906533
[0.747165000997484] 26.8859108583875
[0.764496500603855] 28.0739432041001
[0.778604600578547] 29.3624040642227
[0.792712700553238] 30.4325741216821
[0.812093800865114] 31.5218988926709
[0.828348401002586] 33.0495984394661
[0.844727001152933] 34.3587213551818
[0.860916000790894] 35.7035531701554
[0.878155400045216] 37.0581894037623
[0.894768199883401] 38.5284491619386
[0.91139919962734] 18.5995925255411
[0.928235800005496] 19.607973793036
[0.946054299362004] 20.6559322499971
[0.960820799693465] 21.7947209619524
[0.978691399097443] 22.7616075912447
[0.995649598538876] 23.9598108641559
[1.01170949824154] 25.1252584538234
[1.02810309827328] 26.2544852723368
[1.04550139792264] 27.4327786105033
[1.06201359815896] 28.7115718560609
[1.0779801979661] 29.9521817151258
[1.09405239857733] 31.1767507810146
[1.11067859828472] 32.4341945710917
[1.12881569750607] 33.761143195356
[1.14526549726725] 35.2390171120719
[1.16111009754241] 36.6067764050167
[1.1787775978446] 37.9488396328834
[1.19544129818678] 39.4737922265563
[1.21169959753752] 40.9396355568283
[1.22933879680932] 42.3955656233666
[1.24482299666852] 44.0039293599129
[1.26121359597892] 45.440480876227
[1.27758239675313] 46.9862564283289
[1.29433139692992] 48.5557806784386
[1.31106359604746] 50.1884516197624
[1.32774649653584] 51.8464394890198
[1.34421999659389] 53.526367308918
[1.36074269656092] 55.2114911520785
[1.37894879747182] 27.7115678456612
[1.3952795965597] 29.0571484570784
[1.41199659649283] 30.2912706237116
[1.42790759634227] 31.5811601439423
[1.44513089675456] 32.8338382365491
[1.46176099684089] 34.2172941154586
[1.47771259676665] 35.5801909184374
[1.49410909693688] 36.9124939476756
[1.51208489667624] 38.3074733804842
[1.52833739574999] 39.8665511394397
[1.54418359603733] 41.302929937287
[1.56132279615849] 42.7278701980072
[1.57728529628366] 44.2962891147927
[1.59412269573659] 45.7824539288272
[1.61259389575571] 47.3766425105282
[1.62907339539379] 49.1569122097644
[1.64577429462224] 50.7729322866949
[1.66160449478775] 52.4373233932606
[1.67822359409183] 54.0397256712099
[1.69431859347969] 55.7479324082688
[1.71060729306191] 57.4276067121609
[1.72902099322528] 59.1528721175582
[1.74559049401432] 61.1339620451513
[1.76102209370583] 62.9445347035089
[1.77723099384457] 5.46099661023618
[1.7954377932474] 5.99913922125123
[1.8109862934798] 6.63376389748191
[1.829011593014] 7.2009838360118
[1.84389969334006] 7.88767941101381
[1.86146119423211] 8.47843784845566
[1.87804519385099] 2.22081546851598
[1.89401439391077] 1.8911791990492
[1.91237679310143] 1.59877743094012
[1.9282936938107] 1.29288937991675
[1.94598199427128] 1.05399365871745
[1.96116419415921] 51.3716517244688
[1.97744949441403] 49.8730798373113
[1.99548799451441] 48.2902845059361
[2.01176679413766] 46.5668786986953
[2.02752869483083] 45.0384831668653
[2.04495049547404] 43.5829184366817
[2.06243129540235] 42.0018811329687
[2.07856919523329] 40.4448468232367
[2.09478299599141] 39.033533608294
[2.11237059626728] 37.6408206306955
[2.12841679621488] 36.1587135734753
[2.14527069684118] 34.8324642691459
[2.16189929749817] 33.4661417800253
[2.1784353973344] 32.1448703201099
[2.19429199676961] 30.8573411760226
[2.21152999717742] 29.6474328826308
[2.22842019703239] 28.3595723964282
[2.24486259650439] 27.1254319021118
[2.26084649655968] 25.9503847233832
[2.27870379667729] 24.8330409801856
[2.29518579598516] 23.6138188274282
[2.31125309597701] 52.6732127045257
[2.32778359670192] 51.0678438238756
[2.34512289706618] 49.442120462847
[2.36110849771649] 47.7651201868725
[2.37859159801155] 46.2446799513605
[2.39553709793836] 44.6099637431512
[2.41184619721025] 43.0535867430085
[2.42824149783701] 77.3224803953945
[2.44434779789299] 75.3352909728278
[2.4610859984532] 73.4083208554371
[2.47792139928788] 71.4322037190873
[2.49500640016049] 69.4718069646301
[2.51110100094229] 67.5102372243491
[2.52860600035638] 65.6880649164686
[2.54511020053178] 63.7345152322741
[2.5622705006972] 61.9196652188116
[2.57857300061733] 60.0604659458991
[2.5947144003585] 58.3204552468601
[2.61170739959925] 56.622836476834
[2.6287086000666] 54.8627465677459
[2.64455749932677] 53.1296202075901
[2.6612920993939] 51.5390115176142
[2.67882249969989] 49.8857484015066
[2.69449219945818] 48.1827694579424
[2.71151589881629] 46.6855783284159
[2.72823899891227] 45.0857972449448
[2.74524789955467] 43.5414190108718
[2.76117489952594] 41.9982537937194
[2.77830449957401] 40.5784872386794
[2.79421370010823] 39.078770357446
[2.81261490006] 37.7111954825978
[2.82800079975277] 36.1597759930305
[2.84415809903294] 34.887592397758
[2.86175479833037] 33.5761496379728
[2.87856549862772] 32.1764587201983
[2.89490679930896] 30.867118933184
[2.91168509889394] 29.6204072764841
[2.92843019869179] 28.3670963785994
[2.94424649793655] 27.1432765729132
[2.96172629762441] 26.0121182913285
[2.97858709748834] 24.7899952254012
[2.994255698286] 23.6390120876105
[3.01138339843601] 22.5939377800842
[3.02868269849569] 21.4785730575251
[3.04459399823099] 20.3806889242607
[3.06226159911603] 19.3963213691187
[3.07810279820114] 18.3318434957187
[3.09410389792174] 17.4029496987514
[3.11160489823669] 16.4891954241484
[3.12765039782971] 15.5180024573302
[3.14544759783894] 14.6534806784625
[3.16154919844121] 13.7235596806069
[3.17846359778196] 12.9085002206921
[3.19543539825827] 12.0791677650369
[3.21217509824783] 11.2746938458405
[3.22867249790579] 10.508375607526
[3.24449199717492] 9.77953418952711
[3.26123329717666] 9.10524059306954
[3.27867659647018] 8.41788625254412
[3.29450529720634] 7.73040262657787
[3.31196189764887] 7.13189540011001
[3.32875759806484] 6.49979443228747
[3.3444078983739] 5.91930605067208
[3.36218089889735] 5.40283869981249
[3.37871949840337] 4.84490479133467
[3.39501469861716] 4.35302694577129
[3.41138869803399] 3.89413287527762
[3.42885569762439] 3.45875881197753
[3.44478959683329] 3.02276566722438
[3.46160299610347] 2.65064884581605
[3.47836769651622] 2.28448584270271
[3.4951416971162] 1.94647020404609
[3.51216219644994] 1.63533729608509
[3.52853209618479] 1.34730964832318
[3.5444721961394] 1.09659285437419
[3.56198689620942] 0.877240711014515
[3.57765599619597] 0.664415336910345
[3.5951873967424] 0.499035764148489
[3.61093649733812] 0.342007700208235
[3.62808549683541] 0.22616413159642
[3.64544269721955] 0.127170245828012
[3.66152559686452] 0.0557939246307981
[3.67827249597758] 0.0155363353670808
[3.69532379601151] 7.1848022635379E-05
[3.71133679617196] 0.0120568592007868
[3.72890789527446] 0.0487885890497513
[3.74468759540468] 0.117489317781605
[3.7616444947198] 0.20450880414473
[3.77792849484831] 0.324730998341183
[3.79507349524647] 0.466228471148897
[3.81151169445366] 0.642785855032457
[3.82738979440182] 0.838628076053396
[3.8447897946462] 1.05248771837978
[3.86071379389614] 1.31470789011434
[3.87833749409765] 1.58021853895327
[3.8944147946313] 1.90251836346591
[3.91141659487039] 2.22260915090035
[3.92949919495732] 2.58816800265461
[3.94503889512271] 3.00749240406833
[3.96167209465057] 3.39298894867215
[3.97854959499091] 3.83136244256139
[3.99479989428073] 4.30338902224321
[4.01191619504243] 4.78377782878877
[4.02868679445237] 5.31724760759164
[4.04499759431928] 5.86728863549754
[4.06175329443067] 6.42821288145595
[4.07787939440459] 7.03109711491723
[4.09551459457725] 7.63684320372749
[4.11082099471241] 8.32792402216728
[4.12746439408511] 8.95200783694054
[4.14544669445604] 9.65619133933114
[4.1619013948366] 10.4469838998085
[4.1785504957661] 11.1978655262329
[4.19444869551808] 11.9841375658943
[4.21159339603037] 12.7598466623305
[4.22801639605314] 13.6236338872591
[4.24430889543146] 14.4775858575177
[4.26219549495727] 15.35040193645
[4.27917319443077] 16.3380320030815
[4.2947498941794] 17.303957451809
[4.31090709473938] 18.2145744043647
[4.32833379413933] 19.1838000965236
[4.34553979430348] 20.2573425012553
[4.36139629501849] 21.3459605815443
[4.37889639567584] 22.3744234535957
[4.3949390957132] 23.5375802416548
[4.41228479612619] 24.6297604413194
[4.42835979629308] 25.838516745644
[4.44543709699064] 26.9845742029834
[4.46189929638058] 28.2293307943514
[4.47791629564017] 29.4558223348868
[4.49496149551123] 30.6741773688701
[4.51211269479245] 31.9978599906136
[4.52862389478832] 33.3579969631119
[4.54448009561747] 34.6941236568496
[4.56092919502407] 36.0019388976089
[4.57749339472502] 37.3842269313336
[4.59513369482011] 38.8025002586965
[4.61102499533445] 40.3419513702393
[4.62875499483198] 41.7544023546379
[4.6451668953523] 43.3589657866851
[4.66139679495245] 44.8712093641007
[4.67802319582552] 46.3921669216511
[4.69529759604484] 47.9765714460923
[4.71221219655126] 20.9286006866791
[4.72880439739674] 22.0159011962188
[4.74495419766754] 23.1092277489007
[4.76146319787949] 24.1988481493358
[4.77836679760367] 25.3386476987554
[4.79477789718658] 26.5328671900356
[4.81212919671088] 27.7186006359126
[4.82781759742647] 29.0004510301701
[4.84477409813553] 30.1843935981033
[4.8624979974702] 31.4906713634365
[4.87822799663991] 32.8856450333665
[4.89482379611582] 34.149006968817
[4.91216609533876] 35.5077194142546
[4.92806089576334] 36.9558699120357
[4.94604609627277] 38.3085669118232
[4.96154409646988] 39.8684842226085
[4.9780701957643] 41.2376530503575
[4.99552149511874] 42.7231097001936
[5.01188499480486] 44.3202591548034
[5.02893869392574] 45.844483832836
[5.04474899359047] 47.4604138799009
[5.06181749328971] 48.9835288873946
[5.07859529368579] 50.6548631499827
[5.09546509385109] 52.3250502058186
[5.11164999380708] 54.0317150366905
[5.12874149344862] 55.694825812338
[5.14458299428225] 57.4784653413922
[5.16147209517658] 59.1567620441897
[5.17830989509821] 60.9726421161254
[5.19538959488273] 62.8103395138332
[5.21090049482882] 64.7023096784364
[5.22824499569833] 66.4448180316413
[5.24415089562535] 68.4207424488818
[5.26120629534125] 70.2582295014163
[5.27794789522886] 72.2555554965443
[5.29488099552691] 74.2433579644494
[5.31217279471457] 76.2813373153954
[5.32815889455378] 78.390967327352
[5.34542509540915] 80.3668995997014
[5.36146999523044] 82.5286728290162
[5.37839829549193] 84.5632528375613
[5.3947814963758] 86.7367098914128
[5.41156359575689] 7.83389813663644
[5.42871989496052] 8.49910702591217
[5.44453059509397] 9.20716667156842
[5.46124869585037] 9.88477289585762
[5.47755549661815] 10.6274355388224
[5.4946017973125] 11.3777395945731
[5.5120264980942] 12.1894272267956
[5.52882609888911] 13.0480329380971
[5.5447222981602] 13.9035028610834
[5.56203129887581] 28.1367528793312
[5.57868839800358] 26.8773937857451
[5.59469619765878] 25.6926873809472
[5.61148459836841] 24.5793249309941
[5.62865879759192] 23.4381620445266
[5.64450139738619] 22.2988417089056
[5.66177839785814] 21.2730273845973
[5.67889739759266] 20.1818687151818
[5.69432399794459] 19.129023299921
[5.71173299849033] 18.2044221462457
[5.7285708989948] 17.1885106919973
[5.74496109969914] 108.860473985319
[5.76091199927032] 106.500920016443
[5.77780859917402] 104.229432646434
[5.79459839873016] 101.849978092764
[5.81153799965978] 99.5127703974304
[5.82789149880409] 97.1822018490711
[5.84509499929845] 94.9584686688327
[5.86176699958742] 92.6469391301912
[5.87768729962409] 90.4339960507077
[5.89475530013442] 88.3457917862729
[5.91205530054867] 86.1341393045022
[5.92785480059683] 83.9210400111738
[5.94464530050755] 81.925056230361
[5.96158250048757] 79.8302070415234
[5.97788229957223] 77.7445429596428
[5.99494550004601] 75.7634415213415
[6.01222250051796] 73.716944576176
[6.02767650038004] 71.6733563920429
[6.04459420032799] 69.8697352373351
[6.06139820069075] 67.9216434987325
[6.07755960151553] 66.0139045431151
[6.09535390138626] 64.2047535802817
[6.11086220107973] 62.2418842045631
[6.12907860055566] 60.5560317967393
[6.1448370013386] 58.6053527755503
[6.16156470216811] 56.943653988696
[6.17840370163321] 55.2058893131875
[6.19504920206964] 53.4837588604496
[6.21269310265779] 51.8082425204993
[6.22796320263296] 50.0613305174379
[6.24478520173579] 48.5736385247806
[6.26157780084759] 46.9607255842352
[6.2774301012978] 45.3777892026778
[6.29435540083796] 43.9083951791417
[6.31147290114313] 42.3662312622987
[6.32822370063514] 40.8345953617613
[6.34539480041713] 39.3630687907903
[6.36188940051943] 37.8826510377185
[6.37789240013808] 36.4872795628689
[6.39488500077277] 35.1585206614441
[6.41172040160745] 33.7745685011923
[6.42766380216926] 32.4308227084402
[6.44516280200332] 31.1834194981703
[6.46197720151395] 29.8424679736137
[6.47830680105835] 28.5817384785697
[6.49489190150052] 27.3834023769633
[6.51175570208579] 26.1925853936292
[6.5287952022627] 25.0088988216304
[6.54416990187019] 23.8406762368122
[6.56106860097498] 22.8105716818947
[6.57888240087777] 21.7046029661816
[6.59441240131855] 20.5684993317255
[6.61135800182819] 19.6029634707976
[6.62860000133514] 18.5758975628601
[6.64515700191259] 17.5592303824725
[6.66154200211167] 16.6098825364271
[6.67826140299439] 15.6963672602661
[6.69563320279121] 14.7908425065111
[6.71211630292237] 13.8784800236364
[6.72774190269411] 13.0396426474728
[6.74533700197935] 12.2685871906498
[6.76081720180809] 11.4284704963666
[6.77768110111356] 10.7139714607712
[6.79485910199583] 9.96185254628574
[6.81105140224099] 9.22386304167969
[6.82838770188391] 8.55422096840311
[6.84533330239356] 7.86523644687907
[6.86167320236564] 7.21973255405146
[6.87796730175614] 6.62347177983793
[6.89541080221534] 6.05446912567825
[6.91233720257878] 5.47364636330556
[6.92789040226489] 4.93803425086642
[6.94564830232412] 4.47018262360714
[6.96158560272306] 3.96447545529657
[6.97755720186979] 3.53645523188061
[6.99512230139226] 3.13203670880515
[7.01093310210854] 2.71561375147169
[7.02861920278519] 2.36617276621303
[7.04479100275785] 2.00379169715279
[7.06132580246776] 1.69878446911869
[7.07805250305682] 1.41295303278741
[7.09415420237929] 1.15057499753814
[7.11157900188118] 0.923435757783302
[7.12842140253633] 12.4700487476844
[7.14497480262071] 11.6585681958099
[7.16236130241305] 10.8876131219513
[7.17820870224386] 10.1062503912731
[7.19540310185403] 9.41939836340498
[7.21081000193954] 8.70150464223127
[7.22872880101204] 8.0824102432889
[7.24551090039313] 7.39111425224795
[7.26157299987972] 6.77169334242083
[7.27842950075865] 6.20423169508695
[7.29490410163999] 5.63540441340774
[7.31107610091567] 5.10588711906178
[7.32874450087547] 4.611500406651
[7.34548350051045] 4.10013802710753
[7.36177680082619] 3.64338776300474
[7.37814100086689] 3.2246966249005
[7.39449240081012] 2.8298986513212
[7.41227290034294] 2.46114965557638
[7.42818910069764] 2.08937426771402
[7.44510370120406] 1.78238680769599
[7.4607682004571] 1.48286350858942
[7.47787010110915] 1.23003317943944
[7.49507390148938] 0.980966515309099
[7.51194750145078] 0.758814622844312
[7.52766460180283] 0.568594873067923
[7.54448870196939] 0.416060105349489
[7.56134130246937] 0.279125381895939
[7.57851310260594] 0.169267597232768
[7.59537530317903] 0.0854425088633732
[7.61128340288997] 0.0307431267683632
[7.62873270362616] 0.00422333415700316
[7.64443280361593] 0.00314201569914418
[7.6625711042434] 0.0272120811716374
[7.67812600452453] 0.0845536584417883
[7.69531720411032] 0.158946599535328
[7.71090090367943] 0.268253120397056
[7.72869050409645] 0.391915177406917
[7.74432420451194] 0.561649452473667
[7.76152280438691] 0.735956880363808
[7.77855590451509] 0.954882880789228
[7.79504350479692] 1.19975852083928
[7.81104090530425] 1.46338557374932
[7.82858360465616] 1.74418033062568
[7.84491680469364] 2.08041084125625
[7.86202590446919] 2.42008350444348
[7.87864680495113] 2.80342358175861
[7.8944597048685] 3.20280162916245
[7.91188470553607] 3.60744302213701
[7.92847960535437] 4.081205067837
[7.9447759045288] 4.55956346330015
[7.96207580436021] 5.05510623057535
[7.97807160485536] 5.60913331923484
[7.99555900413543] 6.14702377059442
[8.01114770397544] 6.76324737426012
[8.02889830432832] 7.33737479685513
[8.04466770403087] 8.01960046133945
[8.0611381046474] 8.65111533469292
[8.07832390442491] 9.33625445014741
[8.0944377053529] 10.0789849240329
[8.11143400520086] 10.8012040073646
[8.12891000509262] 11.5900556768203
[8.1443373048678] 12.4301601196607
[8.1618623053655] 13.1962049816785
[8.17785310465842] 14.0941987791321
[8.19483210425824] 14.9393681850706
[8.21087620500475] 15.8637028018024
[8.22797310445458] 16.7626350923097
[8.24415350425988] 17.7478205743869
[8.26102130394429] 18.7061005097171
[8.278440204449] 19.7319151777265
[8.29507020395249] 20.8199833876279
[8.31096220482141] 21.8860193993464
[8.32824170496315] 22.929616310331
[8.34470680449158] 24.0919079066681
[8.36150350514799] 25.2261532515008
[8.37747830431908] 26.410128134034
[8.3939570048824] 27.5613593016907
[8.41171870473772] 28.774634624428
[8.42886710446328] 30.1116399397062
[8.44459640514106] 31.4312833963236
[8.46157490555197] 32.6666057535299
[8.47807940561324] 34.0267576269803
[8.49426650535315] 35.3755268415739
[8.51167380530387] 36.7238204595633
[8.52783980499953] 38.2018918233484
[8.5443275058642] 39.6006764829003
[8.5614870050922] 41.0532011350024
[8.57778680417687] 42.5926960292145
[8.59406120423228] 44.0812982458756
[8.61152060423046] 45.5930917860428
[8.62826520483941] 47.2433091683361
[8.64421040471643] 48.8535227321863
[8.66138930525631] 50.4119454052166
[8.67864360567182] 52.118321179516
[8.69549980480224] 53.8607781864926
[8.71125790569931] 55.5906996818744
[8.72800510656089] 57.2326514037782
[8.74485110584646] 21.2318951481039
[8.76212560664862] 22.3224506527287
[8.77828690689057] 23.4691055387448
[8.79433740768582] 24.5678689164707
[8.81183890718967] 25.6839786981437
[8.82863990683109] 26.929240837319
[8.84440080728382] 28.1523938093419
[8.86142130661756] 29.3245195803484
[8.87822220753878] 30.6171691985292
[8.89561010804027] 31.9204825045931
[8.9114032080397] 33.2979350612732
[8.92876140866429] 34.5742639610835
[8.94476280827075] 36.0047712978048
[8.96190670784563] 37.3491471454149
[8.97839310858399] 38.8168509543921
[8.99457490909845] 40.2549475384603
[9.01180090848356] 41.6919132258158
[9.02833270933479] 43.2492945592826
[9.04448980931193] 44.770767049893
[9.06110810954124] 46.2831720683466
[9.07814801018685] 47.8649554458407
[9.09479650948197] 49.5144577538344
[9.11167580913752] 51.1530603655428
[9.12859000917524] 52.841609010306
[9.14423840958625] 54.5611526031394
[9.16134440992028] 56.1765367278754
[9.17813631054014] 57.969342467266
[9.19500850979239] 59.756617824185
[9.21189700905234] 61.5797703067528
[9.2276096092537] 63.432122881366
[9.24482350889593] 65.1801487739449
[9.26186270918697] 67.1224654471594
[9.27884001005441] 69.0731543695842
[9.29432180989534] 71.0445536838165
[9.31131501030177] 72.8664714384654
[9.32855201046914] 74.8928060784237
[9.34578711073846] 76.9766049593641
[9.36137661058456] 79.0887570878131
[9.37796391081065] 81.0238704551011
[9.39506081026047] 4.37879610018399
[9.4117706110701] 4.88920048054641
[9.42782561015338] 5.41523107214132
[9.44483441021293] 5.94595991444339
[9.46219771075994] 6.53527871442759
[9.47806491050869] 7.16559738696208
[9.49503650981933] 7.76697701271087
[9.51224871072918] 8.43703199448828
[9.5277534108609] 9.14489799470175
[9.54450811073184] 9.80694935070017
[9.56119251064956] 10.5483826883615
[9.57763751037419] 27.3117720074571
[9.5948664098978] 26.1324649420668
[9.61157470941544] 24.9248598114723
[9.6275435090065] 23.7810278906319
[9.64475440979004] 22.7129307173932
[9.66162881068885] 21.589231083136
[9.67819701135159] 20.515178057056
[9.69502591155469] 19.4872746321944
[9.7104938114062] 18.47024251831
[9.72822671104223] 17.5594988322773
[9.74487851094455] 16.5437221200573
[9.76171151082963] 15.6174250733825
[9.77775301132351] 14.7081695453089
[9.79461001139134] 95.013557374712
[9.81096601206809] 92.7476393428678
[9.82859571184963] 90.5751979107886
[9.84466931130737] 88.262423783945
[9.86138861160725] 86.1798451953696
[9.87804801110178] 84.0399887760618
[9.89498211164027] 81.9345660771232
[9.91143551189452] 79.8217961371524
[9.92757281195372] 77.7954365847222
[9.94467871170491] 75.8333068946667
[9.96096071135253] 73.780774325598
[9.97890541050583] 71.8532585901307
[9.99466221127659] 69.7584535482911
[10.011688712053] 67.9446095432108
[10.0286794127896] 66.0114609232955
[10.0445139119402] 64.1101961601016
[10.0621057124808] 62.3633179985063
[10.0774608124048] 60.4508623754559
[10.0945379119366] 58.8059087431247
[10.1120896115899] 57.0031361864021
[10.1278309114277] 55.1795073716221
[10.1449232120067] 53.569200019178
[10.1617437116802] 51.84769224616
[10.1776804123074] 50.1809992316721
[10.194516312331] 48.6270060457723
[10.2109891120344] 47.0118774370512
[10.228002011776] 45.4579837391811
[10.2451447118074] 43.8805520878832
[10.2612693123519] 42.3192612489515
[10.2780934125185] 40.8765090199272
[10.2948979120702] 39.397837283454
[10.3118717111647] 37.9480835775798
[10.3286596108228] 36.5113083628898
[10.3453062102199] 35.1175476706412
[10.3615345098078] 33.7622951747107
[10.3789144102484] 32.4667701022413
[10.3944500098005] 31.1074173355082
[10.4114134097472] 29.9169208444165
[10.4285510098562] 28.643539748462
[10.4451963091269] 27.3852021017775
[10.4619903089479] 26.1900695052323
[10.4776041088626] 25.0112831284355
[10.4945626081899] 23.9396831629024
[10.5118141090497] 22.8023756820044
[10.5278781084344] 21.6738160686514
[10.5457862084731] 20.6486906731807
[10.5621341085061] 19.5351602603914
[10.5776645084843] 18.545590048529
[10.594856007956] 17.6293257677212
[10.6117942081764] 16.6421277990612
[10.6288157077506] 15.6972916756359
[10.644505106844] 14.7756253359468
[10.6621121065691] 13.9507824160141
[10.6790822064504] 13.0533339722915
[10.695376005955] 12.2165836389769
[10.7110435059294] 11.4392606183246
[10.7282713064924] 10.7159117607007
[10.7446068068966] 9.94779298198694
[10.761189407669] 9.24584150321789
[10.7788975080475] 8.55953717133173
[10.795107007958] 7.85587015623162
[10.8122207084671] 7.23820810530924
[10.8275634087622] 6.61353275578688
[10.8444657083601] 6.07746216900935
[10.861764607951] 5.51312499525923
[10.8773469077423] 4.96401443355819
[10.8947919076309] 4.49404746577127
[10.9120968068019] 3.99562453153661
[10.9275906067342] 3.53014015148847
[10.945237306878] 3.13782455295143
[10.9621839076281] 2.7191365037402
[10.9777225079015] 2.34526757048673
[10.9952800078318] 2.02675024978137
[11.0117775080726] 1.69480920026228
[11.0287194075063] 17.2679579263014
[11.0448553068563] 16.305056261554
[11.0615167068318] 15.4136468598982
[11.0781748062] 14.5195012705927
[11.0952512053773] 13.6522404707704
[11.1109957052395] 12.7909203129367
[11.1277620056644] 12.0216444638068
[11.1443762062117] 11.2286733480942
[11.1611905070022] 10.4695813168211
[11.178142006509] 9.72839220083017
[11.1948814066127] 9.0086983733637
[11.2120458064601] 8.32514529797663
[11.2288886057213] 7.65224018704612
[11.2445396063849] 7.01950325850521
[11.2614637063816] 6.45600990834293
[11.2779576061293] 5.87320808945859
[11.2957109054551] 5.33174301355669
[11.3113699061796] 4.77819022467895
[11.3275528056547] 4.31511358463925
[11.3458794048056] 3.86133846425903
[11.361576504074] 3.3778850241016
[11.3788558049127] 2.98949619108865
[11.3944759052247] 2.5893777841284
[11.4122248049825] 2.25240685632571
[11.4279003050178] 1.89801031075837
[11.4450701046735] 1.61022507032727
[11.4613163042814] 1.32214219139044
[11.4787213038653] 1.0756783435684
[11.4944365043193] 0.839817583676023
[11.5109422039241] 0.651900768493483
[11.5284465048462] 0.480121982691799
[11.5454929042608] 0.326596222706144
[11.561730004847] 0.205426422798512
[11.5783858057112] 0.116013627910235
[11.5952313058078] 0.0506570209200246
[11.6122225057334] 0.0117112786197239
[11.6282655056566] 9.3016282934788E-05
[11.6444857064635] 0.0146241268214632
[11.6618181057274] 0.0544966606163815
[11.6776669062674] 0.125086113735422
[11.6949207056314] 0.214937770695116
[11.7117696050555] 0.340237209193333
[11.7279598042369] 0.490244521080996
[11.7443106044084] 0.660126169799497
[11.7617303039879] 0.857295193516194
[11.7782012037933] 1.0956602053476
[11.7945436034352] 1.34790205365665
[11.8106735032052] 1.62397931979388
[11.8280868027359] 0.610699586703049
[11.8453843034804] 0.436500128925532
[11.861336203292] 0.292349632627548
[11.8780131042004] 0.184934234225807
[11.8951145038009] 0.0988202377081411
[11.9111315030605] 0.0383099550167572
[11.928162002936] 0.00716120207661863
[11.9454083032906] 0.00112304653556095
[11.9608925031498] 0.0234532714572177
[11.9781984025612] 0.0678884575631589
[11.995615103282] 0.144856578988318
[12.0114729041234] 0.25141703204392
[12.0275846039876] 0.373829662883951
[12.0454920036718] 0.522986978047157
[12.0610472038388] 0.718081590407138
[12.0781130045652] 0.912596085898969
[12.094982104376] 1.15278785374944
[12.1121550034732] 1.41775639096921
[12.1277256030589] 1.71562675307203
[12.1446169037372] 2.01023693143728
[12.1612551044673] 2.35622041525747
[12.1780897043645] 2.72386284214474
[12.1946685034782] 3.12296006602449
[12.2126092035323] 3.54264775978947
[12.2279533036053] 4.02661132688991
[12.2446052040905] 4.46510478130051
[12.2613547034562] 4.96660876179024
[12.2781714033335] 5.49797222286725
[12.2954248040915] 6.05862885823001
[12.3118181042373] 6.66213017748422
[12.3276201039553] 7.26208716078429
[12.3444558046758] 7.86488373917362
[12.3612609039992] 8.53355181943516
[12.3783461041749] 9.22820747673541
[12.395344004035] 9.96230377416225
[12.4108979040757] 10.7205259210464
[12.428058504127] 11.4386972717313
[12.4442027034238] 12.2580690380893
[12.4611446028575] 13.0547836612697
[12.4776804028079] 13.9178365426092
[12.4954105028883] 14.7868384569342
[12.511574502103] 15.7478365789739
[12.5287348022684] 16.6503130100001
[12.5443058023229] 17.6359320687562
[12.5612561022863] 18.5547912480292
[12.5781314028427] 19.5815708090636
[12.5948396036401] 20.6312737992677
[12.6121985027567] 21.6975818943979
[12.6277422029525] 22.8338731082495
[12.6450164038688] 23.8759534616297
[12.6618263032287] 25.061325810948
[12.6776668038219] 26.2424069029003
[12.6945872046053] 27.3802653509847
[12.7122555039823] 28.6223654878559
[12.7276922035962] 29.948775369806
[12.7450326029211] 31.1322419100435
[12.7619650028646] 32.4890061399856
[12.7776656020433] 33.8417742916572
[12.7945946026593] 35.1207846669608
[12.8121551033109] 36.5264434765431
[12.827636603266] 38.0136806782325
[12.8440039027482] 39.3494550321066
[12.8610642030835] 40.7867425129048
[12.8783574029803] 42.3123215153173
[12.8944818023592] 43.8873154671096
[12.9114929027855] 45.3817867995099
[12.9280263036489] 46.9855630661186
[12.9447957035154] 48.5709878369385
[12.9612937029451] 50.2059191280296
[12.9780814033002] 51.8407974138286
[12.9950802028179] 53.5312714765387
[13.0110865030438] 55.2706434627403
[13.0279268026352] 56.933873906848
[13.0447330027819] 58.7103828600448
[13.0617726035416] 60.5105118548836
[13.0775861032307] 62.3633819029492
[13.0943792033941] 64.1079284157622
[13.1109646037221] 65.9868957430376
[13.1276973038912] 67.8692563224836
[13.1444878038019] 69.7951582503738
[13.1618673037738] 71.7548020088652
[13.1778822038323] 73.8117667874799
[13.1948597040027] 75.7329574345754
[13.2126883044839] 77.7965785817473
[13.2284441050142] 79.9935000442133
[13.2445983048528] 81.960473747924
[13.2620276045054] 84.0019862176091
[13.278327004984] 86.2328020676232
[13.2952892053872] 88.3454495142814
[13.3110500052571] 90.5711547088067
[13.3281629048288] 92.6640367805958
[13.3444737046957] 94.9635286447592
[13.3617255054414] 97.1814838871524
[13.3789947051555] 99.5552495079578
[13.3951210044324] 101.960095007762
[13.4110673051327] 104.231704584993
[13.4288163054734] 106.502562403243
[13.444534804672] 109.058920682277
[13.4616739042103] 111.348140289803
[13.478376403451] 113.871350876159
[13.4954716041684] 116.357485149194
[13.5109499040991] 118.929865955408
[13.5283565036952] 121.283209671059
[13.5452062040567] 123.95728570555
[13.5615736041218] 126.573576369439
[13.57865200378] 129.141142938759
[13.594540502876] 131.847733891935
[13.611391203478] 134.390952856076
[13.6291438043118] 137.114738093689
[13.644261604175] 140.01384425228
[13.6613118033856] 43.7581509637021
[13.6784582026303] 45.3368784740455
[13.695161903277] 46.9527312903956
[13.7110925037414] 48.5540702570511
[13.7279643043876] 50.1063148465637
[13.744877204299] 58.0863616339211
[13.7620067037642] 56.311831207368
[13.7779627032578] 54.5426343768195
[13.7947861030698] 52.9200406439559
[13.8115986026824] 51.2357799846086
[13.8274168018252] 147.423479195342
[13.8445517010987] 144.770972328844
[13.8619988001883] 141.924845473841
[13.8787818010896] 139.055885043899
[13.8948413003236] 136.323782004831
[13.9121305011213] 133.734832130402
[13.9279781002551] 130.975375117532
[13.9450643006712] 128.471288730669
[13.9621096998453] 125.79854934477
[13.9776556994766] 123.160191329809
[13.9948055986315] 120.778302070947
[14.0112995989621] 118.177644555454
[14.0279427990317] 115.703152218987
[14.045103598386] 113.232810275193
[14.0620963983238] 110.713559216074
[14.0772689981386] 108.246895108752
[14.0949111981317] 106.067939562909
[14.1121854977682] 103.562172167469
[14.1281264973804] 101.137675729643
[14.1454968964681] 98.9257887686476
[14.1614220971242] 96.5434167999774
[14.1788123967126] 94.3847687699531
[14.1945654964074] 92.0554028761585
[14.2110115969554] 89.9704552842177
[14.2277920963243] 87.8192763970587
[14.2453402960673] 85.6511835740021
[14.2612644964829] 83.4128876778432
[14.2784805959091] 81.4073791672713
[14.2952428953722] 79.2666234970789
[14.3109346954152] 77.2097017112396
[14.3278155950829] 75.3086501166949
[14.3455970948562] 73.2899943103298
[14.3614984946325] 71.1933009377976
[14.3784440951422] 69.3440737970418
[14.3945181956515] 67.400198137404
[14.4108188962564] 65.5818261793797
[14.427354096435] 63.763213026727
[14.4442697959021] 61.9445653162661
[14.4615190951154] 60.1112954935747
[14.4784932946786] 58.2702343149067
[14.4952442953363] 56.4864793946635
[14.5108884954825] 54.7533636237786
[14.5287440950051] 53.1591458324369
[14.5443474948406] 51.3683651095675
[14.5611770953983] 49.8285811649566
[14.5782164949924] 48.1940604918709
[14.5955536942929] 46.5669339197921
[14.6111735943705] 44.9400416770441
[14.627290694043] 43.4990676195962
[14.6444817949086] 42.0368427254216
[14.661756394431] 40.5047294089968
[14.6777302939445] 38.9938224004804
[14.694238293916] 37.6222382750389
[14.7115365937352] 36.2305958713337
[14.7284098938107] 34.8004728515098
[14.7441869936883] 33.433224531489
[14.7615102939308] 32.1795878103312
[14.7777233943343] 30.8306868631945
[14.7948447950184] 29.594395488803
[14.8127248957753] 28.3163046435407
[14.8276992961764] 27.0116944045226
[14.8445413969457] 25.942769356746
[14.8613792974502] 24.7663032560196
[14.8778500966728] 23.6174203194169
[14.8943752963096] 22.5199827068719
[14.9118552971631] 21.4451581559871
[14.9277370963246] 20.3368343306106
[14.9446459971368] 19.3553403207353
[14.9617169965059] 18.3370496222243
[14.9776511956006] 17.3369085201671
[14.9955183956772] 16.4286765918888
[15.0114623960108] 15.4393251658785
[15.0285046957433] 14.5824055900931
[15.0450345948339] 13.6935084189246
[15.0610214956105] 12.8580384689922
[15.0779272951186] 12.0750267870771
[15.0958318952471] 11.273767758692
[15.1114063952118] 10.4551612496216
[15.1274548955262] 9.76817715340997
[15.1448897961527] 9.0847043460094
[15.1617582961917] 8.37027897626115
[15.1780821960419] 7.7069060147974
[15.1953676957637] 7.09102166649427
[15.2123820949346] 6.46681162216512
[15.2277624951676] 5.88047219576811
[15.2449407959357] 5.37441739652422
[15.2618921967223] 4.83612011477135
[15.2778849964961] 4.33277139208076
[15.2955530965701] 3.88323848691573
[15.3112263968214] 3.41523255924585
[15.3283514967188] 3.02521126673855
[15.3457480976358] 2.62608952459414
[15.3610994974151] 2.24953805938529
[15.3788807978854] 1.94144568056635
[15.3946210974827] 1.61293518468963
[15.4114943975583] 1.34752119273032
[15.4281822973862] 1.08948183694202
[15.4449013965204] 0.861227053388831
[15.4620423959568] 0.659421215249978
[15.4787660958245] 0.480450349097781
[15.4947067955509] 0.333087877839633
[15.5109262960032] 0.217679656396912
[15.5280356956646] 0.125352422096769
[15.544891894795] 0.0553982644243138
[15.5622735945508] 0.014028427709782
[15.5783174941316] 4.5380971921451E-06
[15.5941950948909] 0.0128646159107899
[15.6112581947818] 0.0499793998825599
[15.6278108945116] 0.116911085297211
[15.6447082953528] 0.208615125943766
[15.6615867959335] 0.32942611171962
[15.6777321966365] 2.49218478501473
[15.695249796845] 2.15111901579374
[15.7111596977338] 1.809441131104
[15.727691498585] 1.52471186763208
[15.7445643981919] 1.25465941379588
[15.7613263977692] 1.0061559384167
[15.7777464976534] 0.786414158603186
[15.7946449974552] 0.597371857712005
[15.8119915975258] 0.429913937697622
[15.8275705976412] 0.286599382178821
[15.8453102977946] 0.182570456890296
[15.8609938984737] 0.0925542824801977
[15.8785853991285] 0.038194699104908
[15.8945800988004] 0.00538864141960815
[15.9123676987365] 0.0014095030125062
[15.9284733990207] 0.0258987588392827
[15.9454693989828] 0.0743388997372603
[15.9612731998786] 0.152527771356318
[15.978418298997] 0.250174552000317
[15.9951168997213] 0.383291319633663
[16.0124112991616] 0.540134900815275
[16.0277995988727] 0.730862684892209
[16.0447876993567] 0.924769540274617
[16.0617996994406] 1.1653009195162
[16.0794800985605] 1.43400268966116
[16.0944469990209] 1.74277614333232
[16.1109698982909] 2.0276724643328
[16.12801699806] 2.36722315853015
[16.1455056974664] 2.74508299276275
[16.1610541976988] 3.16179373218918
[16.1787111982703] 3.55699214608478
[16.1947210989892] 4.03399426450531
[16.211908698082] 4.49243577572315
[16.2291107978672] 5.0120561870763
[16.2445763982832] 5.56058070066641
[16.2622496988624] 6.07804320599871
[16.2776743993163] 6.69755511240692
[16.2952877990901] 7.26281135486377
[16.3112329989672] 7.93627509974169
[16.3279369994998] 8.57170259086263
[16.3447443991899] 9.26360935189052
[16.3617525994778] 9.98690262418052
[16.3774961996824] 10.746511790132
[16.394361699] 11.4744527636617
[16.4114592988044] 12.2807309433284
[16.4280389994383] 13.1260465159613
[16.4455166999251] 13.9726234480008
[16.4614994004369] 14.8936962477819
[16.4783878996968] 15.7617149966164
[16.4956061001867] 16.7056399377226
[16.5115494001657] 17.6962501051621
[16.5281291007996] 18.6389507733152
[16.5448260009289] 19.6452278898188
[16.561809701845] 20.6853529017536
[16.5778857022524] 21.7708705171394
[16.5951684024185] 22.8239460774631
[16.6118699032813] 23.9838075021509
[16.6289406027645] 25.1319753285356
[16.644635302946] 3.56419557720255
[16.6619608029723] 3.98712005597372
[16.6776957027614] 4.48151749685692
[16.6951131019741] 4.9555569610682
[16.712127301842] 5.50806885268256
[16.7279612012208] 6.07597936216283
[16.7452270016074] 6.62952055611825
[16.7622637022287] 7.26061889315235
[16.7780881021172] 7.91146306296469
[16.7940229028463] 8.54101553198416
[16.811328202486] 9.19931298507618
[16.8283532019705] 9.9419065750327
[16.8454957026988] 10.7005950177073
[16.8607313027605] 11.4927046335662
[16.87873450201] 12.220437641372
[16.8949036011472] 13.1091599365437
[16.9119641007856] 13.9339295418678
[16.9278497016057] 14.8314477979438
[16.9452489009127] 15.6923386232667
[16.9609779017046] 16.6631244955938
[16.9780030017719] 17.5657952750498
[16.9946186011657] 18.5696783215103
[17.0115501014516] 19.5763132325446
[17.0286203017458] 20.6294176582588
[17.0447753025219] 21.7190759249844
[17.0612957021222] 22.7761422874802
[17.0784137016162] 23.8830911298573
[17.0949061019346] 25.0577913883212
[17.1109074028209] 26.2162316737532
[17.1285038022324] 27.3651967226489
[17.1455234019086] 28.6571440461877
[17.1608231021091] 29.935089202922
[17.1782036023214] 31.1076881366607
[17.1942985029891] 32.4670928661731
[17.2120410026982] 33.7518732198532
[17.2286672024056] 35.1970610550056
[17.2449028016999] 36.5788170606834
[17.2618273021653] 37.9537832570209
[17.2777068028226] 39.4140926697442
[17.2945377035066] 40.809304125607
[17.3116811038926] 42.3146025280657
[17.3285537036136] 43.8758707409306
[17.3443447044119] 45.4400990331492
[17.3612369047478] 46.9288726016548
[17.3778694039211] 48.5480276359085
[17.394631604664] 50.1691243259488
[17.410946005024] 51.8297957647592
[17.4279572041705] 53.472071386172
[17.4453151049092] 55.2117617310982
[17.4616208048537] 57.0156209035504
[17.4785488052294] 58.7365413730736
[17.495090004988] 60.5502070596417
[17.5112314047292] 62.3490787750275
[17.5286198044196] 64.129851624486
[17.5449953051284] 66.0762485748292
[17.5620282059535] 67.9358717619039
[17.5777242062613] 69.8975272332773
[17.5950280064717] 71.7299328346967
[17.6123447073624] 73.7775190465841
[17.6279384074733] 75.8554826702748
[17.645181006752] 77.7513809334964
[17.6612032065168] 79.8750043774562
[17.6783413058147] 81.8739639889832
[17.6953954054043] 84.0394942178359
[17.7114540049806] 86.2224698802679
[17.7277741050348] 88.3035959161425
[17.745844504796] 90.4440388495573
[17.7613012045622] 92.8439497496988
[17.7781814038754] 9.79880162121844
[17.7952698040754] 10.5455860253652
[17.8111715037376] 11.329513800611
[17.8278116043657] 12.0842447710203
[17.8449345044792] 12.9000774144343
[17.861223904416] 13.7673996933013
[17.8778075035661] 14.6186911583492
[17.8947655037045] 15.5115877736698
[17.9120382033288] 16.4520135395037
[17.9276988040656] 17.438340517147
[17.9445519037545] 18.3574278985343
[17.9619990028441] 19.3728690631706
[17.9786022026092] 20.4528947165891
[17.9946015030146] 21.5078856006231
[18.0119665022939] 22.5496033452696
[18.0286897029728] 17.9481755931448
[18.0444904025644] 16.9787241776071
[18.0620661024004] 16.0874766331245
[18.0780778024346] 15.1243364883713
[18.0950591024011] 14.2727795988468
[18.1109109017998] 13.396616561733
[18.1276745013893] 12.6037739853946
[18.1451069004834] 11.7916343647822
[18.1614558007568] 10.9757784015347
[18.1784927006811] 10.2372066301341
[18.1952803004533] 9.49492369347365
[18.2125944010913] 8.79082576655958
[18.2277275007218] 8.09305583232174
[18.2448286004364] 7.50680920853495
[18.2620288003236] 96.4049846571015
[18.2783548999578] 94.0762524407546
[18.2946627996862] 91.8921963093821
[18.3118229992688] 89.7361802367964
[18.3277194984257] 87.4951223253902
[18.3449515979737] 85.4443831042317
[18.3622389975935] 83.2488096859747
[18.3773673977703] 81.0749153918077
[18.3950911983848] 79.1961058871607
[18.4121662992984] 77.022997264085
[18.4275853997096] 74.9580068605724
[18.4450836004689] 73.1174001843901
[18.4619915997609] 71.0563199538228
[18.4787679994479] 69.0927492201013
[18.4951995993033] 67.1716565065508
[18.5110801989213] 65.3163057520942
[18.52856799867] 63.5478628557466
[18.544801899232] 61.6285175066082
[18.5615992983803] 59.8731303997629
[18.5782798985019] 58.0835143772533
[18.5947874980047] 56.3332083686878
[18.612132598646] 54.6274215867129
[18.627518998459] 52.8633467033505
[18.6446205992252] 51.3227113740872
[18.661004498601] 49.6370726492501
[18.6788667980582] 48.0485768668605
[18.6946507971734] 46.3461736764298
[18.711327297613] 44.8673969312968
[18.7276003975421] 43.3310577668749
[18.744600597769] 41.8576776026935
[18.7612007986754] 40.3456863656829
[18.7781579978764] 38.8961131943233
[18.795080197975] 37.4427408369233
[18.8122195973992] 36.0199548618693
[18.8277072971687] 34.6070002006531
[18.8448242964223] 33.3545228926887
[18.8609078964218] 31.9971428555265
[18.8795461962] 30.7474051344439
[18.8943881960586] 29.3303005788813
[18.912043296732] 28.2257480023186
[18.927705896087] 26.9394496380629
[18.9453111952171] 25.8234262279212
[18.9623056957498] 24.5971611107889
[18.9780820952728] 23.4417337918813
[18.994280195795] 22.3940002368768
[19.011574995704] 21.3431815488321
[19.028708695434] 20.2490908417572
[19.0450582960621] 19.193574820156
[19.0611816952005] 18.2127066138492
[19.0785967959091] 17.2706005412492
[19.0947418967262] 16.2811245107264
[19.1120353965089] 15.3898787324142
[19.1285327961668] 14.4630641604472
[19.1449362961575] 13.6057386045873
[19.1620742967352] 48.1804851973739
[19.1776174968109] 46.5442500089562
[19.1944620972499] 45.0847195909887
[19.2109537972137] 43.5292364261404
[19.228838997893] 42.0328029086249
[19.2454576985911] 40.4395033900478
[19.2609041985124] 38.9866219601827
[19.2782792989165] 37.660053151671
[19.2954413983971] 36.1952908692588
[19.3108603982255] 34.7770138662895
[19.3287114975974] 33.5269564392952
[19.3446359978989] 32.108299178472
[19.3621775982901] 30.8686325635285
[19.3788573974743] 29.5313307327347
[19.3943400979042] 28.2871920946183
[19.4122993983328] 27.1563054820945
[19.4280687980354] 25.873423804806
[19.4452008977532] 24.7725658574619
[19.4609413985163] 23.6037007274909
[19.4789504986256] 22.5546791890393
[19.4952344987541] 21.383713514868
[19.5109990984201] 20.3517839479729
[19.5283573977649] 19.3770810602347
[19.5450257975608] 18.3315085733416
[19.5608986970037] 17.3547821590951
[19.5781184975058] 16.4495245699527
[19.5954926982522] 15.4948706761224
[19.6117807980627] 14.5605792101578
[19.6287304982543] 13.7110742708046
[19.6448508985341] 12.8541722338615
[19.6607310976833] 12.0648472656204
[19.6784872971475] 11.3117367682127
[19.6949148979038] 10.4983966390791
[19.7110753972083] 9.7729346258534
[19.7282599974424] 9.0846088165755
[19.7452559974045] 8.38023588683075
[19.7609236966819] 7.71154667110852
[19.7785204965621] 7.11974366201619
[19.7943137958646] 6.48324017010853
[19.8119565956295] 5.93734660600649
[19.8277267962694] 5.35591023592045
[19.8446915969253] 4.86154195597237
[19.8608192969114] 4.3564472258895
[19.8776536975056] 3.90195684554055
[19.8953802976757] 3.45425165618519
[19.9112038984895] 3.01229790106507
[19.9285757988691] 2.64333422669895
[19.9454875979573] 2.2660168598243
[19.9615476988256] 1.92659148207213
[19.9776059985161] 1.62973998565352
[19.9953231979162] 1.35773944508583
[20.0122892986983] 1.08643425993716
[20.0276108989492] 0.854945227909305
[20.0443243989721] 0.669698128459004
[20.0615341989323] 0.493385462000846
[20.0731532992795] 0.339929238939705
[20.0847723996267] 0.252442013769086
[20.0963914999738] 0.177947002413392
[20.1099035004154] 0.116444204872623
[20.1261569997296] 0.0612613367319188
[20.1431985991076] 0.0181614266292929
[20.1591102993116] 0.00027395457448165
[20.1781305996701] 0.0088028313323153
[20.1942562991753] 0.0509684219361546
[20.2045204993337] 0.113988136676888
[20.2147846994922] 0.167134727046808
[20.2250488996506] 0.230420155067357
[20.2472523991019] 0.303844420738535
[20.2617452992126] 0.497363832580966
[20.2792249983177] 0.649270766487035
[20.2963914992288] 0.859375645801521
[20.3132977997884] 1.09433428217062
[20.3293757000938] 1.35344980535095
[20.3474159995094] 1.62538639741979
[20.3627979997545] 1.96013135235808
[20.3788520991802] 2.27028795052877
[20.3958677984774] 2.61828074037851
[20.4133748989552] 3.01419366088567
[20.4304432980716] 3.45062236771813
[20.4468521978706] 3.90451150349034
[20.4638086985797] 4.36729601688342
[20.4795170985162] 4.8727474874072
[20.4969432987273] 5.36568505596551
[20.5127683989704] 5.94031206821981
[20.5297636985779] 6.48746306600768
[20.5466755982488] 7.10191331792441
[20.5635713990778] 7.74094053598358
[20.5791320987046] 8.40684526079815
[20.5961142983288] 9.04443148583641
[20.6133716981858] 9.76685572175893
[20.62931419909] 10.5294199569635
[20.6468455996364] 11.2593492568526
[20.6624527992681] 12.0902654288931
[20.6801944999024] 12.854868548484
[20.6966703990474] 13.752511002604
[20.7128688981757] 14.6132384884918
[20.7300267973915] 15.4849418664327
[20.7462380966172] 16.4358139980727
[20.7628523958847] 17.3602550634682
[20.7792911967263] 18.3339195052578
[20.795932197012] 19.3234427764793
[20.8125873962417] 1.83734177157748
[20.8294798964635] 2.16389466788226
[20.8469278970733] 2.52236896292845
[20.8631577966735] 2.92146271235151
[20.8800926962867] 3.31899475600724
[20.8962590964511] 3.76082004498687
[20.9137373967096] 4.20834531058065
[20.9294931972399] 4.72048265224001
[20.9457586975768] 5.20734462007593
[20.9631776968017] 5.73501834399011
[20.9793459968641] 6.3283463206881
[20.996664297767] 6.90520365732493
[21.0132188973948] 7.55099614359577
[21.0299388980493] 8.19529220102595
[21.046313197352] 8.87279747383263
[21.0623256964609] 9.56236795620509
[21.0798301966861] 10.2616563062439
[21.0965147959068] 11.0543331590275
[21.1128358962014] 11.8373291853642
[21.1296689966694] 12.6291877811168
[21.1467172959819] 13.472740422571
[21.1626293966547] 14.3548729650433
[21.1798499962315] 15.2034517728363
[21.1968696964905] 16.1492639241579
[21.2125089960173] 17.1120835119659
[21.2296056961641] 18.0213896361461
[21.2467711968347] 19.0423625601499
[21.2625181963667] 20.0957452795701
[21.2806167965755] 21.0870179348585
[21.2962482972071] 22.2557999940345
[21.3122336966917] 23.2906301318508
[21.3292731968686] 24.3732089571541
[21.3464395971969] 25.5542516921487
[21.3637803969905] 26.7723421951588
[21.3787850970402] 28.0316008979757
[21.395950996317] 29.1445718776259
[21.4125554962084] 30.4444200676812
[21.4294585967436] 31.7287381747093
[21.4467763965949] 33.0634088777078
[21.4625728959218] 34.4593380396254
[21.4793220954016] 35.7578095441972
[21.4960019951686] 37.1608229993744
[21.5137686943635] 38.5848605528299
[21.5291801942512] 40.1311366168102
[21.5465389946476] 41.4970373071269
[21.5633948938921] 43.0628969421418
[21.5791976945475] 44.6111438061344
[21.5972233945504] 46.0874929803613
[21.6124146943912] 47.8008549202514
[21.6295148944482] 49.2690864461547
[21.64626559522] 50.9483827630193
[21.6632684944198] 52.6206427512193
[21.680440695025] 54.3456932732242
[21.6959456950426] 56.1161538615779
[21.7130836956203] 57.7391117178927
[21.7301453948021] 59.5599205891558
[21.7457678951323] 61.4006988757337
[21.7633794955909] 63.110765756956
[21.7802883964032] 65.0667278710357
[21.7970828972757] 66.9727377069762
[21.8127285968512] 68.8930860172259
[21.8297962974757] 70.7065001162773
[21.8459014967084] 72.7115922535272
[21.8629461973906] 74.6293272128405
[21.8792807981372] 76.686119322389
[21.8969575986266] 78.6834528323056
[21.9130160994828] 80.8738400126531
[21.9297317992896] 82.8897623088433
[21.9466023985296] 85.0145567888108
[21.9635050985962] 87.1863011379724
[21.9794359989464] 89.3896438696725
[21.9958466980606] 91.4914828305741
[22.0130687989295] 93.6821563902795
[22.0298432987183] 96.0090222687013
[22.046973599121] 98.3028440020648
[22.0631693992764] 100.673267081038
[22.0803439989686] 102.940359193108
[22.0963368993253] 105.372035025737
[22.112993599847] 107.661917371883
[22.1297567002475] 110.073023104291
[22.1472378000617] 112.526480325451
[22.1624344997108] 18.0091850551075
[22.1802797988057] 18.9150044349418
[22.1966091990471] 20.0070670887964
[22.2131233997643] 21.0332169668446
[22.2303046006709] 22.0970786826093
[22.2458238005638] 23.2317653392012
[22.2632392011583] 24.2811069231543
[22.2790938019753] 25.486261772116
[22.2967853024602] 26.6087913394604
[22.3125793021172] 27.8899309164426
[22.3296694029123] 29.0591114226355
[22.3464269023389] 30.3512810900658
[22.3635132014751] 31.6455942923658
[22.37992240116] 32.9931305287687
[22.3956570010632] 20.6379057441445
[22.413690501824] 19.6581361462733
[22.4291516020894] 18.5645206286391
[22.4468905013055] 17.6518228392571
[22.4637502022088] 16.6330012552503
[22.4791674017906] 15.6927419979734
[22.4966174010187] 14.8568758140128
[22.5136690009385] 13.9383954553351
[22.5288127008826] 13.0691923393352
[22.5470137000084] 12.320705925773
[22.5636979993433] 11.4503136831637
[22.579268399626] 10.6804578658853
[22.5962731000036] 9.98616528284867
[22.6134907994419] 120.179802944779
[22.6294660996646] 117.57543881032
[22.6464561000466] 115.18451714802
[22.6633375007659] 112.668677567094
[22.6804606001824] 110.196431266639
[22.6962772998959] 107.71680937447
[22.7135693989694] 105.451434430324
[22.7296499982476] 103.002287871321
[22.7462215982378] 100.750551438296
[22.7635671980679] 98.4561073176319
[22.7795597985387] 96.0828032373684
[22.796403799206] 93.9202818915437
[22.812516098842] 91.6692472202139
[22.8292468991131] 89.5415395482432
[22.846604898572] 87.3585994216846
[22.8634708989412] 85.122294389339
[22.879687698558] 82.9771509240386
[22.8968994989991] 80.9403924920498
[22.9127752985805] 78.806353553693
[22.9299826994538] 76.8632393626945
[22.9457352999598] 74.7845432734907
[22.9633259996772] 72.9065643364088
[22.9790957998484] 70.8376835574909
[22.9967998992652] 69.008269077171
[23.012843599543] 66.9829807428
[23.0297788996249] 65.173691983437
[23.0468325987458] 63.2907346464417
[23.0627850983292] 61.4225030437779
[23.0791967976838] 59.7002381455354
[23.096131997183] 57.953961017427
[23.1127993967384] 56.179154895146
[23.129988996312] 54.4593561837173
[23.1469060964882] 52.7136855615031
[23.1635671965778] 51.0234510129926
[23.1792556960136] 49.3857103892442
[23.1961374953389] 47.8679973702237
[23.2133066952229] 46.2613004168675
[23.2294857949018] 44.6553849033098
[23.2469242941588] 43.1680339059426
[23.2631829939783] 41.5931134731404
[23.2795421946794] 40.1511061790229
[23.2962987944484] 38.7258681422391
[23.3125087935477] 37.2927078167781
[23.3295180927962] 35.9320058901794
[23.3469618931413] 34.5313979323332
[23.3621920933947] 33.123934295149
[23.3795054936782] 31.91901949875
[23.3967446936294] 30.5764064304021
[23.4124233936891] 29.268211154049
[23.4295402942225] 28.103267577972
[23.4465677933767] 26.8584764480948
[23.4624512931332] 25.648161487362
[23.479414193891] 24.5443167639479
[23.4961130945012] 23.3922661498964
[23.5136667946354] 22.2851923186754
[23.5293310945854] 21.1503827478765
[23.5466395942494] 20.1627542967053
[23.5626995945349] 19.0989219288814
[23.5797599954531] 18.137614011539
[23.5971839958802] 17.1436117402919
[23.6130342958495] 50.8557288239358
[23.6289538955316] 49.2996499543078
[23.6462336955592] 47.7611121669947
[23.6630761949345] 46.1187202887977
[23.67997939419] 44.5455433929278
[23.6961935935542] 42.994147342426
[23.7134258942679] 41.5318229637414
[23.7289737947285] 40.0054093282456
[23.7459258940071] 38.6527244079848
[23.7630230933428] 37.2043857146496
[23.7790999934077] 35.7716583675938
[23.7960634939373] 34.4500914356904
[23.813673093915] 33.0826133593218
[23.8295085933059] 31.6923514395886
[23.8464732933789] 30.4676349817037
[23.8632883932441] 29.1823618398648
[23.8807507939637] 27.9357551905782
[23.8961617937312] 26.6699618886879
[23.9130373941734] 25.5772466120543
[23.9303105948493] 24.4068988992041
[23.9472480947152] 23.2373594776077
[23.9629859952256] 22.1184334580216
[23.9804185954854] 21.1034984492245
[23.9962452957407] 20.0070972519653
[24.0126115949824] 19.0370248824148
[24.0294412942603] 18.05923176853
[24.0470539936796] 17.0806372545485
[24.0636237943545] 16.0857023581876
[24.0804807944223] 15.1769327297462
[24.0961664943025] 14.2795265670703
[24.1137717934325] 13.4690377542397
[24.1295355940238] 12.5875642187258
[24.145967294462] 11.8236026492888
[24.1633475953713] 11.0527301289914
[24.1802374953404] 10.2656314578563
[24.1962655959651] 9.52859309113592
[24.2133767968044] 8.85454977884922
[24.2293060971424] 8.16224279981827
[24.2465950967744] 7.54308013532776
[24.2634692965075] 6.8987018045483
[24.2793462956324] 6.2975220521331
[24.2962700957432] 5.756890715742
[24.3137915963307] 5.20732538460334
[24.3304132958874] 4.6673918864609
[24.3462215950713] 4.18249452617783
[24.362471495755] 3.7459942823217
[24.3799501964822] 3.32236733314414
[24.3969011968002] 2.89507288510347
[24.4132384965196] 2.50876156936104
[24.4298635972664] 2.16260478948425
[24.4465693971142] 1.83671911328083
[24.4623132972047] 1.53604461967547
[24.4795089969411] 1.27726540864035
[24.4964850964025] 1.02187825096696
[24.5134442960843] 0.797666120784271
[24.5305090965703] 0.601369771871767
[24.5471543958411] 0.431789118063108
[24.5626489957795] 0.293377020380838
[24.5802145963535] 0.188495964319957
[24.5965626956895] 0.0975397881695454
[24.6138197956607] 0.039565769512599
[24.6302599953488] 0.00627324713993183
[24.646815395914] 0.00121363009506759
[24.6638152962551] 0.0224033048857307
[24.6792483963072] 0.0716102072999565
[24.6961513962597] 0.140367040538088
[24.7135740965605] 0.241972741244645
[24.7296479959041] 0.375479216746612
[24.7469682954252] 0.524557859911745
[24.7624045955017] 0.713027683018488
[24.7802302958444] 0.905327391664066
[24.7964663961902] 1.15592342712728
[24.8124296953902] 1.41078337769301
[24.8300299951807] 1.6860943168735
[24.8457892956212] 2.01806265972689
[24.8628030950204] 2.34060356025819
[24.8800765955821] 2.71565042346313
[24.8969397963956] 3.1249207263252
[24.9138484960422] 3.55216848755401
[24.9292739965022] 4.00804619839849
[24.9463241957128] 4.44793565714807
[24.9632320962846] 4.96080045049555
[24.9802936967462] 5.49701247734095
[24.9960323963314] 6.06598677404489
[25.0139266960323] 6.6156850862626
[25.0296321958303] 7.26962981695127
[25.0468574967235] 7.86897676977449
[25.0636626966298] 8.55361745198752
[25.0797662958503] 9.24907746441068
[25.0957586951554] 9.94100292766279
[25.1132857948542] 10.6528505970147
[25.1290947943926] 11.4612784831116
[25.1462501939386] 12.2158199822208
[25.1635317932814] 13.0618334642804
[25.179052493535] 13.9427059668861
[25.1964727928862] 14.7583201121016
[25.2133007934317] 15.7013717183308
[25.2296666940674] 16.6400921263557
[25.2460700934753] 17.5791747224376
[25.2634664932266] 18.5462725086428
[25.2801819937304] 19.6002077679082
[25.2968031940982] 20.6403290438685
[25.3127888934687] 21.7012446474128
[25.3299239939079] 22.7466787226787
[25.3470882931724] 23.8945874562778
[25.3634845940396] 25.0727814834904
[25.3791524944827] 26.2247365863022
[25.3963532941416] 27.3496914099825
[25.4125962937251] 28.6119111490775
[25.4302437929437] 29.8299846967752
[25.4460777929053] 31.1821617634643
[25.4636458931491] 32.4208924776144
[25.4795035934076] 33.8235272356997
[25.4963900940493] 35.1151100311477
[25.5137772941962] 36.5170947080628
[25.5296462951228] 37.9893203535726
[25.5466783950105] 39.3583895889042
[25.5632958943024] 40.8547650269288
[25.57940869499] 42.3416196580406
[25.5962541950867] 43.8086977063285
[25.6129780942574] 45.369204050121
[25.6301915934309] 46.9454584605232
[25.6459863940254] 48.5959654498147
[25.6626465944573] 50.1355325475033
[25.6798477945849] 51.7854708551768
[25.6967831952497] 53.5170135034791
[25.7128932951018] 55.2496192632116
[25.7296427944675] 56.9234027212628
[25.7464071949944] 58.6900987796112
[25.7636243952438] 60.4854087091667
[25.7794436952099] 62.3573537279754
[25.7956172944978] 64.1024643965357
[25.8127762945369] 65.911552341875
[25.8301513949409] 67.8583902374198
[25.8461982952431] 69.8586199863207
[25.86301999446] 71.7317490409641
[25.8798505952582] 73.721923947764
[25.896316495724] 75.7404106204631
[25.9131190953776] 77.7415343464095
[25.9299230957404] 79.8104698314496
[25.9467929964885] 81.9067583476426
[25.9623976964504] 84.0386040166964
[25.9795110970736] 86.0349450513791
[25.9961012974381] 88.2512485185221
[26.0127932969481] 90.4266983768543
[26.0293971970677] 92.6422268432798
[26.0465931966901] 94.8726667540946
[26.0638048965484] 36.1475226210478
[26.0795248970389] 37.5974248321331
[26.0962609965354] 38.9465727031752
[26.1137021966279] 40.4090619921994
[26.129478296265] 41.9618492306035
[26.1462879963219] 43.3916090526186
[26.1636596955359] 44.9413978852117
[26.1793251950294] 46.5715818127869
[26.1960945948958] 48.0665562693616
[26.2138562947512] 49.6930461024822
[26.2291491944343] 51.4452897791216
[26.2461516950279] 52.9783061750463
[26.2630269955844] 54.7091222687613
[26.2803093958646] 56.4544931806613
[26.2969088964164] 58.2703784490168
[26.3124430961907] 60.0415697798821
[26.329705895856] 61.723113467322
[26.3471352960914] 63.6190141114639
[26.3636690955609] 38.2836032275391
[26.379470994696] 39.7160170394313
[26.3974361941218] 41.1096148614597
[26.4127331944183] 42.7231890396506
[26.4299579942599] 44.1215938323735
[26.4457606943324] 45.723183665541
[26.4627785934135] 47.2176622348456
[26.4796348931268] 48.8539375110577
[26.495947192423] 50.5021528570473
[26.5136080915108] 52.1232091006823
[26.5298417909071] 53.9071508169404
[26.54705419112] 55.5734050700125
[26.5634963912889] 57.3678216800768
[26.5790333915502] 59.1085671010096
[26.5958798918873] 60.7773901354012
[26.61368429102] 62.6131144243118
[26.6292393906042] 64.5829105263128
[26.6460460899398] 0.0532332470193069
[26.6636423906311] 0.120621900512738
[26.6779644908383] 0.220305566867978
[26.6972580915317] 0.323437412131653
[26.7132835919037] 0.493576311301808
[26.728935492225] 0.662130799154312
[26.745925991796] 0.850613329731004
[26.7631759913638] 1.08190219843212
[26.7802566913888] 1.34514447529626
[26.7964101908728] 1.63401922845696
[26.8124947911128] 1.93304504171022
[26.8296708902344] 2.25574639044592
[26.8469511894509] 2.62783555937202
[26.8624318893999] 3.03083209149963
[26.8796184901148] 3.41626388536227
[26.8969611898065] 57.795439637528
[26.9125115899369] 55.9807718820593
[26.9294258905575] 54.3782500464658
[26.9469953896478] 52.6616043477411
[26.9622558895499] 50.907611954246
[26.9797981902957] 49.4082326343123
[26.9956390894949] 47.7123582894023
[27.0137601885945] 46.2064055391825
[27.0293520884588] 44.5132966834426
[27.0457935882732] 43.0817859321764
[27.0627979887649] 41.5976192255225
[27.0803376892582] 40.0900083136662
[27.0970202898607] 38.5640867136244
[27.1124853901565] 37.1402060203563
[27.1294489894062] 35.8441644211125
[27.1457535885274] 34.4490069410172
[27.1633327882737] 33.1341501664433
[27.1804448887706] 31.74516878953
[27.1963186878711] 30.4216603314926
[27.2129657883197] 29.2191191752273
[27.2298046890646] 27.9840463619313
[27.2467911895365] 26.7618755602826
[27.2637233901769] 25.5566414001834
[27.2804653905332] 110.664562834079
[27.2958854902536] 108.234645428147
[27.3128676898777] 106.020454432337
[27.329872790724] 103.608430934184
[27.3470958899707] 101.220959155473
[27.36274969019] 98.831253565033
[27.3791569899768] 96.6840568283083
[27.3959725908935] 94.4588144357226
[27.4133402910084] 92.2050778241287
[27.4298339914531] 89.9059144784696
[27.4457823913544] 87.7493212651757
[27.4636657908559] 85.6889206063902
[27.479223690927] 83.4076527128896
[27.4966196902096] 81.4480644745054
[27.5124334897846] 79.2845520247938
[27.5291286893189] 77.3430817945377
[27.5458556897938] 75.3195119004199
[27.5631232894957] 73.3189895757896
[27.5803193897009] 71.2820568880488
[27.5963129904121] 69.2820811170459
[27.6127272900194] 67.4474970782144
[27.6292178891599] 65.5902583249776
[27.6460297890007] 63.7504947455891
[27.663345489651] 61.9018264114857
[27.679981989786] 60.0261979355873
[27.6956692896783] 58.25131311326
[27.712911689654] 65.1570125143594
[27.7268280899152] 63.2404119118878
[27.7407444901764] 61.7143827314449
[27.7603654898703] 60.206991106334
[27.7759607899934] 58.1133472235347
[27.793643290177] 56.4756845550114
[27.8091278905049] 54.6471605733245
[27.8261407902464] 53.0706328642573
[27.8431367902085] 51.3651075979596
[27.8603900903836] 49.6890910925067
[27.876063589938] 48.0161326996317
[27.8935841908678] 46.5211944647422
[27.9101286912337] 44.8780667302531
[27.9257518909872] 43.3535930387957
[27.9429713916034] 41.9381938557563
[27.9599716924131] 40.4053926486199
[27.975789392367] 38.9200977865407
[27.9928026925772] 37.5631047969291
[28.0097301919013] 36.1304151656877
[28.0265895910561] 34.7325995038414
[28.0427959915251] 33.3678125790339
[28.0599740911275] 32.0816713072581
[28.0771433915943] 30.7460141337328
[28.0939450915903] 29.4394172333751
[28.1093259919435] 28.1882605633838
[28.1266761925071] 27.0667229452521
[28.1433434933424] 25.8289128673368
[28.1595330927521] 24.6671068887109
[28.1771506927907] 23.5641927659718
[28.1928455922753] 22.3926567714017
[28.2098534926772] 21.3741349769736
[28.2263269927353] 20.2971676965244
[28.242806693539] 19.2805815301112
[28.2592343930155] 18.2897423529084
[28.2769983932376] 17.3280425246212
[28.292576293461] 16.3173392643221
[28.3103808937594] 15.4560096300075
[28.3266839934513] 19.758752018317
[28.3424746943638] 18.7661518184451
[28.3600709950551] 17.8291351415173
[28.376308995299] 16.8132425230219
[28.3926817951724] 15.9022068081332
[28.4105017958209] 15.009297764886
[28.4263698952273] 14.0667841247346
[28.4426733953878] 13.2532313503463
[28.4596707960591] 12.4425928806563
[28.4759238967672] 11.6246879043985
[28.492755596526] 10.8686034142148
[28.5097179962322] 10.1123975416023
[28.5263667954132] 9.37790217399197
[28.5431293947622] 8.68391294617697
[28.5594095950946] 8.01212960950863
[28.5771947959438] 7.38556397902724
[28.593477695249] 6.73022908499209
[28.609177694656] 6.15694230060197
[28.6267911950126] 5.62833972552997
[28.6438209945336] 5.06354576530111
[28.6599101936445] 4.54585683789458
[28.6763129932806] 4.08240127289093
[28.6934794941917] 3.63555693762021
[28.7102855937555] 3.1956370040248
[28.726394594647] 2.79242573907939
[28.7435339940712] 2.43145289918186
[28.7594234934077] 2.0748111383956
[28.7763531925157] 1.76943062345521
[28.7932911934331] 1.47079390460547
[28.8111193934456] 1.19961375203741
[28.8260123934597] 0.944005747543891
[28.8441444933414] 0.753929255463419
[28.8605421930552] 0.551326681657834
[28.876474192366] 0.395348630393189
[28.8926171921194] 0.268584895537005
[28.9092739913613] 0.165057226099748
[28.9259924907237] 1.11982322599988
[28.9434810914099] 0.887826548390258
[28.9634429905564] 0.673929375413714
[28.9731410909444] 0.465754326067442
[28.9828391913325] 0.378457471455256
[28.9925372917205] 0.300211926477845
[29.0143670924008] 0.231017691135207
[29.0296729924157] 0.108383055717669
[29.0475677931681] 0.0497482258946906
[29.0627437932417] 0.00978356801621072
[29.0798776941374] 4.04458675191677E-05
[29.0968360947445] 0.0156782314140931
[29.1127239940688] 0.0589753312741053
[29.1296264948323] 0.124650127481374
[29.1464304951951] 0.221187870796946
[29.1630779961124] 0.344417286028403
[29.180249796249] 0.493295172292648
[29.1970601966605] 0.674805862945504
[29.2129212962463] 0.879984169396522
[29.23134789709] 1.09851093745067
[29.2472264962271] 1.38278507411772
[29.2634425954893] 1.65396116514057
[29.2808772949502] 1.95594405389279
[29.298141294159] 2.30885083502653
[29.3137028943747] 2.6871270236359
[29.3304944951087] 3.05268120857139
[29.3458959953859] 3.47326932280748
[29.3627362949774] 3.88289697513073
[29.3795821955428] 4.356918050519
[29.3972161961719] 4.85840220008004
[29.4133405955508] 5.41260445746414
[29.4303230950609] 5.94555540953297
[29.4473828943446] 6.53392205968385
[29.4635075936094] 7.15291195779426
[29.4807129940018] 7.76372041486877
[29.4962621936575] 8.44306015748782
[29.5139426933601] 9.08151352824643
[29.5300212940201] 5.21450807032124
[29.5470256945118] 5.73632408557796
[29.5633175941184] 6.31525513496425
[29.5796871939674] 6.89603108627227
[29.5970375938341] 7.50530347332142
[29.6135536944494] 8.1792326172091
[29.6297732936218] 8.84767036499579
[29.6464205933735] 9.52965682381102
[29.6638047927991] 10.2559541724405
[29.6796716926619] 11.0428678874051
[29.6966435918584] 11.7864872464493
[29.7130133910105] 12.6087110246049
[29.7294945912436] 13.4280281555704
[29.7464218912646] 14.2789736022241
[29.7639384912327] 15.1801616109992
[29.7795006912202] 16.1417555225853
[29.7969865910709] 17.0208304914381
[29.8143120910972] 18.0363762392972
[29.829534990713] 2.90822149454755
[29.8467919901013] 2.55921265630516
[29.8630424905568] 2.19053894385479
[29.8814120907336] 1.86956896397899
[29.8967213910073] 1.53734472663203
[29.9136131908745] 1.28527737817712
[29.9294842910022] 1.03332736716624
[29.9472117908299] 0.821622100193053
[29.963966390118] 0.613814345265496
[29.9804483894259] 0.445210726699729
[29.9967005886137] 0.305709662377041
[30.0139449890703] 0.193752495718513
