[0] 2508.80009088516
[0.0166666675359011] 2507.73188650913
[0.0333333350718021] 2505.59814136949
[0.0500000026077032] 2502.40390231082
[0.0666666701436043] 2498.1461786104
[0.0833333376795053] 2492.81540930155
[0.100000005215406] 2486.39948195729
[0.116666672751307] 2478.88424087951
[0.133333340287209] 2470.25384107908
[0.15000000782311] 2460.49436634938
[0.166666675359011] 2449.59927448446
[0.183333342894912] 2437.5756964888
[0.200000010430813] 2424.44899742942
[0.216666677966714] 2410.26276708988
[0.233333345502615] 2395.07208850767
[0.250000013038516] 2378.93064048253
[0.266666680574417] 2361.87616686969
[0.283333348110318] 2343.92139225972
[0.300000015646219] 2325.05325560576
[0.31666668318212] 2305.23878126925
[0.333333350718021] 2289.88205857972
[0.350000018253922] 2273.48972455048
[0.366666685789824] 2256.022051636
[0.383333353325725] 2237.45110549308
[0.400000020861626] 2221.52347340556
[0.416666688397527] 2204.48527294588
[0.433333355933428] 2186.35815209823
[0.450000023469329] 2168.66153176632
[0.46666669100523] 2150.98166882761
[0.483333358541131] 2136.28151082762
[0.500000026077032] 2124.74315831624
[0.516666693612933] 2113.47367995464
[0.533333361148834] 2103.76278168815
[0.550000028684735] 2097.17628647639
[0.566666696220636] 2091.62115017046
[0.583333363756537] 2085.77077024388
[0.600000031292439] 2079.1080688472
[0.61666669882834] 2071.59950257186
[0.633333366364241] 2063.40249762917
[0.650000033900142] 2054.69471433882
[0.666666701436043] 2045.62385643475
[0.683333368971944] 2036.34945064368
[0.700000036507845] 2027.0276214532
[0.716666704043746] 2017.7868367594
[0.733333371579647] 2008.66199163733
[0.750000039115548] 1999.61884815316
[0.766666706651449] 1990.59017696313
[0.78333337418735] 1981.51551260504
[0.800000041723251] 1972.35910017107
[0.816666709259152] 1963.11023643706
[0.833333376795053] 1953.77848295382
[0.850000044330955] 1944.38334016804
[0.866666711866856] 1934.94697155472
[0.883333379402757] 1925.48854928201
[0.900000046938658] 1916.02294956685
[0.916666714474559] 1906.56158008878
[0.93333338201046] 1897.1128116587
[0.950000049546361] 1887.68398410598
[0.966666717082262] 1878.28307921391
[0.983333384618163] 1868.91974819657
[1.00000005215406] 1859.60562186945
[1.01666671968997] 1850.35425837024
[1.03333338722587] 1841.18014430414
[1.05000005476177] 1832.09834689714
[1.06666672229767] 1823.12408670818
[1.08333338983357] 1814.27263891194
[1.10000005736947] 1805.55901465835
[1.11666672490537] 1796.99828438609
[1.13333339244127] 1788.60573027936
[1.15000005997717] 1780.39745463456
[1.16666672751307] 1772.39121457577
[1.18333339504898] 1764.60664080966
[1.20000006258488] 1757.06690618015
[1.21666673012078] 1749.79957352657
[1.23333339765668] 1742.83773940145
[1.25000006519258] 1736.22050545985
[1.26666673272848] 1729.99297174189
[1.28333340026438] 1724.20546562707
[1.30000006780028] 1718.91176784499
[1.31666673533618] 1714.16578880117
[1.33333340287209] 1710.9022216357
[1.35000007040799] 1709.19369768524
[1.36666673794389] 1709.65055686553
[1.38333340547979] 1711.64717795284
[1.40000007301569] 1713.80041185667
[1.41666674055159] 1715.77375992254
[1.43333340808749] 1717.74038704007
[1.45000007562339] 1719.44143856467
[1.46666674315929] 1720.66812700336
[1.4833334106952] 1721.34518077206
[1.5000000782311] 1721.53981782409
[1.516666745767] 1721.33150814577
[1.5333334133029] 1720.82866193075
[1.5500000808388] 1720.14017302861
[1.5666667483747] 1719.37681033189
[1.5833334159106] 1718.63800806927
[1.6000000834465] 1717.92609456512
[1.6166667509824] 1717.3191189204
[1.6333334185183] 1716.78559297222
[1.65000008605421] 1716.21268177604
[1.66666675359011] 1715.53379794206
[1.68333342112601] 1714.70159488336
[1.70000008866191] 1713.78253469482
[1.71666675619781] 1712.98757781642
[1.73333342373371] 1712.42453279251
[1.75000009126961] 1712.10679245325
[1.76666675880551] 1712.07615915807
[1.78333342634141] 1712.27998041581
[1.80000009387732] 1712.61272109869
[1.81666676141322] 1712.93832143109
[1.83333342894912] 1713.08471613971
[1.85000009648502] 1712.96578993414
[1.86666676402092] 1712.53597927066
[1.88333343155682] 1711.80477677325
[1.90000009909272] 1710.76655994163
[1.91666676662862] 1709.37765108133
[1.93333343416452] 1707.62239183134
[1.95000010170043] 1705.49140668482
[1.96666676923633] 1702.97493110737
[1.98333343677223] 1700.07598678034
[2.00000010430813] 1696.78527793004
[2.01666677184403] 1693.43552421084
[2.03333343937993] 1689.71983629139
[2.05000010691583] 1685.64224814259
[2.06666677445173] 1682.42852732923
[2.08333344198763] 1678.96969167203
[2.10000010952353] 1675.17915390714
[2.11666677705944] 1671.24182364414
[2.13333344459534] 1667.05299579762
[2.15000011213124] 1663.66018735385
[2.16666677966714] 1659.96138533522
[2.18333344720304] 1655.93157164528
[2.20000011473894] 1651.61296191228
[2.21666678227484] 1647.30364503235
[2.23333344981074] 1642.82449277833
[2.25000011734664] 1638.09693588548
[2.26666678488255] 1633.1273489157
[2.28333345241845] 1627.87740038346
[2.30000011995435] 1622.36638921215
[2.31666678749025] 1618.01755361153
[2.33333345502615] 1613.45232228288
[2.35000012256205] 1608.56719548383
[2.36666679009795] 1603.3557057765
[2.38333345763385] 1597.81787448147
[2.40000012516975] 1591.97544129066
[2.41666679270566] 1586.06904839874
[2.43333346024156] 1579.89789126426
[2.45000012777746] 1574.15007443477
[2.46666679531336] 1569.9507253192
[2.48333346284926] 1566.12332572861
[2.50000013038516] 1562.18267704847
[2.51666679792106] 1558.21438608794
[2.53333346545696] 1554.02633366806
[2.55000013299286] 1549.60861477224
[2.56666680052876] 1545.74282061054
[2.58333346806467] 1541.84031591165
[2.60000013560057] 1537.83848008223
[2.61666680313647] 1533.74097967824
[2.63333347067237] 1529.56482793985
[2.65000013820827] 1525.35310792175
[2.66666680574417] 1521.38474628202
[2.68333347328007] 1517.45898666959
[2.70000014081597] 1513.41283031557
[2.71666680835187] 1509.83303657214
[2.73333347588778] 1507.33616892048
[2.75000014342368] 1504.84108372788
[2.76666681095958] 1502.31890679318
[2.78333347849548] 1499.7543670306
[2.80000014603138] 1497.53089582858
[2.81666681356728] 1496.25330026582
[2.83333348110318] 1495.20333725391
[2.85000014863908] 1496.05726102045
[2.86666681617498] 1496.87567053888
[2.88333348371089] 1497.53387545291
[2.90000015124679] 1498.70187183452
[2.91666681878269] 1500.17535126526
[2.93333348631859] 1502.10298771158
[2.95000015385449] 1503.82163806223
[2.96666682139039] 1505.25087582531
[2.98333348892629] 1508.29879319106
[3.00000015646219] 1511.53885689757
[3.01666682399809] 1514.47619404333
[3.03333349153399] 1517.09973544952
[3.0500001590699] 1519.40992914044
[3.0666668266058] 1521.67163865998
[3.0833334941417] 1525.17188268395
[3.1000001616776] 1528.51101262007
[3.1166668292135] 1531.54243924591
[3.1333334967494] 1534.24634142985
[3.1500001642853] 1536.62103017293
[3.1666668318212] 1538.70455249155
[3.1833334993571] 1540.54299150911
[3.20000016689301] 1542.24531876387
[3.21666683442891] 1543.64196027794
[3.23333350196481] 1544.69720144814
[3.25000016950071] 1545.43082748237
[3.26666683703661] 1545.85665294942
[3.28333350457251] 1545.9981503496
[3.30000017210841] 1545.85430622511
[3.31666683964431] 1545.40337825546
[3.33333350718021] 1544.63933154774
[3.35000017471611] 1543.55909681435
[3.36666684225202] 1542.1611068465
[3.38333350978792] 1540.74547190669
[3.40000017732382] 1539.02968961241
[3.41666684485972] 1537.01169157513
[3.43333351239562] 1534.70760783726
[3.45000017993152] 1532.60943302178
[3.46666684746742] 1530.33231397869
[3.48333351500332] 1527.76417833935
[3.50000018253922] 1525.18837254767
[3.51666685007513] 1522.3036759185
[3.53333351761103] 1519.10012356238
[3.55000018514693] 1516.37651473542
[3.56666685268283] 1513.37271169797
[3.58333352021873] 1510.51943080013
[3.60000018775463] 1507.37105610983
[3.61666685529053] 1503.92358607513
[3.63333352282643] 1500.20576142449
[3.65000019036233] 1496.19836150733
[3.66666685789824] 1491.90314045263
[3.68333352543414] 1488.13867279427
[3.70000019297004] 1484.13609600162
[3.71666686050594] 1480.21077068651
[3.73333352804184] 1476.06344933986
[3.75000019557774] 1471.8106620843
[3.76666686311364] 1467.44154915002
[3.78333353064954] 1462.87813357559
[3.80000019818544] 1458.28068363507
[3.81666686572134] 1453.546276118
[3.83333353325725] 1448.61119870042
[3.85000020079315] 1445.01752993121
[3.86666686832905] 1441.32015084238
[3.88333353586495] 1437.52227412433
[3.90000020340085] 1433.62357529533
[3.91666687093675] 1429.67315857601
[3.93333353847265] 1425.87726467207
[3.95000020600855] 1422.62768030354
[3.96666687354445] 1419.73446566384
[3.98333354108036] 1416.91917483017
[4.00000020861626] 1415.99085333135
[4.01666687615216] 1415.2060435896
[4.03333354368806] 1414.41636749805
[4.05000021122396] 1413.5800037132
[4.06666687875986] 1412.68361810949
[4.08333354629576] 1411.97031058976
[4.10000021383166] 1411.37865276088
[4.11666688136756] 1410.82076060034
[4.13333354890347] 1410.18542128019
[4.15000021643937] 1409.41029079053
[4.16666688397527] 1408.46102722321
[4.18333355151117] 1407.30711848908
[4.20000021904707] 1405.92126548149
[4.21666688658297] 1404.28856657405
[4.23333355411887] 1402.39601650388
[4.25000022165477] 1400.23037139285
[4.26666688919067] 1397.78438195106
[4.28333355672657] 1396.77453492818
[4.30000022426248] 1395.65664512662
[4.31666689179838] 1394.29142868989
[4.33333355933428] 1392.64820938958
[4.35000022687018] 1391.64076633533
[4.36666689440608] 1390.38828378942
[4.38333356194198] 1389.65662976297
[4.40000022947788] 1388.64772347426
[4.41666689701378] 1387.45599524062
[4.43333356454968] 1387.7185041745
[4.45000023208559] 1387.78266101798
[4.46666689962149] 1388.74961015399
[4.48333356715739] 1389.44772602899
[4.50000023469329] 1389.83926770836
[4.51666690222919] 1389.95323498024
[4.53333356976509] 1389.77996085916
[4.55000023730099] 1389.30528234546
[4.56666690483689] 1388.51685073335
[4.58333357237279] 1387.42420158008
[4.6000002399087] 1386.08196288932
[4.6166669074446] 1385.26518570968
[4.6333335749805] 1384.22940380533
[4.6500002425164] 1382.88446032131
[4.6666669100523] 1382.44662056036
[4.6833335775882] 1381.77764846043
[4.7000002451241] 1380.94082847353
[4.71666691266] 1379.88568631261
[4.7333335801959] 1378.56050934447
[4.7500002477318] 1377.66552067697
[4.76666691526771] 1376.67541476051
[4.78333358280361] 1375.54600600349
[4.80000025033951] 1374.75746486785
[4.81666691787541] 1374.09957830224
[4.83333358541131] 1373.30251185449
[4.85000025294721] 1372.33852715555
[4.86666692048311] 1371.23411867916
[4.88333358801901] 1370.04180456761
[4.90000025555491] 1368.93329640619
[4.91666692309082] 1367.67309113664
[4.93333359062672] 1366.24935174717
[4.95000025816262] 1364.66352745321
[4.96666692569852] 1363.040657334
[4.98333359323442] 1361.3487727834
[5.00000026077032] 1359.69424013983
[5.01666692830622] 1357.94363753856
[5.03333359584212] 1356.4265122482
[5.05000026337802] 1354.85738751903
[5.06666693091393] 1353.23769913158
[5.08333359844983] 1352.15595297338
[5.10000026598573] 1351.17546147109
[5.11666693352163] 1350.31142590749
[5.13333360105753] 1349.57191364029
[5.15000026859343] 1348.96677127355
[5.16666693612933] 1348.42068925504
[5.18333360366523] 1348.41260846245
[5.20000027120113] 1348.551762351
[5.21666693873703] 1348.92821197905
[5.23333360627294] 1349.53304621958
[5.25000027380884] 1350.18731500372
[5.26666694134474] 1350.97636870951
[5.28333360888064] 1352.51154727557
[5.30000027641654] 1354.06216048257
[5.31666694395244] 1355.52566830639
[5.33333361148834] 1356.86129089932
[5.35000027902424] 1358.05078134806
[5.36666694656014] 1359.08116067538
[5.38333361409605] 1359.9306748783
[5.40000028163195] 1360.5921532318
[5.41666694916785] 1361.06496692475
[5.43333361670375] 1362.04444701369
[5.45000028423965] 1362.90847469159
[5.46666695177555] 1363.60213047611
[5.48333361931145] 1364.1432310721
[5.50000028684735] 1365.89099248679
[5.51666695438325] 1367.54277535943
[5.53333362191916] 1369.01285021452
[5.55000028945506] 1370.37348885947
[5.56666695699096] 1371.56165860038
[5.58333362452686] 1372.54663618675
[5.60000029206276] 1373.31413887317
[5.61666695959866] 1373.90596230163
[5.63333362713456] 1374.46759753857
[5.65000029467046] 1374.85091998761
[5.66666696220636] 1375.0954258806
[5.68333362974226] 1375.15721205061
[5.70000029727817] 1375.59954169246
[5.71666696481407] 1375.89363312551
[5.73333363234997] 1375.97832285756
[5.75000029988587] 1375.85184770571
[5.76666696742177] 1375.51724249413
[5.78333363495767] 1375.36049270018
[5.80000030249357] 1375.02246597331
[5.81666697002947] 1375.03935683921
[5.83333363756537] 1374.88302498707
[5.85000030510128] 1374.51716526281
[5.86666697263718] 1373.94497020454
[5.88333364017308] 1373.16929297339
[5.90000030770898] 1372.33861740294
[5.91666697524488] 1371.37026753392
[5.93333364278078] 1370.23668111111
[5.95000031031668] 1368.96724957882
[5.96666697785258] 1367.60999594131
[5.98333364538848] 1366.13317268397
[6.00000031292439] 1364.52300904742
[6.01666698046029] 1362.8781991733
[6.03333364799619] 1361.50410986976
[6.05000031553209] 1360.06477316038
[6.06666698306799] 1358.53737719083
[6.08333365060389] 1356.91769113989
[6.10000031813979] 1355.2153828692
[6.11666698567569] 1353.45300897025
[6.13333365321159] 1351.64626956903
[6.15000032074749] 1349.80978299106
[6.1666669882834] 1347.96138959829
[6.1833336558193] 1346.12127209603
[6.2000003233552] 1344.31197597736
[6.2166669908911] 1342.70513718333
[6.233333658427] 1341.40075625231
[6.2500003259629] 1340.25019543366
[6.2666669934988] 1339.22531623233
[6.2833336610347] 1338.33266903201
[6.3000003285706] 1337.58029490476
[6.31666699610651] 1337.05731154621
[6.33333366364241] 1336.75519481251
[6.35000033117831] 1337.46460796732
[6.36666699871421] 1338.32071723954
[6.38333366625011] 1339.22920796867
[6.40000033378601] 1340.42104630998
[6.41666700132191] 1341.62493632922
[6.43333366885781] 1342.76786175101
[6.45000033639371] 1343.83784800197
[6.46666700392962] 1344.8458442231
[6.48333367146552] 1345.78190567726
[6.50000033900142] 1346.64162017224
[6.51666700653732] 1347.42850881676
[6.53333367407322] 1348.14768592188
[6.55000034160912] 1348.80411655461
[6.56666700914502] 1349.39990415098
[6.58333367668092] 1349.93415032594
[6.60000034421682] 1350.40209562466
[6.61666701175272] 1350.79574424482
[6.63333367928863] 1351.12719371822
[6.65000034682453] 1351.88727976278
[6.66666701436043] 1352.56831493109
[6.68333368189633] 1353.50633349784
[6.70000034943223] 1354.31376174837
[6.71666701696813] 1355.01196202951
[6.73333368450403] 1355.58769893294
[6.75000035203993] 1356.03651236817
[6.76666701957583] 1356.73201924649
[6.78333368711174] 1357.30421751746
[6.80000035464764] 1357.73153279667
[6.81666702218354] 1358.01144808723
[6.83333368971944] 1358.13985640253
[6.85000035725534] 1358.11366362963
[6.86666702479124] 1357.93124940432
[6.88333369232714] 1357.61177713286
[6.90000035986304] 1357.15128936478
[6.91666702739894] 1356.54095587445
[6.93333369493484] 1355.80815404134
[6.95000036247075] 1354.96883574955
[6.96666703000665] 1354.00849833043
[6.98333369754255] 1352.9369101152
[7.00000036507845] 1351.76014192051
[7.01666703261435] 1350.47172455611
[7.03333370015025] 1349.06980926469
[7.05000036768615] 1347.56303643111
[7.06666703522205] 1345.95679461337
[7.08333370275795] 1344.83553353131
[7.10000037029386] 1343.71596407678
[7.11666703782976] 1342.58480790824
[7.13333370536566] 1341.41839684332
[7.15000037290156] 1340.26333708984
[7.16666704043746] 1339.09642601347
[7.18333370797336] 1337.87628124103
[7.20000037550926] 1336.60318782579
[7.21666704304516] 1335.2873194821
[7.23333371058106] 1333.938220237
[7.25000037811697] 1332.57326607263
[7.26666704565287] 1331.21028975731
[7.28333371318877] 1329.86659133685
[7.30000038072467] 1328.55650466766
[7.31666704826057] 1327.29052502519
[7.33333371579647] 1326.07836028368
[7.35000038333237] 1324.92853955208
[7.36666705086827] 1323.84899671538
[7.38333371840417] 1323.16578363503
[7.40000038594007] 1322.58092590351
[7.41666705347598] 1322.43190000144
[7.43333372101188] 1322.41532251889
[7.45000038854778] 1322.51310104376
[7.46666705608368] 1322.7330021091
[7.48333372361958] 1323.07935992634
[7.50000039115548] 1323.55446193105
[7.51666705869138] 1324.17372378011
[7.53333372622728] 1324.98924596605
[7.55000039376318] 1326.00451396591
[7.56666706129909] 1327.16001064529
[7.58333372883499] 1328.40017398377
[7.60000039637089] 1329.75443456206
[7.61666706390679] 1331.14461593982
[7.63333373144269] 1332.5391905257
[7.65000039897859] 1333.91499832654
[7.66666706651449] 1335.29739447924
[7.68333373405039] 1336.68012241524
