[0] 0
[0.0199999995529652] 0
[0.0399999991059303] 0
[0.0599999986588955] 0
[0.0799999982118607] 0
[0.116424698382616] 0
[0.140790099278092] 0
[0.156970299780369] 0
[0.173150500282645] 0
[0.191052200272679] 0
[0.206578399986029] 0
[0.224504800513387] 0
[0.240115000866354] 0
[0.261203900910914] 0
[0.269633800722659] 0
[0.278063700534403] 0
[0.29912990052253] 0
[0.31573719996959] 0
[0.331327499821782] 0
[0.346917799673975] 0
[0.362360899336636] 0
[0.380979598499835] 0
[0.398158597759902] 0
[0.413497298024595] 0
[0.429790197871625] 0
[0.446314898319542] 0
[0.464698598720133] 0
[0.481137699447572] 0
[0.496450199745595] 0
[0.513081300072372] 0
[0.52970250044018] 0
[0.546889799647033] 0
[0.563613899983466] 0
[0.581021900288761] 0
[0.598090999759734] 0
[0.614492299966514] 0
[0.631130100227892] 0
[0.646495300345123] 0
[0.663082401268184] 0
[0.680402000434697] 0
[0.697278200648725] 0
[0.714122501201928] 0
[0.730828401632607] 0
[0.747165000997484] 0
[0.764496500603855] 0
[0.778604600578547] 0
[0.792712700553238] 0
[0.812093800865114] 0
[0.828348401002586] 0
[0.844727001152933] 0
[0.860916000790894] 0
[0.878155400045216] 0
[0.894768199883401] 0
[0.91139919962734] 21.4715267860812
[0.928235800005496] 21.4715267860812
[0.946054299362004] 21.4715267860812
[0.960820799693465] 21.4715267860812
[0.978691399097443] 21.4715267860812
[0.995649598538876] 21.4715267860812
[1.01170949824154] 21.4715267860812
[1.02810309827328] 21.4715267860812
[1.04550139792264] 21.4715267860812
[1.06201359815896] 21.4715267860812
[1.0779801979661] 21.4715267860812
[1.09405239857733] 21.4715267860812
[1.11067859828472] 21.4715267860812
[1.12881569750607] 21.4715283360507
[1.14526549726725] 21.4715267860812
[1.16111009754241] 21.4715283360507
[1.1787775978446] 21.4715267860812
[1.19544129818678] 21.4715267860812
[1.21169959753752] 21.4715267860812
[1.22933879680932] 21.4715267860812
[1.24482299666852] 21.4715283360507
[1.26121359597892] 21.4715267860812
[1.27758239675313] 21.4715267860812
[1.29433139692992] 21.4715267860812
[1.31106359604746] 21.4715267860812
[1.32774649653584] 21.4715283360507
[1.34421999659389] 21.4715267860812
[1.36074269656092] 21.4715267860812
[1.37894879747182] 50.6063119216884
[1.3952795965597] 50.6063119216884
[1.41199659649283] 50.6063119216884
[1.42790759634227] 50.6063119216884
[1.44513089675456] 50.6063119216884
[1.46176099684089] 50.6063119216884
[1.47771259676665] 50.6063119216884
[1.49410909693688] 50.6063119216884
[1.51208489667624] 50.6063119216884
[1.52833739574999] 50.6063119216884
[1.54418359603733] 50.6063119216884
[1.56132279615849] 50.6063119216884
[1.57728529628366] 50.6063119216884
[1.59412269573659] 50.6063119216884
[1.61259389575571] 50.6063119216884
[1.62907339539379] 50.6063119216884
[1.64577429462224] 50.6063119216884
[1.66160449478775] 50.6063119216884
[1.67822359409183] 50.6063119216884
[1.69431859347969] 50.6063119216884
[1.71060729306191] 50.6063119216884
[1.72902099322528] 50.6063119216884
[1.74559049401432] 50.6063119216884
[1.76102209370583] 50.6063119216884
[1.77723099384457] 109.842016411157
[1.7954377932474] 109.842016411157
[1.8109862934798] 109.842016411157
[1.829011593014] 109.842024439928
[1.84389969334006] 109.842016411157
[1.86146119423211] 109.842016411157
[1.87804519385099] 116.82887628666
[1.89401439391077] 116.82887628666
[1.91237679310143] 116.82887628666
[1.9282936938107] 116.82887628666
[1.94598199427128] 116.82887628666
[1.96116419415921] 66.2209937853259
[1.97744949441403] 66.2209937853259
[1.99548799451441] 66.2209937853259
[2.01176679413766] 66.2209937853259
[2.02752869483083] 66.2209937853259
[2.04495049547404] 66.2209937853259
[2.06243129540235] 66.2209937853259
[2.07856919523329] 66.2209937853259
[2.09478299599141] 66.2209937853259
[2.11237059626728] 66.2209937853259
[2.12841679621488] 66.2209937853259
[2.14527069684118] 66.2209937853259
[2.16189929749817] 66.2209937853259
[2.1784353973344] 66.2209937853259
[2.19429199676961] 66.2209937853259
[2.21152999717742] 66.2209937853259
[2.22842019703239] 66.2209937853259
[2.24486259650439] 66.2209937853259
[2.26084649655968] 66.2209937853259
[2.27870379667729] 66.2209937853259
[2.29518579598516] 66.2209937853259
[2.31125309597701] 36.1921617254202
[2.32778359670192] 36.1921617254202
[2.34512289706618] 36.1921617254202
[2.36110849771649] 36.1921617254202
[2.37859159801155] 36.1921617254202
[2.39553709793836] 36.1921617254202
[2.41184619721025] 36.1921617254202
[2.42824149783701] 0.364844974090521
[2.44434779789299] 0.364844974090521
[2.4610859984532] 0.364844974090521
[2.47792139928788] 0.364844948121358
[2.49500640016049] 0.364844974090521
[2.51110100094229] 0.364844974090521
[2.52860600035638] 0.364844948121358
[2.54511020053178] 0.364844974090521
[2.5622705006972] 0.364844948121358
[2.57857300061733] 0.364844974090521
[2.5947144003585] 0.364844948121358
[2.61170739959925] 0.364844974090521
[2.6287086000666] 0.364844948121358
[2.64455749932677] 0.364844948121358
[2.6612920993939] 0.364844948121358
[2.67882249969989] 0.364844948121358
[2.69449219945818] 0.364844948121358
[2.71151589881629] 0.364844948121358
[2.72823899891227] 0.364844948121358
[2.74524789955467] 0.364844948121358
[2.76117489952594] 0.364844948121358
[2.77830449957401] 0.364844948121358
[2.79421370010823] 0.364844948121358
[2.81261490006] 0.364844948121358
[2.82800079975277] 0.364844948121358
[2.84415809903294] 0.364844948121358
[2.86175479833037] 0.364844948121358
[2.87856549862772] 0.364844948121358
[2.89490679930896] 0.364844948121358
[2.91168509889394] 0.364844948121358
[2.92843019869179] 0.364844948121358
[2.94424649793655] 0.364844948121358
[2.96172629762441] 0.364844948121358
[2.97858709748834] 0.364844948121358
[2.994255698286] 0.364844948121358
[3.01138339843601] 0.364844948121358
[3.02868269849569] 0.364844948121358
[3.04459399823099] 0.364844922152195
[3.06226159911603] 0.364844922152195
[3.07810279820114] 0.364844922152195
[3.09410389792174] 0.364844922152195
[3.11160489823669] 0.364844922152195
[3.12765039782971] 0.364844922152195
[3.14544759783894] 0.364844922152195
[3.16154919844121] 0.364844922152195
[3.17846359778196] 0.364844922152195
[3.19543539825827] 0.364844922152195
[3.21217509824783] 0.364844922152195
[3.22867249790579] 0.364844922152195
[3.24449199717492] 0.364844922152195
[3.26123329717666] 0.364844922152195
[3.27867659647018] 0.364844922152195
[3.29450529720634] 0.364844922152195
[3.31196189764887] 0.364844922152195
[3.32875759806484] 0.364844922152195
[3.3444078983739] 0.364844922152195
[3.36218089889735] 0.364844922152195
[3.37871949840337] 0.364844922152195
[3.39501469861716] 0.364844922152195
[3.41138869803399] 0.364844922152195
[3.42885569762439] 0.364844922152195
[3.44478959683329] 0.364844922152195
[3.46160299610347] 0.364844922152195
[3.47836769651622] 0.364844922152195
[3.4951416971162] 0.364844922152195
[3.51216219644994] 0.364844922152195
[3.52853209618479] 0.364844922152195
[3.5444721961394] 0.364844922152195
[3.56198689620942] 0.364844896183033
[3.57765599619597] 0.364844896183033
[3.5951873967424] 0.364844922152195
[3.61093649733812] 0.364844896183033
[3.62808549683541] 0.364844922152195
[3.64544269721955] 0.364844922152195
[3.66152559686452] 0.364844896183033
[3.67827249597758] 0.364844922152195
[3.69532379601151] 0.364844922152195
[3.71133679617196] 0.364844922152195
[3.72890789527446] 0.364844896183033
[3.74468759540468] 0.364844922152195
[3.7616444947198] 0.364844922152195
[3.77792849484831] 0.364844922152195
[3.79507349524647] 0.364844896183033
[3.81151169445366] 0.364844922152195
[3.82738979440182] 0.364844922152195
[3.8447897946462] 0.364844922152195
[3.86071379389614] 0.364844896183033
[3.87833749409765] 0.364844896183033
[3.8944147946313] 0.364844896183033
[3.91141659487039] 0.364844896183033
[3.92949919495732] 0.364844896183033
[3.94503889512271] 0.364844896183033
[3.96167209465057] 0.364844896183033
[3.97854959499091] 0.364844896183033
[3.99479989428073] 0.364844896183033
[4.01191619504243] 0.364844896183033
[4.02868679445237] 0.364844896183033
[4.04499759431928] 0.364844896183033
[4.06175329443067] 0.364844896183033
[4.07787939440459] 0.364844896183033
[4.09551459457725] 0.364844896183033
[4.11082099471241] 0.364844896183033
[4.12746439408511] 0.364844896183033
[4.14544669445604] 0.364844896183033
[4.1619013948366] 0.364844896183033
[4.1785504957661] 0.36484487021387
[4.19444869551808] 0.364844896183033
[4.21159339603037] 0.36484487021387
[4.22801639605314] 0.36484487021387
[4.24430889543146] 0.36484487021387
[4.26219549495727] 0.36484487021387
[4.27917319443077] 0.36484487021387
[4.2947498941794] 0.36484487021387
[4.31090709473938] 0.36484487021387
[4.32833379413933] 0.36484487021387
[4.34553979430348] 0.36484487021387
[4.36139629501849] 0.36484487021387
[4.37889639567584] 0.36484487021387
[4.3949390957132] 0.36484487021387
[4.41228479612619] 0.36484487021387
[4.42835979629308] 0.36484487021387
[4.44543709699064] 0.364844844244707
[4.46189929638058] 0.364844844244707
[4.47791629564017] 0.364844844244707
[4.49496149551123] 0.364844844244707
[4.51211269479245] 0.364844844244707
[4.52862389478832] 0.36484487021387
[4.54448009561747] 0.364844844244707
[4.56092919502407] 0.36484487021387
[4.57749339472502] 0.364844844244707
[4.59513369482011] 0.36484487021387
[4.61102499533445] 0.36484487021387
[4.62875499483198] 0.36484487021387
[4.6451668953523] 0.36484487021387
[4.66139679495245] 0.36484487021387
[4.67802319582552] 0.36484487021387
[4.69529759604484] 0.36484487021387
[4.71221219655126] 29.088623461546
[4.72880439739674] 29.088623461546
[4.74495419766754] 29.088623461546
[4.76146319787949] 29.088623461546
[4.77836679760367] 29.088623461546
[4.79477789718658] 29.088623461546
[4.81212919671088] 29.0886213329268
[4.82781759742647] 29.0886213329268
[4.84477409813553] 29.0886213329268
[4.8624979974702] 29.0886213329268
[4.87822799663991] 29.0886213329268
[4.89482379611582] 29.0886213329268
[4.91216609533876] 29.0886213329268
[4.92806089576334] 29.0886213329268
[4.94604609627277] 29.088623461546
[4.96154409646988] 29.088623461546
[4.9780701957643] 29.0886213329268
[4.99552149511874] 29.0886213329268
[5.01188499480486] 29.0886213329268
[5.02893869392574] 29.088623461546
[5.04474899359047] 29.088623461546
[5.06181749328971] 29.088623461546
[5.07859529368579] 29.088623461546
[5.09546509385109] 29.0886213329268
[5.11164999380708] 29.088623461546
[5.12874149344862] 29.088623461546
[5.14458299428225] 29.0886213329268
[5.16147209517658] 29.0886213329268
[5.17830989509821] 29.088623461546
[5.19538959488273] 29.0886213329268
[5.21090049482882] 29.0886192043075
[5.22824499569833] 29.0886213329268
[5.24415089562535] 29.088623461546
[5.26120629534125] 29.088623461546
[5.27794789522886] 29.0886213329268
[5.29488099552691] 29.0886213329268
[5.31217279471457] 29.0886213329268
[5.32815889455378] 29.0886213329268
[5.34542509540915] 29.0886213329268
[5.36146999523044] 29.088623461546
[5.37839829549193] 29.0886213329268
[5.3947814963758] 29.0886213329268
[5.41156359575689] 110.125943626515
[5.42871989496052] 110.125943626515
[5.44453059509397] 110.125943626515
[5.46124869585037] 110.125935565969
[5.47755549661815] 110.125943626515
[5.4946017973125] 110.125935565969
[5.5120264980942] 110.125935565969
[5.52882609888911] 110.125943626515
[5.5447222981602] 110.125943626515
[5.56203129887581] 104.846482397458
[5.57868839800358] 104.846467045241
[5.59469619765878] 104.846467045241
[5.61148459836841] 104.846467045241
[5.62865879759192] 104.846467045241
[5.64450139738619] 104.846467045241
[5.66177839785814] 104.846467045241
[5.67889739759266] 104.846467045241
[5.69432399794459] 104.846467045241
[5.71173299849033] 104.846467045241
[5.7285708989948] 104.846467045241
[5.74496109969914] 16.5225871630037
[5.76091199927032] 16.5225871630037
[5.77780859917402] 16.5225871630037
[5.79459839873016] 16.5225871630037
[5.81153799965978] 16.5225871630037
[5.82789149880409] 16.5225871630037
[5.84509499929845] 16.5225871630037
[5.86176699958742] 16.5225871630037
[5.87768729962409] 16.5225871630037
[5.89475530013442] 16.5225871630037
[5.91205530054867] 16.5225871630037
[5.92785480059683] 16.5225871630037
[5.94464530050755] 16.5225859542614
[5.96158250048757] 16.5225871630037
[5.97788229957223] 16.5225859542614
[5.99494550004601] 16.5225871630037
[6.01222250051796] 16.5225871630037
[6.02767650038004] 16.5225859542614
[6.04459420032799] 16.5225871630037
[6.06139820069075] 16.5225859542614
[6.07755960151553] 16.5225871630037
[6.09535390138626] 16.5225871630037
[6.11086220107973] 16.5225871630037
[6.12907860055566] 16.5225871630037
[6.1448370013386] 16.5225871630037
[6.16156470216811] 16.5225871630037
[6.17840370163321] 16.5225871630037
[6.19504920206964] 16.5225871630037
[6.21269310265779] 16.5225871630037
[6.22796320263296] 16.5225859542614
[6.24478520173579] 16.5225859542614
[6.26157780084759] 16.5225871630037
[6.2774301012978] 16.5225871630037
[6.29435540083796] 16.5225859542614
[6.31147290114313] 16.5225871630037
[6.32822370063514] 16.5225871630037
[6.34539480041713] 16.5225859542614
[6.36188940051943] 16.5225859542614
[6.37789240013808] 16.5225871630037
[6.39488500077277] 16.5225871630037
[6.41172040160745] 16.5225871630037
[6.42766380216926] 16.5225871630037
[6.44516280200332] 16.5225859542614
[6.46197720151395] 16.5225859542614
[6.47830680105835] 16.5225859542614
[6.49489190150052] 16.5225871630037
[6.51175570208579] 16.5225871630037
[6.5287952022627] 16.5225871630037
[6.54416990187019] 16.5225871630037
[6.56106860097498] 16.5225871630037
[6.57888240087777] 16.5225871630037
[6.59441240131855] 16.5225871630037
[6.61135800182819] 16.5225871630037
[6.62860000133514] 16.5225871630037
[6.64515700191259] 16.5225871630037
[6.66154200211167] 16.5225871630037
[6.67826140299439] 16.5225871630037
[6.69563320279121] 16.5225871630037
[6.71211630292237] 16.5225871630037
[6.72774190269411] 16.5225871630037
[6.74533700197935] 16.5225871630037
[6.76081720180809] 16.5225871630037
[6.77768110111356] 16.5225871630037
[6.79485910199583] 16.5225871630037
[6.81105140224099] 16.5225859542614
[6.82838770188391] 16.5225859542614
[6.84533330239356] 16.5225859542614
[6.86167320236564] 16.5225871630037
[6.87796730175614] 16.5225871630037
[6.89541080221534] 16.5225871630037
[6.91233720257878] 16.5225871630037
[6.92789040226489] 16.5225871630037
[6.94564830232412] 16.5225871630037
[6.96158560272306] 16.5225871630037
[6.97755720186979] 16.5225871630037
[6.99512230139226] 16.5225871630037
[7.01093310210854] 16.5225871630037
[7.02861920278519] 16.5225871630037
[7.04479100275785] 16.5225871630037
[7.06132580246776] 16.5225871630037
[7.07805250305682] 16.5225871630037
[7.09415420237929] 16.5225871630037
[7.11157900188118] 16.5225871630037
[7.12842140253633] 4.81643342043668
[7.14497480262071] 4.81643308211927
[7.16236130241305] 4.81643342043668
[7.17820870224386] 4.81643308211927
[7.19540310185403] 4.81643308211927
[7.21081000193954] 4.81643308211927
[7.22872880101204] 4.81643308211927
[7.24551090039313] 4.81643308211927
[7.26157299987972] 4.81643308211927
[7.27842950075865] 4.81643308211927
[7.29490410163999] 4.81643342043668
[7.31107610091567] 4.81643308211927
[7.32874450087547] 4.81643308211927
[7.34548350051045] 4.81643308211927
[7.36177680082619] 4.81643308211927
[7.37814100086689] 4.81643308211927
[7.39449240081012] 4.81643308211927
[7.41227290034294] 4.81643308211927
[7.42818910069764] 4.81643308211927
[7.44510370120406] 4.81643308211927
[7.4607682004571] 4.81643308211927
[7.47787010110915] 4.81643342043668
[7.49507390148938] 4.81643308211927
[7.51194750145078] 4.81643308211927
[7.52766460180283] 4.81643308211927
[7.54448870196939] 4.81643308211927
[7.56134130246937] 4.81643308211927
[7.57851310260594] 4.81643308211927
[7.59537530317903] 4.81643308211927
[7.61128340288997] 4.81643308211927
[7.62873270362616] 4.81643308211927
[7.64443280361593] 4.81643308211927
[7.6625711042434] 4.81643308211927
[7.67812600452453] 4.81643308211927
[7.69531720411032] 4.81643308211927
[7.71090090367943] 4.81643308211927
[7.72869050409645] 4.81643308211927
[7.74432420451194] 4.81643342043668
[7.76152280438691] 4.81643342043668
[7.77855590451509] 4.81643308211927
[7.79504350479692] 4.81643308211927
[7.81104090530425] 4.81643308211927
[7.82858360465616] 4.81643308211927
[7.84491680469364] 4.81643308211927
[7.86202590446919] 4.81643308211927
[7.87864680495113] 4.81643308211927
[7.8944597048685] 4.81643308211927
[7.91188470553607] 4.81643308211927
[7.92847960535437] 4.81643308211927
[7.9447759045288] 4.81643308211927
[7.96207580436021] 4.81643308211927
[7.97807160485536] 4.81643308211927
[7.99555900413543] 4.81643308211927
[8.01114770397544] 4.81643308211927
[8.02889830432832] 4.81643308211927
[8.04466770403087] 4.81643308211927
[8.0611381046474] 4.81643308211927
[8.07832390442491] 4.81643308211927
[8.0944377053529] 4.81643308211927
[8.11143400520086] 4.81643308211927
[8.12891000509262] 4.81643308211927
[8.1443373048678] 4.81643308211927
[8.1618623053655] 4.81643308211927
[8.17785310465842] 4.81643308211927
[8.19483210425824] 4.81643308211927
[8.21087620500475] 4.81643308211927
[8.22797310445458] 4.81643308211927
[8.24415350425988] 4.81643308211927
[8.26102130394429] 4.81643308211927
[8.278440204449] 4.81643308211927
[8.29507020395249] 4.81643308211927
[8.31096220482141] 4.81643308211927
[8.32824170496315] 4.81643308211927
[8.34470680449158] 4.81643308211927
[8.36150350514799] 4.81643308211927
[8.37747830431908] 4.81643308211927
[8.3939570048824] 4.81643308211927
[8.41171870473772] 4.81643308211927
[8.42886710446328] 4.81643308211927
[8.44459640514106] 4.81643308211927
[8.46157490555197] 4.81643308211927
[8.47807940561324] 4.81643308211927
[8.49426650535315] 4.81643308211927
[8.51167380530387] 4.81643308211927
[8.52783980499953] 4.81643308211927
[8.5443275058642] 4.81643308211927
[8.5614870050922] 4.81643308211927
[8.57778680417687] 4.81643342043668
[8.59406120423228] 4.81643308211927
[8.61152060423046] 4.81643342043668
[8.62826520483941] 4.81643342043668
[8.64421040471643] 4.81643375875408
[8.66138930525631] 4.81643342043668
[8.67864360567182] 4.81643342043668
[8.69549980480224] 4.81643342043668
[8.71125790569931] 4.81643342043668
[8.72800510656089] 4.81643342043668
[8.74485110584646] 42.5293387959508
[8.76212560664862] 42.5293419089255
[8.77828690689057] 42.5293419089255
[8.79433740768582] 42.5293419089255
[8.81183890718967] 42.5293419089255
[8.82863990683109] 42.5293419089255
[8.84440080728382] 42.5293419089255
[8.86142130661756] 42.5293419089255
[8.87822220753878] 42.5293387959508
[8.89561010804027] 42.5293419089255
[8.9114032080397] 42.5293419089255
[8.92876140866429] 42.5293419089255
[8.94476280827075] 42.5293419089255
[8.96190670784563] 42.5293419089255
[8.97839310858399] 42.5293419089255
[8.99457490909845] 42.5293419089255
[9.01180090848356] 42.5293419089255
[9.02833270933479] 42.5293419089255
[9.04448980931193] 42.5293419089255
[9.06110810954124] 42.5293419089255
[9.07814801018685] 42.5293387959508
[9.09479650948197] 42.5293387959508
[9.11167580913752] 42.5293387959508
[9.12859000917524] 42.5293387959508
[9.14423840958625] 42.5293387959508
[9.16134440992028] 42.5293387959508
[9.17813631054014] 42.5293387959508
[9.19500850979239] 42.5293419089255
[9.21189700905234] 42.5293387959508
[9.2276096092537] 42.5293419089255
[9.24482350889593] 42.5293419089255
[9.26186270918697] 42.5293419089255
[9.27884001005441] 42.5293387959508
[9.29432180989534] 42.5293387959508
[9.31131501030177] 42.5293387959508
[9.32855201046914] 42.5293419089255
[9.34578711073846] 42.5293387959508
[9.36137661058456] 42.5293387959508
[9.37796391081065] 42.5293419089255
[9.39506081026047] 121.259780412544
[9.4117706110701] 121.259780412544
[9.42782561015338] 121.259798166333
[9.44483441021293] 121.259798166333
[9.46219771075994] 121.259798166333
[9.47806491050869] 121.259780412544
[9.49503650981933] 121.259780412544
[9.51224871072918] 121.259780412544
[9.5277534108609] 121.259780412544
[9.54450811073184] 121.259789289439
[9.56119251064956] 121.259798166333
[9.57763751037419] 105.296804043088
[9.5948664098978] 105.296796342643
[9.61157470941544] 105.296796342643
[9.6275435090065] 105.296796342643
[9.64475440979004] 105.296796342643
[9.66162881068885] 105.296796342643
[9.67819701135159] 105.296796342643
[9.69502591155469] 105.296796342643
[9.7104938114062] 105.296796342643
[9.72822671104223] 105.296804043088
[9.74487851094455] 105.296796342643
[9.76171151082963] 105.296796342643
[9.77775301132351] 105.296796342643
[9.79461001139134] 24.1494772059543
[9.81096601206809] 24.1494772059543
[9.82859571184963] 24.1494772059543
[9.84466931130737] 24.1494772059543
[9.86138861160725] 24.1494772059543
[9.87804801110178] 24.1494789655125
[9.89498211164027] 24.1494772059543
[9.91143551189452] 24.1494772059543
[9.92757281195372] 24.1494772059543
[9.94467871170491] 24.1494772059543
[9.96096071135253] 24.1494772059543
[9.97890541050583] 24.1494772059543
[9.99466221127659] 24.1494772059543
[10.011688712053] 24.1494772059543
[10.0286794127896] 24.1494772059543
[10.0445139119402] 24.1494789655125
[10.0621057124808] 24.1494789655125
[10.0774608124048] 24.1494772059543
[10.0945379119366] 24.1494772059543
[10.1120896115899] 24.1494772059543
[10.1278309114277] 24.1494772059543
[10.1449232120067] 24.1494772059543
[10.1617437116802] 24.1494772059543
[10.1776804123074] 24.1494772059543
[10.194516312331] 24.1494789655125
[10.2109891120344] 24.1494772059543
[10.228002011776] 24.1494772059543
[10.2451447118074] 24.1494772059543
[10.2612693123519] 24.1494772059543
[10.2780934125185] 24.1494772059543
[10.2948979120702] 24.1494772059543
[10.3118717111647] 24.1494772059543
[10.3286596108228] 24.1494772059543
[10.3453062102199] 24.1494772059543
[10.3615345098078] 24.1494772059543
[10.3789144102484] 24.1494772059543
[10.3944500098005] 24.1494772059543
[10.4114134097472] 24.1494772059543
[10.4285510098562] 24.1494754463961
[10.4451963091269] 24.1494772059543
[10.4619903089479] 24.1494772059543
[10.4776041088626] 24.1494772059543
[10.4945626081899] 24.1494772059543
[10.5118141090497] 24.1494772059543
[10.5278781084344] 24.1494789655125
[10.5457862084731] 24.1494772059543
[10.5621341085061] 24.1494772059543
[10.5776645084843] 24.1494772059543
[10.594856007956] 24.1494772059543
[10.6117942081764] 24.1494772059543
[10.6288157077506] 24.1494772059543
[10.644505106844] 24.1494772059543
[10.6621121065691] 24.1494772059543
[10.6790822064504] 24.1494754463961
[10.695376005955] 24.1494789655125
[10.7110435059294] 24.1494772059543
[10.7282713064924] 24.1494772059543
[10.7446068068966] 24.1494772059543
[10.761189407669] 24.1494772059543
[10.7788975080475] 24.1494772059543
[10.795107007958] 24.1494772059543
[10.8122207084671] 24.1494772059543
[10.8275634087622] 24.1494772059543
[10.8444657083601] 24.1494789655125
[10.861764607951] 24.1494772059543
[10.8773469077423] 24.1494772059543
[10.8947919076309] 24.1494772059543
[10.9120968068019] 24.1494754463961
[10.9275906067342] 24.1494772059543
[10.945237306878] 24.1494772059543
[10.9621839076281] 24.1494772059543
[10.9777225079015] 24.1494789655125
[10.9952800078318] 24.1494789655125
[11.0117775080726] 24.1494772059543
[11.0287194075063] 8.51493335308984
[11.0448553068563] 8.51493335308984
[11.0615167068318] 8.5149339113123
[11.0781748062] 8.51493335308984
[11.0952512053773] 8.5149339113123
[11.1109957052395] 8.5149339113123
[11.1277620056644] 8.51493335308984
[11.1443762062117] 8.5149339113123
[11.1611905070022] 8.5149339113123
[11.178142006509] 8.51493335308984
[11.1948814066127] 8.51493335308984
[11.2120458064601] 8.51493335308984
[11.2288886057213] 8.51493335308984
[11.2445396063849] 8.51493279486738
[11.2614637063816] 8.51493335308984
[11.2779576061293] 8.5149339113123
[11.2957109054551] 8.51493335308984
[11.3113699061796] 8.51493335308984
[11.3275528056547] 8.51493335308984
[11.3458794048056] 8.5149339113123
[11.361576504074] 8.51493335308984
[11.3788558049127] 8.5149339113123
[11.3944759052247] 8.51493335308984
[11.4122248049825] 8.5149339113123
[11.4279003050178] 8.51493335308984
[11.4450701046735] 8.51493335308984
[11.4613163042814] 8.5149339113123
[11.4787213038653] 8.5149339113123
[11.4944365043193] 8.5149339113123
[11.5109422039241] 8.5149339113123
[11.5284465048462] 8.5149339113123
[11.5454929042608] 8.51493335308984
[11.561730004847] 8.5149339113123
[11.5783858057112] 8.51493335308984
[11.5952313058078] 8.51493335308984
[11.6122225057334] 8.5149339113123
[11.6282655056566] 8.5149339113123
[11.6444857064635] 8.51493335308984
[11.6618181057274] 8.51493335308984
[11.6776669062674] 8.5149339113123
[11.6949207056314] 8.51493335308984
[11.7117696050555] 8.51493446953476
[11.7279598042369] 8.51493446953476
[11.7443106044084] 8.51493446953476
[11.7617303039879] 8.51493446953476
[11.7782012037933] 8.51493446953476
[11.7945436034352] 8.51493446953476
[11.8106735032052] 8.51493335308984
[11.8280868027359] 9.56992058538214
[11.8453843034804] 9.56992058538214
[11.861336203292] 9.56992058538214
[11.8780131042004] 9.56992058538214
[11.8951145038009] 9.56992058538214
[11.9111315030605] 9.56992058538214
[11.928162002936] 9.56992058538214
[11.9454083032906] 9.56992058538214
[11.9608925031498] 9.56992058538214
[11.9781984025612] 9.56992058538214
[11.995615103282] 9.56992058538214
[12.0114729041234] 9.56992058538214
[12.0275846039876] 9.56992058538214
[12.0454920036718] 9.56992058538214
[12.0610472038388] 9.56992058538214
[12.0781130045652] 9.56992058538214
[12.094982104376] 9.56992058538214
[12.1121550034732] 9.56992058538214
[12.1277256030589] 9.56992058538214
[12.1446169037372] 9.56992058538214
[12.1612551044673] 9.56992058538214
[12.1780897043645] 9.56992058538214
[12.1946685034782] 9.56992058538214
[12.2126092035323] 9.56991988605275
[12.2279533036053] 9.56991988605275
[12.2446052040905] 9.56992058538214
[12.2613547034562] 9.56992058538214
[12.2781714033335] 9.56992058538214
[12.2954248040915] 9.56992058538214
[12.3118181042373] 9.56992058538214
[12.3276201039553] 9.56992058538214
[12.3444558046758] 9.56992058538214
[12.3612609039992] 9.56992058538214
[12.3783461041749] 9.56992058538214
[12.395344004035] 9.56991988605275
[12.4108979040757] 9.56992058538214
[12.428058504127] 9.56992058538214
[12.4442027034238] 9.56992058538214
[12.4611446028575] 9.56992058538214
[12.4776804028079] 9.56992058538214
[12.4954105028883] 9.56992058538214
[12.511574502103] 9.56992058538214
[12.5287348022684] 9.56992058538214
[12.5443058023229] 9.56992058538214
[12.5612561022863] 9.56992058538214
[12.5781314028427] 9.56992058538214
[12.5948396036401] 9.56992058538214
[12.6121985027567] 9.56992058538214
[12.6277422029525] 9.56992058538214
[12.6450164038688] 9.56992058538214
[12.6618263032287] 9.56992058538214
[12.6776668038219] 9.56992058538214
[12.6945872046053] 9.56992058538214
[12.7122555039823] 9.56992058538214
[12.7276922035962] 9.56992058538214
[12.7450326029211] 9.56991918672336
[12.7619650028646] 9.56992058538214
[12.7776656020433] 9.56991918672336
[12.7945946026593] 9.56991918672336
[12.8121551033109] 9.56991918672336
[12.827636603266] 9.56991918672336
[12.8440039027482] 9.56991918672336
[12.8610642030835] 9.56991918672336
[12.8783574029803] 9.56991918672336
[12.8944818023592] 9.56991918672336
[12.9114929027855] 9.56991918672336
[12.9280263036489] 9.56991918672336
[12.9447957035154] 9.56991918672336
[12.9612937029451] 9.56991918672336
[12.9780814033002] 9.56991918672336
[12.9950802028179] 9.56991918672336
[13.0110865030438] 9.56991918672336
[13.0279268026352] 9.56991918672336
[13.0447330027819] 9.56992058538214
[13.0617726035416] 9.56991918672336
[13.0775861032307] 9.56992058538214
[13.0943792033941] 9.56992058538214
[13.1109646037221] 9.56992058538214
[13.1276973038912] 9.56992058538214
[13.1444878038019] 9.56992058538214
[13.1618673037738] 9.56991918672336
[13.1778822038323] 9.56991918672336
[13.1948597040027] 9.56992058538214
[13.2126883044839] 9.56992058538214
[13.2284441050142] 9.56992058538214
[13.2445983048528] 9.56992058538214
[13.2620276045054] 9.56992058538214
[13.278327004984] 9.56992058538214
[13.2952892053872] 9.56992058538214
[13.3110500052571] 9.56992058538214
[13.3281629048288] 9.56991918672336
[13.3444737046957] 9.56992058538214
[13.3617255054414] 9.56992058538214
[13.3789947051555] 9.56991918672336
[13.3951210044324] 9.56992058538214
[13.4110673051327] 9.56991918672336
[13.4288163054734] 9.56992058538214
[13.444534804672] 9.56991918672336
[13.4616739042103] 9.56992058538214
[13.478376403451] 9.56991918672336
[13.4954716041684] 9.56992058538214
[13.5109499040991] 9.56991918672336
[13.5283565036952] 9.56991918672336
[13.5452062040567] 9.56992058538214
[13.5615736041218] 9.56992058538214
[13.57865200378] 9.56992058538214
[13.594540502876] 9.56992058538214
[13.611391203478] 9.56992058538214
[13.6291438043118] 9.56991918672336
[13.644261604175] 9.56992058538214
[13.6613118033856] 109.654892609806
[13.6784582026303] 109.654900637629
[13.695161903277] 109.654900637629
[13.7110925037414] 109.654892609806
[13.7279643043876] 109.654908665452
[13.744877204299] 105.037688669125
[13.7620067037642] 105.037696359208
[13.7779627032578] 105.037704049292
[13.7947861030698] 105.037704049292
[13.8115986026824] 105.037696359208
[13.8274168018252] 9.9367436142112
[13.8445517010987] 9.9367436142112
[13.8619988001883] 9.9367436142112
[13.8787818010896] 9.9367436142112
[13.8948413003236] 9.93674288687542
[13.9121305011213] 9.9367436142112
[13.9279781002551] 9.93674288687542
[13.9450643006712] 9.9367436142112
[13.9621096998453] 9.9367436142112
[13.9776556994766] 9.9367436142112
[13.9948055986315] 9.93674288687542
[14.0112995989621] 9.9367436142112
[14.0279427990317] 9.9367436142112
[14.045103598386] 9.93674288687542
[14.0620963983238] 9.93674288687542
[14.0772689981386] 9.9367436142112
[14.0949111981317] 9.9367436142112
[14.1121854977682] 9.9367436142112
[14.1281264973804] 9.9367436142112
[14.1454968964681] 9.9367436142112
[14.1614220971242] 9.9367436142112
[14.1788123967126] 9.9367436142112
[14.1945654964074] 9.9367436142112
[14.2110115969554] 9.9367436142112
[14.2277920963243] 9.9367436142112
[14.2453402960673] 9.9367436142112
[14.2612644964829] 9.9367436142112
[14.2784805959091] 9.9367436142112
[14.2952428953722] 9.9367436142112
[14.3109346954152] 9.9367436142112
[14.3278155950829] 9.9367436142112
[14.3455970948562] 9.9367436142112
[14.3614984946325] 9.93674288687542
[14.3784440951422] 9.9367436142112
[14.3945181956515] 9.9367436142112
[14.4108188962564] 9.9367436142112
[14.427354096435] 9.9367436142112
[14.4442697959021] 9.9367436142112
[14.4615190951154] 9.9367436142112
[14.4784932946786] 9.9367436142112
[14.4952442953363] 9.9367436142112
[14.5108884954825] 9.9367436142112
[14.5287440950051] 9.9367436142112
[14.5443474948406] 9.9367436142112
[14.5611770953983] 9.9367436142112
[14.5782164949924] 9.9367436142112
[14.5955536942929] 9.9367436142112
[14.6111735943705] 9.9367436142112
[14.627290694043] 9.9367436142112
[14.6444817949086] 9.9367436142112
[14.661756394431] 9.9367436142112
[14.6777302939445] 9.9367436142112
[14.694238293916] 9.93674288687542
[14.7115365937352] 9.9367436142112
[14.7284098938107] 9.9367436142112
[14.7441869936883] 9.9367436142112
[14.7615102939308] 9.9367436142112
[14.7777233943343] 9.9367436142112
[14.7948447950184] 9.9367436142112
[14.8127248957753] 9.9367436142112
[14.8276992961764] 9.9367436142112
[14.8445413969457] 9.9367436142112
[14.8613792974502] 9.9367436142112
[14.8778500966728] 9.9367436142112
[14.8943752963096] 9.9367436142112
[14.9118552971631] 9.9367436142112
[14.9277370963246] 9.9367436142112
[14.9446459971368] 9.9367436142112
[14.9617169965059] 9.9367436142112
[14.9776511956006] 9.9367436142112
[14.9955183956772] 9.9367436142112
[15.0114623960108] 9.9367436142112
[15.0285046957433] 9.9367436142112
[15.0450345948339] 9.9367436142112
[15.0610214956105] 9.9367436142112
[15.0779272951186] 9.9367436142112
[15.0958318952471] 9.9367436142112
[15.1114063952118] 9.9367436142112
[15.1274548955262] 9.9367436142112
[15.1448897961527] 9.9367436142112
[15.1617582961917] 9.9367436142112
[15.1780821960419] 9.9367436142112
[15.1953676957637] 9.9367436142112
[15.2123820949346] 9.9367436142112
[15.2277624951676] 9.9367436142112
[15.2449407959357] 9.9367436142112
[15.2618921967223] 9.9367436142112
[15.2778849964961] 9.9367436142112
[15.2955530965701] 9.93674288687542
[15.3112263968214] 9.9367436142112
[15.3283514967188] 9.93674288687542
[15.3457480976358] 9.9367436142112
[15.3610994974151] 9.93674288687542
[15.3788807978854] 9.9367436142112
[15.3946210974827] 9.93674288687542
[15.4114943975583] 9.93674288687542
[15.4281822973862] 9.93674288687542
[15.4449013965204] 9.9367436142112
[15.4620423959568] 9.9367436142112
[15.4787660958245] 9.9367436142112
[15.4947067955509] 9.9367436142112
[15.5109262960032] 9.9367436142112
[15.5280356956646] 9.9367436142112
[15.544891894795] 9.9367436142112
[15.5622735945508] 9.9367436142112
[15.5783174941316] 9.9367436142112
[15.5941950948909] 9.9367436142112
[15.6112581947818] 9.9367436142112
[15.6278108945116] 9.9367436142112
[15.6447082953528] 9.9367436142112
[15.6615867959335] 9.9367436142112
[15.6777321966365] 8.14077627269358
[15.695249796845] 8.14077627269358
[15.7111596977338] 8.14077627269358
[15.727691498585] 8.14077627269358
[15.7445643981919] 8.14077627269358
[15.7613263977692] 8.14077627269358
[15.7777464976534] 8.14077627269358
[15.7946449974552] 8.14077627269358
[15.8119915975258] 8.14077573018269
[15.8275705976412] 8.14077627269358
[15.8453102977946] 8.14077573018269
[15.8609938984737] 8.14077573018269
[15.8785853991285] 8.14077627269358
[15.8945800988004] 8.14077627269358
[15.9123676987365] 8.14077627269358
[15.9284733990207] 8.14077681520447
[15.9454693989828] 8.14077627269358
[15.9612731998786] 8.14077627269358
[15.978418298997] 8.14077627269358
[15.9951168997213] 8.14077627269358
[16.0124112991616] 8.14077627269358
[16.0277995988727] 8.14077627269358
[16.0447876993567] 8.14077627269358
[16.0617996994406] 8.14077627269358
[16.0794800985605] 8.14077627269358
[16.0944469990209] 8.14077627269358
[16.1109698982909] 8.14077681520447
[16.12801699806] 8.14077627269358
[16.1455056974664] 8.14077681520447
[16.1610541976988] 8.14077627269358
[16.1787111982703] 8.14077627269358
[16.1947210989892] 8.14077681520447
[16.211908698082] 8.14077681520447
[16.2291107978672] 8.14077735771536
[16.2445763982832] 8.14077735771536
[16.2622496988624] 8.14077735771536
[16.2776743993163] 8.14077681520447
[16.2952877990901] 8.14077735771536
[16.3112329989672] 8.14077681520447
[16.3279369994998] 8.14077627269358
[16.3447443991899] 8.14077681520447
[16.3617525994778] 8.14077627269358
[16.3774961996824] 8.14077681520447
[16.394361699] 8.14077681520447
[16.4114592988044] 8.14077681520447
[16.4280389994383] 8.14077681520447
[16.4455166999251] 8.14077735771536
[16.4614994004369] 8.14077681520447
[16.4783878996968] 8.14077735771536
[16.4956061001867] 8.14077681520447
[16.5115494001657] 8.14077681520447
[16.5281291007996] 8.14077681520447
[16.5448260009289] 8.14077735771536
[16.561809701845] 8.14077735771536
[16.5778857022524] 8.14077681520447
[16.5951684024185] 8.14077681520447
[16.6118699032813] 8.14077681520447
[16.6289406027645] 8.14077627269358
[16.644635302946] 30.7788103874722
[16.6619608029723] 30.7788148550912
[16.6776957027614] 30.7788126212817
[16.6951131019741] 30.7788148550912
[16.712127301842] 30.7788148550912
[16.7279612012208] 30.7788148550912
[16.7452270016074] 30.7788126212817
[16.7622637022287] 30.7788126212817
[16.7780881021172] 30.7788126212817
[16.7940229028463] 30.7788126212817
[16.811328202486] 30.7788126212817
[16.8283532019705] 30.7788126212817
[16.8454957026988] 30.7788148550912
[16.8607313027605] 30.7788126212817
[16.87873450201] 30.7788148550912
[16.8949036011472] 30.7788126212817
[16.9119641007856] 30.7788126212817
[16.9278497016057] 30.7788148550912
[16.9452489009127] 30.7788126212817
[16.9609779017046] 30.7788148550912
[16.9780030017719] 30.7788126212817
[16.9946186011657] 30.7788148550912
[17.0115501014516] 30.7788126212817
[17.0286203017458] 30.7788148550912
[17.0447753025219] 30.7788148550912
[17.0612957021222] 30.7788148550912
[17.0784137016162] 30.7788148550912
[17.0949061019346] 30.7788148550912
[17.1109074028209] 30.7788126212817
[17.1285038022324] 30.7788148550912
[17.1455234019086] 30.7788148550912
[17.1608231021091] 30.7788126212817
[17.1782036023214] 30.7788148550912
[17.1942985029891] 30.7788126212817
[17.2120410026982] 30.7788126212817
[17.2286672024056] 30.7788148550912
[17.2449028016999] 30.7788148550912
[17.2618273021653] 30.7788148550912
[17.2777068028226] 30.7788126212817
[17.2945377035066] 30.7788148550912
[17.3116811038926] 30.7788126212817
[17.3285537036136] 30.7788148550912
[17.3443447044119] 30.7788148550912
[17.3612369047478] 30.7788126212817
[17.3778694039211] 30.7788126212817
[17.394631604664] 30.7788126212817
[17.410946005024] 30.7788148550912
[17.4279572041705] 30.7788126212817
[17.4453151049092] 30.7788148550912
[17.4616208048537] 30.7788126212817
[17.4785488052294] 30.7788126212817
[17.495090004988] 30.7788148550912
[17.5112314047292] 30.7788126212817
[17.5286198044196] 30.7788148550912
[17.5449953051284] 30.7788103874722
[17.5620282059535] 30.7788148550912
[17.5777242062613] 30.7788126212817
[17.5950280064717] 30.7788126212817
[17.6123447073624] 30.7788103874722
[17.6279384074733] 30.7788126212817
[17.645181006752] 30.7788126212817
[17.6612032065168] 30.7788126212817
[17.6783413058147] 30.7788126212817
[17.6953954054043] 30.7788126212817
[17.7114540049806] 30.7788103874722
[17.7277741050348] 30.7788126212817
[17.745844504796] 30.7788126212817
[17.7613012045622] 30.7788126212817
[17.7781814038754] 118.320932584569
[17.7952698040754] 118.320923928303
[17.8111715037376] 118.320923928303
[17.8278116043657] 118.320923928303
[17.8449345044792] 118.320923928303
[17.861223904416] 118.320932584569
[17.8778075035661] 118.320932584569
[17.8947655037045] 118.320932584569
[17.9120382033288] 118.320923928303
[17.9276988040656] 118.320923928303
[17.9445519037545] 118.320923928303
[17.9619990028441] 118.320923928303
[17.9786022026092] 118.320923928303
[17.9946015030146] 118.320923928303
[18.0119665022939] 118.320923928303
[18.0286897029728] 130.74404989768
[18.0444904025644] 130.74404989768
[18.0620661024004] 130.74404989768
[18.0780778024346] 130.74404989768
[18.0950591024011] 130.74404989768
[18.1109109017998] 130.74404989768
[18.1276745013893] 130.74404989768
[18.1451069004834] 130.74404989768
[18.1614558007568] 130.74404989768
[18.1784927006811] 130.74404989768
[18.1952803004533] 130.74404989768
[18.2125944010913] 130.74404989768
[18.2277275007218] 130.74404989768
[18.2448286004364] 130.74404989768
[18.2620288003236] 41.2245595378119
[18.2783548999578] 41.2245565250937
[18.2946627996862] 41.2245595378119
[18.3118229992688] 41.2245565250937
[18.3277194984257] 41.2245595378119
[18.3449515979737] 41.2245595378119
[18.3622389975935] 41.2245565250937
[18.3773673977703] 41.2245595378119
[18.3950911983848] 41.2245595378119
[18.4121662992984] 41.2245565250937
[18.4275853997096] 41.2245595378119
[18.4450836004689] 41.2245595378119
[18.4619915997609] 41.2245595378119
[18.4787679994479] 41.2245595378119
[18.4951995993033] 41.2245595378119
[18.5110801989213] 41.2245595378119
[18.52856799867] 41.2245595378119
[18.544801899232] 41.2245595378119
[18.5615992983803] 41.2245595378119
[18.5782798985019] 41.2245595378119
[18.5947874980047] 41.2245595378119
[18.612132598646] 41.2245595378119
[18.627518998459] 41.2245595378119
[18.6446205992252] 41.2245625505301
[18.661004498601] 41.2245595378119
[18.6788667980582] 41.2245565250937
[18.6946507971734] 41.2245595378119
[18.711327297613] 41.2245595378119
[18.7276003975421] 41.2245595378119
[18.744600597769] 41.2245625505301
[18.7612007986754] 41.2245595378119
[18.7781579978764] 41.2245595378119
[18.795080197975] 41.2245595378119
[18.8122195973992] 41.2245595378119
[18.8277072971687] 41.2245595378119
[18.8448242964223] 41.2245595378119
[18.8609078964218] 41.2245595378119
[18.8795461962] 41.2245595378119
[18.8943881960586] 41.2245595378119
[18.912043296732] 41.2245595378119
[18.927705896087] 41.2245595378119
[18.9453111952171] 41.2245595378119
[18.9623056957498] 41.2245595378119
[18.9780820952728] 41.2245625505301
[18.994280195795] 41.2245595378119
[19.011574995704] 41.2245595378119
[19.028708695434] 41.2245595378119
[19.0450582960621] 41.2245625505301
[19.0611816952005] 41.2245595378119
[19.0785967959091] 41.2245595378119
[19.0947418967262] 41.2245595378119
[19.1120353965089] 41.2245565250937
[19.1285327961668] 41.2245625505301
[19.1449362961575] 41.2245595378119
[19.1620742967352] 5.90096196711565
[19.1776174968109] 5.90096155899728
[19.1944620972499] 5.90096155899728
[19.2109537972137] 5.90096196711565
[19.228838997893] 5.90096155899728
[19.2454576985911] 5.90096155899728
[19.2609041985124] 5.90096155899728
[19.2782792989165] 5.90096155899728
[19.2954413983971] 5.90096155899728
[19.3108603982255] 5.90096196711565
[19.3287114975974] 5.90096155899728
[19.3446359978989] 5.90096155899728
[19.3621775982901] 5.90096155899728
[19.3788573974743] 5.90096155899728
[19.3943400979042] 5.90096196711565
[19.4122993983328] 5.90096196711565
[19.4280687980354] 5.90096196711565
[19.4452008977532] 5.90096155899728
[19.4609413985163] 5.90096155899728
[19.4789504986256] 5.90096155899728
[19.4952344987541] 5.90096196711565
[19.5109990984201] 5.9009611508789
[19.5283573977649] 5.90096155899728
[19.5450257975608] 5.90096155899728
[19.5608986970037] 5.90096155899728
[19.5781184975058] 5.90096155899728
[19.5954926982522] 5.90096155899728
[19.6117807980627] 5.90096155899728
[19.6287304982543] 5.90096155899728
[19.6448508985341] 5.90096155899728
[19.6607310976833] 5.90096155899728
[19.6784872971475] 5.90096155899728
[19.6949148979038] 5.90096155899728
[19.7110753972083] 5.90096155899728
[19.7282599974424] 5.90096155899728
[19.7452559974045] 5.90096155899728
[19.7609236966819] 5.90096155899728
[19.7785204965621] 5.90096155899728
[19.7943137958646] 5.90096155899728
[19.8119565956295] 5.90096155899728
[19.8277267962694] 5.90096155899728
[19.8446915969253] 5.90096155899728
[19.8608192969114] 5.90096155899728
[19.8776536975056] 5.90096155899728
[19.8953802976757] 5.90096155899728
[19.9112038984895] 5.9009611508789
[19.9285757988691] 5.9009611508789
[19.9454875979573] 5.90096155899728
[19.9615476988256] 5.90096155899728
[19.9776059985161] 5.9009611508789
[19.9953231979162] 5.9009611508789
[20.0122892986983] 5.9009611508789
[20.0276108989492] 5.9009611508789
[20.0443243989721] 5.9009611508789
[20.0615341989323] 5.90096074276053
[20.0731532992795] 5.90096074276053
[20.0847723996267] 5.9009611508789
[20.0963914999738] 5.9009611508789
[20.1099035004154] 5.9009611508789
[20.1261569997296] 5.90096074276053
[20.1431985991076] 5.9009611508789
[20.1591102993116] 5.9009611508789
[20.1781305996701] 5.90096074276053
[20.1942562991753] 5.90096074276053
[20.2045204993337] 5.90096074276053
[20.2147846994922] 5.90096074276053
[20.2250488996506] 5.9009611508789
[20.2472523991019] 5.90096074276053
[20.2617452992126] 5.90096033464215
[20.2792249983177] 5.90096033464215
[20.2963914992288] 5.90096074276053
[20.3132977997884] 5.90096074276053
[20.3293757000938] 5.90096074276053
[20.3474159995094] 5.90096074276053
[20.3627979997545] 5.90096074276053
[20.3788520991802] 5.90096074276053
[20.3958677984774] 5.90096074276053
[20.4133748989552] 5.90096074276053
[20.4304432980716] 5.90096074276053
[20.4468521978706] 5.90096074276053
[20.4638086985797] 5.90096074276053
[20.4795170985162] 5.90096074276053
[20.4969432987273] 5.90096074276053
[20.5127683989704] 5.90096074276053
[20.5297636985779] 5.9009611508789
[20.5466755982488] 5.90096074276053
[20.5635713990778] 5.90096074276053
[20.5791320987046] 5.90096074276053
[20.5961142983288] 5.9009611508789
[20.6133716981858] 5.9009611508789
[20.62931419909] 5.90096074276053
[20.6468455996364] 5.9009611508789
[20.6624527992681] 5.9009611508789
[20.6801944999024] 5.9009611508789
[20.6966703990474] 5.9009611508789
[20.7128688981757] 5.9009611508789
[20.7300267973915] 5.9009611508789
[20.7462380966172] 5.90096074276053
[20.7628523958847] 5.90096074276053
[20.7792911967263] 5.90096074276053
[20.795932197012] 5.90096074276053
[20.8125873962417] 24.3286363186118
[20.8294798964635] 24.3286363186118
[20.8469278970733] 24.3286345409231
[20.8631577966735] 24.3286345409231
[20.8800926962867] 24.3286345409231
[20.8962590964511] 24.3286345409231
[20.9137373967096] 24.3286345409231
[20.9294931972399] 24.3286345409231
[20.9457586975768] 24.3286345409231
[20.9631776968017] 24.3286363186118
[20.9793459968641] 24.3286345409231
[20.996664297767] 24.3286363186118
[21.0132188973948] 24.3286345409231
[21.0299388980493] 24.3286345409231
[21.046313197352] 24.3286345409231
[21.0623256964609] 24.3286345409231
[21.0798301966861] 24.3286363186118
[21.0965147959068] 24.3286363186118
[21.1128358962014] 24.3286363186118
[21.1296689966694] 24.3286345409231
[21.1467172959819] 24.3286345409231
[21.1626293966547] 24.3286363186118
[21.1798499962315] 24.3286363186118
[21.1968696964905] 24.3286363186118
[21.2125089960173] 24.3286363186118
[21.2296056961641] 24.3286345409231
[21.2467711968347] 24.3286363186118
[21.2625181963667] 24.3286345409231
[21.2806167965755] 24.3286345409231
[21.2962482972071] 24.3286363186118
[21.3122336966917] 24.3286345409231
[21.3292731968686] 24.3286363186118
[21.3464395971969] 24.3286363186118
[21.3637803969905] 24.3286363186118
[21.3787850970402] 24.3286345409231
[21.395950996317] 24.3286363186118
[21.4125554962084] 24.3286345409231
[21.4294585967436] 24.3286363186118
[21.4467763965949] 24.3286363186118
[21.4625728959218] 24.3286363186118
[21.4793220954016] 24.3286363186118
[21.4960019951686] 24.3286363186118
[21.5137686943635] 24.3286363186118
[21.5291801942512] 24.3286363186118
[21.5465389946476] 24.3286363186118
[21.5633948938921] 24.3286363186118
[21.5791976945475] 24.3286363186118
[21.5972233945504] 24.3286363186118
[21.6124146943912] 24.3286363186118
[21.6295148944482] 24.3286345409231
[21.64626559522] 24.3286345409231
[21.6632684944198] 24.3286363186118
[21.680440695025] 24.3286363186118
[21.6959456950426] 24.3286363186118
[21.7130836956203] 24.3286363186118
[21.7301453948021] 24.3286345409231
[21.7457678951323] 24.3286363186118
[21.7633794955909] 24.3286345409231
[21.7802883964032] 24.3286345409231
[21.7970828972757] 24.3286363186118
[21.8127285968512] 24.3286363186118
[21.8297962974757] 24.3286363186118
[21.8459014967084] 24.3286345409231
[21.8629461973906] 24.3286363186118
[21.8792807981372] 24.3286345409231
[21.8969575986266] 24.3286345409231
[21.9130160994828] 24.3286345409231
[21.9297317992896] 24.3286363186118
[21.9466023985296] 24.3286363186118
[21.9635050985962] 24.3286345409231
[21.9794359989464] 24.3286363186118
[21.9958466980606] 24.3286363186118
[22.0130687989295] 24.3286363186118
[22.0298432987183] 24.3286345409231
[22.046973599121] 24.3286345409231
[22.0631693992764] 24.3286345409231
[22.0803439989686] 24.3286345409231
[22.0963368993253] 24.3286345409231
[22.112993599847] 24.3286345409231
[22.1297567002475] 24.3286363186118
[22.1472378000617] 24.3286345409231
[22.1624344997108] 121.424229475489
[22.1802797988057] 121.424229475489
[22.1966091990471] 121.424229475489
[22.2131233997643] 121.424229475489
[22.2303046006709] 121.424229475489
[22.2458238005638] 121.424229475489
[22.2632392011583] 121.424229475489
[22.2790938019753] 121.424229475489
[22.2967853024602] 121.424229475489
[22.3125793021172] 121.424229475489
[22.3296694029123] 121.424229475489
[22.3464269023389] 121.424229475489
[22.3635132014751] 121.424229475489
[22.37992240116] 121.424229475489
[22.3956570010632] 138.018663895184
[22.413690501824] 138.018673999771
[22.4291516020894] 138.018663895184
[22.4468905013055] 138.018673999771
[22.4637502022088] 138.018663895184
[22.4791674017906] 138.018673999771
[22.4966174010187] 138.018663895184
[22.5136690009385] 138.018663895184
[22.5288127008826] 138.018663895184
[22.5470137000084] 138.018663895184
[22.5636979993433] 138.018663895184
[22.579268399626] 138.018663895184
[22.5962731000036] 138.018663895184
[22.6134907994419] 36.2602031010271
[22.6294660996646] 36.2602031010271
[22.6464561000466] 36.260200449412
[22.6633375007659] 36.260200449412
[22.6804606001824] 36.2602031010271
[22.6962772998959] 36.2602031010271
[22.7135693989694] 36.2602031010271
[22.7296499982476] 36.2602031010271
[22.7462215982378] 36.2602031010271
[22.7635671980679] 36.2602031010271
[22.7795597985387] 36.2602031010271
[22.796403799206] 36.2602031010271
[22.812516098842] 36.2602031010271
[22.8292468991131] 36.2602031010271
[22.846604898572] 36.2602031010271
[22.8634708989412] 36.2602031010271
[22.879687698558] 36.260200449412
[22.8968994989991] 36.260200449412
[22.9127752985805] 36.2602031010271
[22.9299826994538] 36.2602031010271
[22.9457352999598] 36.2602031010271
[22.9633259996772] 36.260200449412
[22.9790957998484] 36.2602031010271
[22.9967998992652] 36.2602031010271
[23.012843599543] 36.2602031010271
[23.0297788996249] 36.2602031010271
[23.0468325987458] 36.2602031010271
[23.0627850983292] 36.2602031010271
[23.0791967976838] 36.260200449412
[23.096131997183] 36.2602031010271
[23.1127993967384] 36.2602031010271
[23.129988996312] 36.2602031010271
[23.1469060964882] 36.2602031010271
[23.1635671965778] 36.2602031010271
[23.1792556960136] 36.2602031010271
[23.1961374953389] 36.2602031010271
[23.2133066952229] 36.2602031010271
[23.2294857949018] 36.2602031010271
[23.2469242941588] 36.2602031010271
[23.2631829939783] 36.2602031010271
[23.2795421946794] 36.260200449412
[23.2962987944484] 36.2602031010271
[23.3125087935477] 36.2602031010271
[23.3295180927962] 36.2601977977968
[23.3469618931413] 36.2602031010271
[23.3621920933947] 36.260200449412
[23.3795054936782] 36.2602031010271
[23.3967446936294] 36.2602031010271
[23.4124233936891] 36.2602031010271
[23.4295402942225] 36.2601977977968
[23.4465677933767] 36.2602031010271
[23.4624512931332] 36.2602031010271
[23.479414193891] 36.2602031010271
[23.4961130945012] 36.2602031010271
[23.5136667946354] 36.2602031010271
[23.5293310945854] 36.2602031010271
[23.5466395942494] 36.260200449412
[23.5626995945349] 36.2602031010271
[23.5797599954531] 36.2602031010271
[23.5971839958802] 36.2602031010271
[23.6130342958495] 1.5643074945375
[23.6289538955316] 1.5643074945375
[23.6462336955592] 1.5643074945375
[23.6630761949345] 1.56430760528981
[23.67997939419] 1.56430760528981
[23.6961935935542] 1.56430760528981
[23.7134258942679] 1.5643074945375
[23.7289737947285] 1.5643074945375
[23.7459258940071] 1.5643074945375
[23.7630230933428] 1.5643074945375
[23.7790999934077] 1.5643074945375
[23.7960634939373] 1.5643074945375
[23.813673093915] 1.5643074945375
[23.8295085933059] 1.5643073837852
[23.8464732933789] 1.5643074945375
[23.8632883932441] 1.5643074945375
[23.8807507939637] 1.5643074945375
[23.8961617937312] 1.5643074945375
[23.9130373941734] 1.5643074945375
[23.9303105948493] 1.5643074945375
[23.9472480947152] 1.5643074945375
[23.9629859952256] 1.5643074945375
[23.9804185954854] 1.5643074945375
[23.9962452957407] 1.5643074945375
[24.0126115949824] 1.5643074945375
[24.0294412942603] 1.5643074945375
[24.0470539936796] 1.5643074945375
[24.0636237943545] 1.5643074945375
[24.0804807944223] 1.5643074945375
[24.0961664943025] 1.5643074945375
[24.1137717934325] 1.5643074945375
[24.1295355940238] 1.5643074945375
[24.145967294462] 1.5643074945375
[24.1633475953713] 1.5643074945375
[24.1802374953404] 1.5643074945375
[24.1962655959651] 1.5643074945375
[24.2133767968044] 1.5643074945375
[24.2293060971424] 1.5643074945375
[24.2465950967744] 1.5643074945375
[24.2634692965075] 1.5643074945375
[24.2793462956324] 1.5643074945375
[24.2962700957432] 1.5643074945375
[24.3137915963307] 1.5643074945375
[24.3304132958874] 1.5643074945375
[24.3462215950713] 1.56430760528981
[24.362471495755] 1.56430760528981
[24.3799501964822] 1.56430760528981
[24.3969011968002] 1.56430760528981
[24.4132384965196] 1.56430760528981
[24.4298635972664] 1.56430760528981
[24.4465693971142] 1.56430760528981
[24.4623132972047] 1.56430771604211
[24.4795089969411] 1.56430771604211
[24.4964850964025] 1.56430771604211
[24.5134442960843] 1.56430771604211
[24.5305090965703] 1.56430771604211
[24.5471543958411] 1.56430771604211
[24.5626489957795] 1.56430771604211
[24.5802145963535] 1.56430771604211
[24.5965626956895] 1.56430771604211
[24.6138197956607] 1.56430771604211
[24.6302599953488] 1.56430771604211
[24.646815395914] 1.56430760528981
[24.6638152962551] 1.56430760528981
[24.6792483963072] 1.56430771604211
[24.6961513962597] 1.56430771604211
[24.7135740965605] 1.56430771604211
[24.7296479959041] 1.56430771604211
[24.7469682954252] 1.56430771604211
[24.7624045955017] 1.56430771604211
[24.7802302958444] 1.56430771604211
[24.7964663961902] 1.56430771604211
[24.8124296953902] 1.56430760528981
[24.8300299951807] 1.56430771604211
[24.8457892956212] 1.56430771604211
[24.8628030950204] 1.56430760528981
[24.8800765955821] 1.56430771604211
[24.8969397963956] 1.56430771604211
[24.9138484960422] 1.56430771604211
[24.9292739965022] 1.56430771604211
[24.9463241957128] 1.56430771604211
[24.9632320962846] 1.56430771604211
[24.9802936967462] 1.56430782679441
[24.9960323963314] 1.56430771604211
[25.0139266960323] 1.56430771604211
[25.0296321958303] 1.56430771604211
[25.0468574967235] 1.56430771604211
[25.0636626966298] 1.56430771604211
[25.0797662958503] 1.56430771604211
[25.0957586951554] 1.56430771604211
[25.1132857948542] 1.56430771604211
[25.1290947943926] 1.56430782679441
[25.1462501939386] 1.56430782679441
[25.1635317932814] 1.56430782679441
[25.179052493535] 1.56430782679441
[25.1964727928862] 1.56430782679441
[25.2133007934317] 1.56430782679441
[25.2296666940674] 1.56430782679441
[25.2460700934753] 1.56430782679441
[25.2634664932266] 1.56430782679441
[25.2801819937304] 1.56430782679441
[25.2968031940982] 1.56430782679441
[25.3127888934687] 1.56430782679441
[25.3299239939079] 1.56430782679441
[25.3470882931724] 1.56430782679441
[25.3634845940396] 1.56430782679441
[25.3791524944827] 1.56430782679441
[25.3963532941416] 1.56430782679441
[25.4125962937251] 1.56430782679441
[25.4302437929437] 1.56430782679441
[25.4460777929053] 1.56430782679441
[25.4636458931491] 1.56430782679441
[25.4795035934076] 1.56430782679441
[25.4963900940493] 1.56430782679441
[25.5137772941962] 1.56430782679441
[25.5296462951228] 1.56430782679441
[25.5466783950105] 1.56430782679441
[25.5632958943024] 1.56430782679441
[25.57940869499] 1.56430782679441
[25.5962541950867] 1.56430782679441
[25.6129780942574] 1.56430782679441
[25.6301915934309] 1.56430782679441
[25.6459863940254] 1.56430782679441
[25.6626465944573] 1.56430782679441
[25.6798477945849] 1.56430782679441
[25.6967831952497] 1.56430782679441
[25.7128932951018] 1.56430782679441
[25.7296427944675] 1.56430782679441
[25.7464071949944] 1.56430782679441
[25.7636243952438] 1.56430793754671
[25.7794436952099] 1.56430782679441
[25.7956172944978] 1.56430793754671
[25.8127762945369] 1.56430793754671
[25.8301513949409] 1.56430793754671
[25.8461982952431] 1.56430793754671
[25.86301999446] 1.56430793754671
[25.8798505952582] 1.56430793754671
[25.896316495724] 1.56430793754671
[25.9131190953776] 1.56430793754671
[25.9299230957404] 1.56430804829902
[25.9467929964885] 1.56430804829902
[25.9623976964504] 1.56430804829902
[25.9795110970736] 1.56430804829902
[25.9961012974381] 1.56430804829902
[26.0127932969481] 1.56430804829902
[26.0293971970677] 1.56430815905132
[26.0465931966901] 1.56430815905132
[26.0638048965484] 63.4235709706757
[26.0795248970389] 63.4235709706757
[26.0962609965354] 63.4235709706757
[26.1137021966279] 63.4235709706757
[26.129478296265] 63.4235709706757
[26.1462879963219] 63.4235709706757
[26.1636596955359] 63.4235709706757
[26.1793251950294] 63.4235709706757
[26.1960945948958] 63.4235709706757
[26.2138562947512] 63.4235709706757
[26.2291491944343] 63.4235709706757
[26.2461516950279] 63.4235755215489
[26.2630269955844] 63.4235709706757
[26.2803093958646] 63.4235709706757
[26.2969088964164] 63.4235709706757
[26.3124430961907] 63.4235709706757
[26.329705895856] 63.4235664198026
[26.3471352960914] 63.4235664198026
[26.3636690955609] 90.562081419872
[26.379470994696] 90.562081419872
[26.3974361941218] 90.562074849976
[26.4127331944183] 90.562074849976
[26.4299579942599] 90.562074849976
[26.4457606943324] 90.562074849976
[26.4627785934135] 90.562074849976
[26.4796348931268] 90.562074849976
[26.495947192423] 90.562074849976
[26.5136080915108] 90.562074849976
[26.5298417909071] 90.562074849976
[26.54705419112] 90.562081419872
[26.5634963912889] 90.562074849976
[26.5790333915502] 90.562081419872
[26.5958798918873] 90.562074849976
[26.61368429102] 90.562074849976
[26.6292393906042] 90.562074849976
[26.6460460899398] 156.56704729712
[26.6636423906311] 156.56704729712
[26.6779644908383] 156.56705875947
[26.6972580915317] 156.56705875947
[26.7132835919037] 156.56705875947
[26.728935492225] 156.56705875947
[26.745925991796] 156.56705875947
[26.7631759913638] 156.56705875947
[26.7802566913888] 156.56705875947
[26.7964101908728] 156.56704729712
[26.8124947911128] 156.56705875947
[26.8296708902344] 156.56705875947
[26.8469511894509] 156.56705875947
[26.8624318893999] 156.56705875947
[26.8796184901148] 156.56705875947
[26.8969611898065] 111.199211544319
[26.9125115899369] 111.199211544319
[26.9294258905575] 111.199211544319
[26.9469953896478] 111.199211544319
[26.9622558895499] 111.199211544319
[26.9797981902957] 111.199211544319
[26.9956390894949] 111.199211544319
[27.0137601885945] 111.199211544319
[27.0293520884588] 111.199211544319
[27.0457935882732] 111.199211544319
[27.0627979887649] 111.199211544319
[27.0803376892582] 111.199211544319
[27.0970202898607] 111.199211544319
[27.1124853901565] 111.199211544319
[27.1294489894062] 111.199211544319
[27.1457535885274] 111.199219659367
[27.1633327882737] 111.199211544319
[27.1804448887706] 111.199211544319
[27.1963186878711] 111.199219659367
[27.2129657883197] 111.199211544319
[27.2298046890646] 111.199211544319
[27.2467911895365] 111.199211544319
[27.2637233901769] 111.199211544319
[27.2804653905332] 27.3957846819537
[27.2958854902536] 27.3957827660895
[27.3128676898777] 27.3957846819537
[27.329872790724] 27.3957846819537
[27.3470958899707] 27.3957846819537
[27.36274969019] 27.3957846819537
[27.3791569899768] 27.3957846819537
[27.3959725908935] 27.3957827660895
[27.4133402910084] 27.3957846819537
[27.4298339914531] 27.3957827660895
[27.4457823913544] 27.3957846819537
[27.4636657908559] 27.3957827660895
[27.479223690927] 27.3957827660895
[27.4966196902096] 27.3957827660895
[27.5124334897846] 27.3957827660895
[27.5291286893189] 27.3957827660895
[27.5458556897938] 27.3957827660895
[27.5631232894957] 27.3957827660895
[27.5803193897009] 27.3957827660895
[27.5963129904121] 27.3957846819537
[27.6127272900194] 27.3957827660895
[27.6292178891599] 27.3957827660895
[27.6460297890007] 27.3957827660895
[27.663345489651] 27.3957827660895
[27.679981989786] 27.3957827660895
[27.6956692896783] 27.3957827660895
[27.712911689654] 18.7839905673493
[27.7268280899152] 18.7839918647635
[27.7407444901764] 18.7839918647635
[27.7603654898703] 18.7839918647635
[27.7759607899934] 18.7839918647635
[27.793643290177] 18.7839918647635
[27.8091278905049] 18.7839918647635
[27.8261407902464] 18.7839918647635
[27.8431367902085] 18.7839918647635
[27.8603900903836] 18.7839918647635
[27.876063589938] 18.7839918647635
[27.8935841908678] 18.7839918647635
[27.9101286912337] 18.7839918647635
[27.9257518909872] 18.7839918647635
[27.9429713916034] 18.7839918647635
[27.9599716924131] 18.7839918647635
[27.975789392367] 18.7839918647635
[27.9928026925772] 18.7839918647635
[28.0097301919013] 18.7839918647635
[28.0265895910561] 18.7839918647635
[28.0427959915251] 18.7839918647635
[28.0599740911275] 18.7839918647635
[28.0771433915943] 18.7839918647635
[28.0939450915903] 18.7839918647635
[28.1093259919435] 18.7839918647635
[28.1266761925071] 18.7839918647635
[28.1433434933424] 18.7839918647635
[28.1595330927521] 18.7839918647635
[28.1771506927907] 18.7839918647635
[28.1928455922753] 18.7839918647635
[28.2098534926772] 18.7839931621776
[28.2263269927353] 18.7839918647635
[28.242806693539] 18.7839918647635
[28.2592343930155] 18.7839918647635
[28.2769983932376] 18.7839931621776
[28.292576293461] 18.7839918647635
[28.3103808937594] 18.7839918647635
[28.3266839934513] 13.5618924027852
[28.3424746943638] 13.5618924027852
[28.3600709950551] 13.5618924027852
[28.376308995299] 13.5618933055097
[28.3926817951724] 13.5618933055097
[28.4105017958209] 13.5618933055097
[28.4263698952273] 13.5618933055097
[28.4426733953878] 13.5618942082342
[28.4596707960591] 13.5618942082342
[28.4759238967672] 13.5618933055097
[28.492755596526] 13.5618933055097
[28.5097179962322] 13.5618933055097
[28.5263667954132] 13.5618933055097
[28.5431293947622] 13.5618933055097
[28.5594095950946] 13.5618933055097
[28.5771947959438] 13.5618933055097
[28.593477695249] 13.5618933055097
[28.609177694656] 13.5618933055097
[28.6267911950126] 13.5618933055097
[28.6438209945336] 13.5618933055097
[28.6599101936445] 13.5618933055097
[28.6763129932806] 13.5618933055097
[28.6934794941917] 13.5618933055097
[28.7102855937555] 13.5618933055097
[28.726394594647] 13.5618933055097
[28.7435339940712] 13.5618924027852
[28.7594234934077] 13.5618933055097
[28.7763531925157] 13.5618924027852
[28.7932911934331] 13.5618924027852
[28.8111193934456] 13.5618924027852
[28.8260123934597] 13.5618933055097
[28.8441444933414] 13.5618924027852
[28.8605421930552] 13.5618924027852
[28.876474192366] 13.5618924027852
[28.8926171921194] 13.5618924027852
[28.9092739913613] 13.5618924027852
[28.9259924907237] 12.683822310047
[28.9434810914099] 12.683822310047
[28.9634429905564] 12.683822310047
[28.9731410909444] 12.6838230977002
[28.9828391913325] 12.683822310047
[28.9925372917205] 12.6838215223938
[29.0143670924008] 12.683822310047
[29.0296729924157] 12.683822310047
[29.0475677931681] 12.683822310047
[29.0627437932417] 12.683822310047
[29.0798776941374] 12.6838215223938
[29.0968360947445] 12.6838215223938
[29.1127239940688] 12.683822310047
[29.1296264948323] 12.683822310047
[29.1464304951951] 12.683822310047
[29.1630779961124] 12.6838215223938
[29.180249796249] 12.6838215223938
[29.1970601966605] 12.683822310047
[29.2129212962463] 12.6838230977002
[29.23134789709] 12.6838230977002
[29.2472264962271] 12.6838230977002
[29.2634425954893] 12.6838230977002
[29.2808772949502] 12.6838238853534
[29.298141294159] 12.6838246730066
[29.3137028943747] 12.6838238853534
[29.3304944951087] 12.6838238853534
[29.3458959953859] 12.6838238853534
[29.3627362949774] 12.6838238853534
[29.3795821955428] 12.6838230977002
[29.3972161961719] 12.6838230977002
[29.4133405955508] 12.6838230977002
[29.4303230950609] 12.6838230977002
[29.4473828943446] 12.6838230977002
[29.4635075936094] 12.6838238853534
[29.4807129940018] 12.6838246730066
[29.4962621936575] 12.6838230977002
[29.5139426933601] 12.683822310047
[29.5300212940201] 17.6706917235698
[29.5470256945118] 17.670689663199
[29.5633175941184] 17.670689663199
[29.5796871939674] 17.670689663199
[29.5970375938341] 17.670689663199
[29.6135536944494] 17.6706917235698
[29.6297732936218] 17.670689663199
[29.6464205933735] 17.670689663199
[29.6638047927991] 17.6706917235698
[29.6796716926619] 17.670689663199
[29.6966435918584] 17.6706917235698
[29.7130133910105] 17.6706917235698
[29.7294945912436] 17.670689663199
[29.7464218912646] 17.6706917235698
[29.7639384912327] 17.6706937839405
[29.7795006912202] 17.6706937839405
[29.7969865910709] 17.6706917235698
[29.8143120910972] 17.6706917235698
[29.829534990713] 38.2116940402329
[29.8467919901013] 38.2116940402329
[29.8630424905568] 38.2116940402329
[29.8814120907336] 38.2116940402329
[29.8967213910073] 38.2116913408335
[29.9136131908745] 38.2116940402329
[29.9294842910022] 38.2116940402329
[29.9472117908299] 38.2116940402329
[29.963966390118] 38.2116940402329
[29.9804483894259] 38.2116940402329
[29.9967005886137] 38.2116940402329
[30.0139449890703] 38.2116940402329
