[0] 19.6000003814697
[0.0166666675359011] 19.5973323644561
[0.0333333350718021] 19.5946665092935
[0.0500000026077032] 19.5919955573363
[0.0666666701436043] 19.5893119860229
[0.0833333376795053] 19.586610066675
[0.100000005215406] 19.583881909378
[0.116666672751307] 19.5811216320003
[0.133333340287209] 19.5783224160308
[0.15000000782311] 19.5754786082598
[0.166666675359011] 19.5725855146513
[0.183333342894912] 19.5696372932515
[0.200000010430813] 19.5666280885087
[0.216666677966714] 19.5635551361794
[0.233333345502615] 19.5604139514096
[0.250000013038516] 19.5572010651098
[0.266666680574417] 19.5539143636351
[0.283333348110318] 19.550551398996
[0.300000015646219] 19.5471113636083
[0.31666668318212] 19.5435928502613
[0.333333350718021] 19.5399948716945
[0.350000018253922] 19.5363223871187
[0.366666685789824] 19.5325729008974
[0.383333353325725] 19.5287504011279
[0.400000020861626] 19.5248589376073
[0.416666688397527] 19.5208994289163
[0.433333355933428] 19.5168830283084
[0.450000023469329] 19.5128074780935
[0.46666669100523] 19.5086825237979
[0.483333358541131] 19.5045183178856
[0.500000026077032] 19.5003185307075
[0.516666693612933] 19.4960915630786
[0.533333361148834] 19.4918470744557
[0.550000028684735] 19.4875933021701
[0.566666696220636] 19.4833400648791
[0.583333363756537] 19.4790951664611
[0.600000031292439] 19.4748710409145
[0.61666669882834] 19.4706704885205
[0.633333366364241] 19.4665107008852
[0.650000033900142] 19.4623927297464
[0.666666701436043] 19.4583265733713
[0.683333368971944] 19.454319831161
[0.700000036507845] 19.4503782552283
[0.716666704043746] 19.4465049290821
[0.733333371579647] 19.4427057431265
[0.750000039115548] 19.4389812639612
[0.766666706651449] 19.4353323240186
[0.78333337418735] 19.4317621454093
[0.800000041723251] 19.4282635068832
[0.816666709259152] 19.4248362158443
[0.833333376795053] 19.4214760442968
[0.850000044330955] 19.4181754935797
[0.866666711866856] 19.4149260569948
[0.883333379402757] 19.4117252257593
[0.900000046938658] 19.4085596086443
[0.916666714474559] 19.4054164165926
[0.93333338201046] 19.4022920728774
[0.950000049546361] 19.3991728815795
[0.966666717082262] 19.3960478686762
[0.983333384618163] 19.3929061656146
[1.00000005215406] 19.3897375283962
[1.01666671968997] 19.3865342664974
[1.03333338722587] 19.3832849625165
[1.05000005476177] 19.3799824388525
[1.06666672229767] 19.3766195543931
[1.08333338983357] 19.3731905579395
[1.10000005736947] 19.3696904209393
[1.11666672490537] 19.3661185186516
[1.13333339244127] 19.3624686046327
[1.15000005997717] 19.3587447349136
[1.16666672751307] 19.3549458972512
[1.18333339504898] 19.3510747699455
[1.20000006258488] 19.3471355537361
[1.21666673012078] 19.3431333035579
[1.23333339765668] 19.3390709042166
[1.25000006519258] 19.3349589727594
[1.26666673272848] 19.3308044992878
[1.28333340026438] 19.3266116043008
[1.30000006780028] 19.3223925351109
[1.31666673533618] 19.318157232384
[1.33333340287209] 19.3139131002566
[1.35000007040799] 19.3096667456071
[1.36666673794389] 19.3054301890795
[1.38333340547979] 19.3012120640203
[1.40000007301569] 19.2970200776859
[1.41666674055159] 19.292861915359
[1.43333340808749] 19.2887450621018
[1.45000007562339] 19.2846763511878
[1.46666674315929] 19.2806616227104
[1.4833334106952] 19.2767081216762
[1.5000000782311] 19.2728179570795
[1.516666745767] 19.2689963269767
[1.5333334133029] 19.2652465054745
[1.5500000808388] 19.2615709401669
[1.5666667483747] 19.2579702344577
[1.5833334159106] 19.2544482373178
[1.6000000834465] 19.2510011127732
[1.6166667509824] 19.2476294595874
[1.6333334185183] 19.2443342583101
[1.65000008605421] 19.2411111724834
[1.66666675359011] 19.2379591767169
[1.68333342112601] 19.23487510413
[1.70000008866191] 19.2318552043512
[1.71666675619781] 19.2288949671662
[1.73333342373371] 19.2259909896072
[1.75000009126961] 19.2231370300453
[1.76666675880551] 19.2203296731904
[1.78333342634141] 19.2175620648613
[1.80000009387732] 19.2148298047232
[1.81666676141322] 19.2121267967765
[1.83333342894912] 19.2094468446118
[1.85000009648502] 19.2067827950323
[1.86666676402092] 19.2041302290846
[1.88333343155682] 19.2014822886246
[1.90000009909272] 19.1988319794941
[1.91666676662862] 19.1961749544796
[1.93333343416452] 19.1935040000588
[1.95000010170043] 19.190814514883
[1.96666676923633] 19.1880993379223
[1.98333343677223] 19.1853540879982
[2.00000010430813] 19.1825734586963
[2.01666677184403] 19.1797534867748
[2.03333343937993] 19.1768881588715
[2.05000010691583] 19.1739750710499
[2.06666677445173] 19.1710095002354
[2.08333344198763] 19.1679899301826
[2.10000010952353] 19.1649107187266
[2.11666677705944] 19.1617750879765
[2.13333344459534] 19.1585767283826
[2.15000011213124] 19.1553184712584
[2.16666677966714] 19.1519970949
[2.18333344720304] 19.1486163802799
[2.20000011473894] 19.1451758066543
[2.21666678227484] 19.141677910654
[2.23333344981074] 19.1381256530451
[2.25000011734664] 19.1345211051547
[2.26666678488255] 19.130871875062
[2.28333345241845] 19.1271768515558
[2.30000011995435] 19.123448395921
[2.31666678749025] 19.1196857417119
[2.33333345502615] 19.1158998831132
[2.35000012256205] 19.112096145763
[2.36666679009795] 19.108283878283
[2.38333345763385] 19.104468354625
[2.40000012516975] 19.1006584114412
[2.41666679270566] 19.0968611477132
[2.43333346024156] 19.0930857188631
[2.45000012777746] 19.0893390356191
[2.46666679531336] 19.0856291703349
[2.48333346284926] 19.0819618714862
[2.50000013038516] 19.0783452444187
[2.51666679792106] 19.0747835411258
[2.53333346545696] 19.0712852815619
[2.55000013299286] 19.0678491435852
[2.56666680052876] 19.0644841295512
[2.58333346806467] 19.0611858599216
[2.60000013560057] 19.0579590201744
[2.61666680313647] 19.0548023521208
[2.63333347067237] 19.0517158706611
[2.65000013820827] 19.0486922225778
[2.66666680574417] 19.0457337969441
[2.68333347328007] 19.04282745714
[2.70000014081597] 19.0399732487798
[2.71666680835187] 19.0371626095798
[2.73333347588778] 19.0343853999093
[2.75000014342368] 19.0316359289604
[2.76666681095958] 19.0289021716311
[2.78333347849548] 19.0261744950595
[2.80000014603138] 19.0234448087756
[2.81666681356728] 19.0207020904507
[2.83333348110318] 19.0179380381122
[2.85000014863908] 19.0151451077043
[2.86666681617498] 19.012310196395
[2.88333348371089] 19.0094299135727
[2.90000015124679] 19.0064951379022
[2.91666681878269] 19.0034998439053
[2.93333348631859] 19.0004410120308
[2.95000015385449] 18.9973132730301
[2.96666682139039] 18.9941192024656
[2.98333348892629] 18.9908493517743
[3.00000015646219] 18.9875134159452
[3.01666682399809] 18.9841046298406
[3.03333349153399] 18.9806316434843
[3.0500001590699] 18.9770939037177
[3.0666668266058] 18.9734953658926
[3.0833334941417] 18.9698453455853
[3.1000001616776] 18.9661492098583
[3.1166668292135] 18.9624097247075
[3.1333334967494] 18.9586373804139
[3.1500001642853] 18.9548394106368
[3.1666668318212] 18.9510226171655
[3.1833334993571] 18.9471968223071
[3.20000016689301] 18.9433683095396
[3.21666683442891] 18.9395439332074
[3.23333350196481] 18.9357341186801
[3.25000016950071] 18.9319432386358
[3.26666683703661] 18.9281800928613
[3.28333350457251] 18.9244481334368
[3.30000017210841] 18.9207581213084
[3.31666683964431] 18.9171087201065
[3.33333350718021] 18.9135107858376
[3.35000017471611] 18.9099630696311
[3.36666684225202] 18.9064723806538
[3.38333350978792] 18.9030396168093
[3.40000017732382] 18.8996684196052
[3.41666684485972] 18.8963566240325
[3.43333351239562] 18.8931066152603
[3.45000017993152] 18.8899189263112
[3.46666684746742] 18.8867928680541
[3.48333351500332] 18.883723842405
[3.50000018253922] 18.8807154113729
[3.51666685007513] 18.8777615616498
[3.53333351761103] 18.8748613834807
[3.55000018514693] 18.8720089724775
[3.56666685268283] 18.8692031364542
[3.58333352021873] 18.8664389367378
[3.60000018775463] 18.8637119297933
[3.61666685529053] 18.8610176403389
[3.63333352282643] 18.8583515927847
[3.65000019036233] 18.8557085737418
[3.66666685789824] 18.8530835611132
[3.68333352543414] 18.8504714037938
[3.70000019297004] 18.8478669449872
[3.71666686050594] 18.8452644746118
[3.73333352804184] 18.8426599897821
[3.75000019557774] 18.8400469233328
[3.76666686311364] 18.8374205351272
[3.78333353064954] 18.8347780954662
[3.80000019818544] 18.8321119893786
[3.81666686572134] 18.8294178941749
[3.83333353325725] 18.826696393664
[3.85000020079315] 18.8239394346248
[3.86666686832905] 18.8211440221701
[3.88333353586495] 18.818309027854
[3.90000020340085] 18.815430577731
[3.91666687093675] 18.812508021762
[3.93333353847265] 18.8095383494907
[3.95000020600855] 18.8065217928672
[3.96666687354445] 18.8034584306259
[3.98333354108036] 18.800347065834
[4.00000020861626] 18.7971893987939
[4.01666687615216] 18.793986650983
[4.03333354368806] 18.7907403380406
[4.05000021122396] 18.7874542293774
[4.06666687875986] 18.7841318644071
[4.08333354629576] 18.7807775423159
[4.10000021383166] 18.7773934758287
[4.11666688136756] 18.7739860439317
[4.13333354890347] 18.7705599088604
[4.15000021643937] 18.7671221578125
[4.16666688397527] 18.7636792839277
[4.18333355151117] 18.7602354029599
[4.20000021904707] 18.7567988969622
[4.21666688658297] 18.7533778720967
[4.23333355411887] 18.7499790427059
[4.25000022165477] 18.7466046607946
[4.26666688919067] 18.7432668782448
[4.28333355672657] 18.7399715177527
[4.30000022426248] 18.7367180458161
[4.31666689179838] 18.7335200328935
[4.33333355933428] 18.7303747511245
[4.35000022687018] 18.7272920960794
[4.36666689440608] 18.7242690141665
[4.38333356194198] 18.7213138175614
[4.40000022947788] 18.7184218208533
[4.41666689701378] 18.7155957802385
[4.43333356454968] 18.7128358579108
[4.45000023208559] 18.7101351701839
[4.46666689962149] 18.707495510904
[4.48333356715739] 18.7049115009192
[4.50000023469329] 18.7023751278817
[4.51666690222919] 18.6998810725294
[4.53333356976509] 18.6974245744314
[4.55000023730099] 18.6949948853863
[4.56666690483689] 18.6925852768592
[4.58333357237279] 18.6901895134344
[4.6000002399087] 18.6877947479259
[4.6166669074446] 18.685394693508
[4.6333335749805] 18.6829801096192
[4.6500002425164] 18.680544150188
[4.6666669100523] 18.6780756899738
[4.6833335775882] 18.6755668396788
[4.7000002451241] 18.6730140489916
[4.71666691266] 18.6704088347971
[4.7333335801959] 18.6677473339671
[4.7500002477318] 18.6650249869496
[4.76666691526771] 18.6622410194279
[4.78333358280361] 18.6593870536278
[4.80000025033951] 18.6564707003234
[4.81666691787541] 18.653486700864
[4.83333358541131] 18.6504347384483
[4.85000025294721] 18.6473205799445
[4.86666692048311] 18.6441460741389
[4.88333358801901] 18.6409159338841
[4.90000025555491] 18.6376361787842
[4.91666692309082] 18.6343069989854
[4.93333359062672] 18.6309376857509
[4.95000025816262] 18.6275373927408
[4.96666692569852] 18.6241061378093
[4.98333359323442] 18.6206548314236
[5.00000026077032] 18.6171912065912
[5.01666692830622] 18.6137199822234
[5.03333359584212] 18.6102492795378
[5.05000026337802] 18.6067844808569
[5.06666693091393] 18.6033309737331
[5.08333359844983] 18.5998978558811
[5.10000026598573] 18.5964904988655
[5.11666693352163] 18.593109554249
[5.13333360105753] 18.5897630812941
[5.15000026859343] 18.5864547949543
[5.16666693612933] 18.5831883119206
[5.18333360366523] 18.5799645827794
[5.20000027120113] 18.5767879862815
[5.21666693873703] 18.5736591815197
[5.23333360627294] 18.5705799003825
[5.25000027380884] 18.567548893249
[5.26666694134474] 18.5645700172236
[5.28333360888064] 18.5616354410944
[5.30000027641654] 18.5587505710241
[5.31666694395244] 18.5559134464208
[5.33333361148834] 18.5531175470323
[5.35000027902424] 18.5503638182977
[5.36666694656014] 18.5476492327924
[5.38333361409605] 18.5449700186074
[5.40000028163195] 18.5423227656117
[5.41666694916785] 18.5397028513809
[5.43333361670375] 18.5371089866838
[5.45000028423965] 18.5345343292872
[5.46666695177555] 18.5319755451281
[5.48333361931145] 18.5294272206673
[5.50000028684735] 18.5268889952767
[5.51666695438325] 18.5243504068377
[5.53333362191916] 18.5218141907602
[5.55000028945506] 18.5192698381706
[5.56666695699096] 18.516716688502
[5.58333362452686] 18.514148970962
[5.60000029206276] 18.5115641408016
[5.61666695959866] 18.5089582404149
[5.63333362713456] 18.50632818071
[5.65000029467046] 18.5036699814616
[5.66666696220636] 18.5009831615641
[5.68333362974226] 18.4982646942625
[5.70000029727817] 18.4955126771297
[5.71666696481407] 18.4927256619443
[5.73333363234997] 18.4899026818291
[5.75000029988587] 18.487043998663
[5.76666696742177] 18.4841495602431
[5.78333363495767] 18.4812192643855
[5.80000030249357] 18.478256602688
[5.81666697002947] 18.4752595553543
[5.83333363756537] 18.4722355636327
[5.85000030510128] 18.4691802168935
[5.86666697263718] 18.466104916632
[5.88333364017308] 18.4630096754423
[5.90000030770898] 18.4599002271638
[5.91666697524488] 18.4567774974823
[5.93333364278078] 18.4536511411792
[5.95000031031668] 18.4505248756518
[5.96666697785258] 18.4474061725373
[5.98333364538848] 18.4442944349306
[6.00000031292439] 18.4412034878102
[6.01666698046029] 18.4381337586706
[6.03333364799619] 18.4350961762831
[6.05000031553209] 18.4320905254803
[6.06666698306799] 18.4291254294481
[6.08333365060389] 18.4262062192026
[6.10000031813979] 18.4233343639464
[6.11666698567569] 18.4205153090514
[6.13333365321159] 18.4177576955726
[6.15000032074749] 18.4150550289784
[6.1666669882834] 18.4124134145633
[6.1833336558193] 18.4098331146782
[6.2000003233552] 18.407314840703
[6.2166669908911] 18.4048536982015
[6.233333658427] 18.4024537358053
[6.2500003259629] 18.4001079280669
[6.2666669934988] 18.3978123128509
[6.2833336610347] 18.3955619538345
[6.3000003285706] 18.3933543581945
[6.31666699610651] 18.391180065285
[6.33333366364241] 18.3890336081497
[6.35000033117831] 18.3869048533074
[6.36666699871421] 18.3847934172756
[6.38333366625011] 18.3826818299595
[6.40000033378601] 18.3805687891708
[6.41666700132191] 18.3784446665997
[6.43333366885781] 18.3763001561915
[6.45000033639371] 18.3741271182099
[6.46666700392962] 18.3719216543719
[6.48333367146552] 18.3696753743779
[6.50000033900142] 18.3673844970672
[6.51666700653732] 18.3650414892797
[6.53333367407322] 18.362641782389
[6.55000034160912] 18.3601850651455
[6.56666700914502] 18.3576658023514
[6.58333367668092] 18.3550842646086
[6.60000034421682] 18.3524405450737
[6.61666701175272] 18.3497352100882
[6.63333367928863] 18.3469675972493
[6.65000034682453] 18.3441422466991
[6.66666701436043] 18.3412603476748
[6.68333368189633] 18.3383261395819
[6.70000034943223] 18.3353453473783
[6.71666701696813] 18.3323203897189
[6.73333368450403] 18.3292579394942
[6.75000035203993] 18.3261644667045
[6.76666701957583] 18.3230427730297
[6.78333368711174] 18.3199036651349
[6.80000035464764] 18.3167485203166
[6.81666702218354] 18.3135862154087
[6.83333368971944] 18.3104210124831
[6.85000035725534] 18.3072587773875
[6.86666702479124] 18.304107595421
[6.88333369232714] 18.300969802732
[6.90000035986304] 18.2978500462406
[6.91666702739894] 18.2947535085033
[6.93333369493484] 18.2916836895953
[6.95000036247075] 18.2886433781177
[6.96666703000665] 18.2856362473212
[6.98333369754255] 18.2826640431449
[7.00000036507845] 18.2797290056248
[7.01666703261435] 18.2768341057406
[7.03333370015025] 18.2739750590912
[7.05000036768615] 18.2711566336106
[7.06666703522205] 18.2683770942164
[7.08333370275795] 18.2656356573377
[7.10000037029386] 18.2629327658599
[7.11666703782976] 18.2602633665171
[7.13333370536566] 18.2576305956223
[7.15000037290156] 18.2550260489366
[7.16666704043746] 18.252453832926
[7.18333370797336] 18.2499060736315
[7.20000037550926] 18.2473815590058
[7.21666704304516] 18.2448774200444
[7.23333371058106] 18.2423883274078
[7.25000037811697] 18.2399137781673
[7.26666704565287] 18.2374471831018
[7.28333371318877] 18.2349894038375
[7.30000038072467] 18.2325318160135
[7.31666704826057] 18.2300731702625
[7.33333371579647] 18.2276100767138
[7.35000038333237] 18.2251379143396
[7.36666705086827] 18.222656317031
[7.38333371840417] 18.2201594375445
[7.40000038594007] 18.2176459230947
[7.41666705347598] 18.2151143021565
[7.43333372101188] 18.2125588121115
[7.45000038854778] 18.2099827906034
[7.46666705608368] 18.2073814688884
[7.48333372361958] 18.2047535857868
[7.50000039115548] 18.2020992692364
[7.51666705869138] 18.1994182535165
[7.53333372622728] 18.1967118523342
[7.55000039376318] 18.1939801903305
[7.56666706129909] 18.1912223286415
[7.58333372883499] 18.1884436580336
[7.60000039637089] 18.1856428016104
[7.61666706390679] 18.1828250742245
[7.63333373144269] 18.1799916427348
[7.65000039897859] 18.177147173772
[7.66666706651449] 18.1742951222726
[7.68333373405039] 18.1714399477956
[7.70000040158629] 18.168583185012
[7.7166670691222] 18.1657355827876
[7.7333337366581] 18.162897755605
[7.750000404194] 18.1600753996175
[7.7666670717299] 18.1572717827699
[7.7833337392658] 18.1544963857512
[7.8000004068017] 18.151751848543
[7.8166670743376] 18.1490434924675
[7.8333337418735] 18.1463743549998
[7.8500004094094] 18.1437493626661
[7.8666670769453] 18.1411731834549
[7.88333374448121] 18.1386474666722
[7.90000041201711] 18.1361784236303
[7.91666707955301] 18.1337619223426
[7.93333374708891] 18.1314045560836
[7.95000041462481] 18.1291008499342
[7.96666708216071] 18.126858185187
[7.98333374969661] 18.124668704578
[8.00000041723251] 18.1225339753994
[8.01666708476841] 18.1204492547251
[8.03333375230432] 18.1184125689904
[8.05000041984022] 18.1164191308551
[8.06666708737612] 18.1144597171033
[8.08333375491202] 18.1125361165783
[8.10000042244792] 18.1106345513353
[8.11666708998382] 18.1087518999271
[8.13333375751972] 18.1068836166851
[8.15000042505562] 18.1050179311571
[8.16666709259152] 18.1031475503158
[8.18333376012743] 18.1012694819307
[8.20000042766333] 18.0993729359529
[8.21666709519923] 18.0974506245825
[8.23333376273513] 18.0954986809984
[8.25000043027103] 18.093508730958
[8.26666709780693] 18.0914764454129
[8.28333376534283] 18.0893977835776
[8.30000043287873] 18.087267482266
[8.31666710041463] 18.0850823081549
[8.33333376795053] 18.082840528218
[8.35000043548644] 18.0805392088781
[8.36666710302234] 18.0781809645599
[8.38333377055824] 18.0757612227706
[8.40000043809414] 18.0732866956737
[8.41666710563004] 18.0707526202343
[8.43333377316594] 18.0681656798348
[8.45000044070184] 18.0655271586386
[8.46666710823774] 18.0628433001045
[8.48333377577364] 18.060112463592
[8.50000044330955] 18.057343572713
[8.51666711084545] 18.054542552574
[8.53333377838135] 18.0517105270756
[8.55000044591725] 18.0488551703119
[8.56666711345315] 18.0459802663583
[8.58333378098905] 18.0430933620559
[8.60000044852495] 18.0401973589074
[8.61666711606085] 18.0373012617873
[8.63333378359675] 18.0344017588274
[8.65000045113266] 18.0315118860179
[8.66666711866856] 18.0286334941883
[8.68333378620446] 18.0257676822779
[8.70000045374036] 18.0229211101799
[8.71666712127626] 18.0200967679135
[8.73333378881216] 18.017295464867
[8.75000045634806] 18.0145201812828
[8.76666712388396] 18.0117719729699
[8.78333379141986] 18.0090568247583
[8.80000045895576] 18.0063671322895
[8.81666712649167] 18.0037118426014
[8.83333379402757] 18.0010867865784
[8.85000046156347] 17.9984917744561
[8.86666712909937] 17.9959256302419
[8.88333379663527] 17.9933891851372
[8.90000046417117] 17.9908789140542
[8.91666713170707] 17.9883952868025
[8.93333379924297] 17.9859327524657
[8.95000046677887] 17.9834913498828
[8.96666713431478] 17.9810719282938
[8.98333380185068] 17.9786648101002
[9.00000046938658] 17.9762728895601
[9.01666713692248] 17.9738902305902
[9.03333380445838] 17.9715156396253
[9.05000047199428] 17.9691451327564
[9.06666713953018] 17.9667771627467
[9.08333380706608] 17.9644084400095
[9.10000047460198] 17.9620348996589
[9.11666714213789] 17.9596561401832
[9.13333380967379] 17.9572669134994
[9.15000047720969] 17.9548672291149
[9.16666714474559] 17.9524543001853
[9.18333381228149] 17.9500261495116
[9.20000047981739] 17.9475827204203
[9.21666714735329] 17.9451206747882
[9.23333381488919] 17.9426403721689
[9.25000048242509] 17.940141456497
[9.26666714996099] 17.9376242710848
[9.2833338174969] 17.9350889010467
[9.3000004850328] 17.9325352892873
[9.3166671525687] 17.9299635731904
[9.3333338201046] 17.9273795451567
[9.3500004876405] 17.9247820656954
[9.3666671551764] 17.9221725265626
[9.3833338227123] 17.9195567546388
[9.4000004902482] 17.9169336427664
[9.4166671577841] 17.9143125674011
[9.43333382532001] 17.9116910782788
[9.45000049285591] 17.909076452361
[9.46666716039181] 17.9064723201109
[9.48333382792771] 17.9038834771182
[9.50000049546361] 17.9013136935752
[9.51666716299951] 17.8987684094359
[9.53333383053541] 17.896252026876
[9.55000049807131] 17.8937636166725
[9.56666716560721] 17.8913152481834
[9.58333383314312] 17.8889046980911
[9.60000050067902] 17.8865413610589
[9.61666716821492] 17.884220081657
[9.63333383575082] 17.8819520131382
[9.65000050328672] 17.8797341879985
[9.66666717082262] 17.8775699427524
[9.68333383835852] 17.8754595403308
[9.70000050589442] 17.8734010251669
[9.71666717343032] 17.8713954856614
[9.73333384096622] 17.8694428176274
[9.75000050850213] 17.8675389185203
[9.76666717603803] 17.8656833420858
[9.78333384357393] 17.8638705637057
[9.80000051110983] 17.8620976333377
[9.81666717864573] 17.860358518316
[9.83333384618163] 17.8586464229533
[9.85000051371753] 17.8569612256789
[9.86666718125343] 17.8552892495699
[9.88333384878933] 17.8536322939911
[9.90000051632524] 17.8519752788492
[9.91666718386114] 17.8503168338257
[9.93333385139704] 17.8486489646161
[9.95000051893294] 17.8469659339781
[9.96666718646884] 17.8452569011867
[9.98333385400474] 17.8435233700417
[10.0000005215406] 17.8417522120296
[10.0166671890765] 17.8399439610831
[10.0333338566124] 17.8380932761873
[10.0500005241483] 17.8361923919066
[10.0666671916842] 17.8342426780847
[10.0833338592201] 17.8322392429144
[10.100000526756] 17.8301821124902
[10.1166671942919] 17.8280668436032
[10.1333338618279] 17.8258991456589
[10.1500005293638] 17.8236752122217
[10.1666671968997] 17.8213967205389
[10.1833338644356] 17.8190660093742
[10.2000005319715] 17.8166855041627
[10.2166671995074] 17.8142573847558
[10.2333338670433] 17.8117867468675
[10.2500005345792] 17.8092769483725
[10.2666672021151] 17.8067307748926
[10.283333869651] 17.8041536898251
[10.3000005371869] 17.8015503272105
[10.3166672047228] 17.7989258863891
[10.3333338722587] 17.7962838104014
[10.3500005397946] 17.7936295209289
[10.3666672073305] 17.7909667243534
[10.3833338748664] 17.7883010131887
[10.4000005424023] 17.7856348842108
[10.4166672099382] 17.7829727908329
[10.4333338774741] 17.7803199258642
[10.45000054501] 17.7776771392213
[10.4666672125459] 17.7750489818173
[10.4833338800818] 17.7724390377348
[10.5000005476177] 17.7698447988722
[10.5166672151536] 17.7672733068545
[10.5333338826895] 17.7647244596328
[10.5500005502254] 17.7621981920852
[10.5666672177613] 17.7596955262521
[10.5833338852972] 17.7572166010319
[10.6000005528331] 17.7547616721142
[10.616667220369] 17.7523301060396
[10.6333338879049] 17.7499215556042
[10.6500005554408] 17.7475341102087
[10.6666672229767] 17.7451667340935
[10.6833338905126] 17.7428190719531
[10.7000005580485] 17.7404878008933
[10.7166672255844] 17.7381699508524
[10.7333338931203] 17.7358661044033
[10.7500005606562] 17.7335742098302
[10.7666672281921] 17.7312897578835
[10.783333895728] 17.7290111362227
[10.8000005632639] 17.726734982699
[10.8166672307998] 17.7244637337358
[10.8333338983357] 17.7221897511367
[10.8500005658716] 17.7199108806475
[10.8666672334075] 17.7176320157765
[10.8833339009434] 17.7153413675243
[10.9000005684793] 17.7130457882968
[10.9166672360152] 17.7107404898126
[10.9333339035511] 17.7084250629813
[10.950000571087] 17.7060975583465
[10.9666672386229] 17.703757007122
[10.9833339061588] 17.7014046248527
[11.0000005736947] 17.6990397535369
[11.0166672412306] 17.6966621564553
[11.0333339087665] 17.6942738318309
[11.0500005763024] 17.691874356294
[11.0666672438383] 17.6894666246073
[11.0833339113742] 17.6870521421927
[11.1000005789101] 17.6846327751379
[11.116667246446] 17.6822109475467
[11.1333339139819] 17.6797898078573
[11.1500005815178] 17.6773720447437
[11.1666672490537] 17.674960283464
[11.1833339165896] 17.6725594177734
[11.2000005841255] 17.6701712052449
[11.2166672516614] 17.667801598404
[11.2333339191973] 17.6654527774116
[11.2500005867332] 17.6631310998701
[11.2666672542691] 17.6608365054329
[11.283333921805] 17.6585780493547
[11.3000005893409] 17.65635146248
[11.3166672568768] 17.6541660362587
[11.3333339244127] 17.6520240197232
[11.3500005919486] 17.6499270239828
[11.3666672594845] 17.6478767800763
[11.3833339270204] 17.6458760161011
[11.4000005945563] 17.643922282335
[11.4166672620922] 17.6420223998384
[11.4333339296281] 17.6401721426522
[11.450000597164] 17.6383697357038
[11.4666672646999] 17.6366181445476
[11.4833339322358] 17.6349118441846
[11.5000005997717] 17.6332496674802
[11.5166672673076] 17.6316278164935
[11.5333339348435] 17.6300415822462
[11.5500006023794] 17.6284891072109
[11.5666672699153] 17.626963665174
[11.5833339374512] 17.6254583329608
[11.6000006049871] 17.6239700223607
[11.616667272523] 17.6224912111102
[11.6333339400589] 17.6210177522134
[11.6500006075948] 17.6195422760733
[11.6666672751307] 17.6180576211844
[11.6833339426666] 17.6165595817821
[11.7000006102026] 17.6150405620528
[11.7166672777385] 17.6134965231583
[11.7333339452744] 17.6119203051949
[11.7500006128103] 17.6103094618706
[11.7666672803462] 17.6086586879554
[11.7833339478821] 17.6069651840096
[11.800000615418] 17.6052237609615
[11.8166672829539] 17.6034318529501
[11.8333339504898] 17.6015915321154
