[0.0399999991059303] 0
[0.104795798659325] 0
[0.104795798659325] 0
[0.993538700044155] 0
[0.993538700044155] 0
[0.993538700044155] 0
[0.993538700044155] 0
[0.993538700044155] 0
[0.993538700044155] 0
[0.993538700044155] 0
[0.993538700044155] 0
[0.993538700044155] 0
[0.993538700044155] 0
[0.993538700044155] 0
[0.993538700044155] 0
[0.993538700044155] 0
[0.993538700044155] 0
[0.993538700044155] 0
[0.993538700044155] 0
[0.993538700044155] 0
[0.993538700044155] 0
[0.993538700044155] 0
[0.993538700044155] 0
[0.993538700044155] 0
[0.993538700044155] 0
[0.993538700044155] 0
[1.06223490089178] 0
[1.06223490089178] 0
[1.08884860016406] 0
[1.11597710102797] 0.00109574373345822
[1.11597710102797] 0.0125867379829288
[1.1421230006963] 0.0243353527039289
[1.16993020102382] 0.0355328470468521
[1.16993020102382] 0.0464195050299168
[1.19906950183213] 0.0564665123820305
[1.19906950183213] 0.0661478117108345
[1.22573840245605] 0.075196236371994
[1.2545847017318] 0.0835641175508499
[1.2545847017318] 0.0915798172354698
[1.28181200101972] 0.0991780906915665
[1.28181200101972] 0.106333151459694
[1.31283390149474] 0.113014936447144
[1.31283390149474] 0.11924010515213
[1.34484520182014] 0.125234022736549
[1.37618830054998] 0.131212651729584
[1.37618830054998] 0.137190729379654
[1.40502780117095] 0.14316900074482
[1.40502780117095] 0.149147391319275
[1.43573630042374] 0.155125826597214
[1.43573630042374] 0.161104470491409
[1.46576910093427] 0.167083233594894
[1.46576910093427] 0.173062086105347
[1.49593880027533] 0.179040923714638
[1.49593880027533] 0.185019940137863
[1.52796319872141] 0.190999016165733
[1.55642909929156] 0.196978166699409
[1.55642909929156] 0.202957272529602
[1.59001149982214] 0.208936527371407
[1.59001149982214] 0.214915826916695
[1.6206411998719] 0.220895171165466
[1.6206411998719] 0.226874470710754
[1.65389879979193] 0.232853889465332
[1.65389879979193] 0.238833352923393
[1.68541659973562] 0.244812846183777
[1.68541659973562] 0.250792264938354
[1.71959410049021] 0.256771832704544
[1.71959410049021] 0.262751400470734
[1.75206339918077] 0.268730998039246
[1.75206339918077] 0.274710536003113
[1.78632290102541] 0.280690163373947
[1.78632290102541] 0.286587834358215
[1.81927420012653] 0.292904436588287
[1.81927420012653] 0.2997787296772
[1.85456530191004] 0.306901216506958
[1.85456530191004] 0.314250409603119
[1.89019730128348] 0.32156503200531
[1.89019730128348] 0.32888251543045
[1.92741470225155] 0.336118847131729
[1.92741470225155] 0.34306874871254
[1.96694370172918] 0.349618673324585
[1.96694370172918] 0.356066524982452
[1.96694370172918] 0.362228840589523
[2.00839900039136] 0.367825031280518
[2.00839900039136] 0.372964233160019
[2.04448779858649] 0.377754718065262
[2.04448779858649] 0.382505387067795
[2.08082149736583] 0.38725882768631
[2.08082149736583] 0.392015099525452
[2.08082149736583] 0.396775603294373
[2.11829269863665] 0.401540249586105
[2.11829269863665] 0.406308859586716
[2.15511639975011] 0.411081284284592
[2.15511639975011] 0.415857434272766
[2.19200650043786] 0.420637130737305
[2.19200650043786] 0.42542028427124
[2.22716650180519] 0.430223882198334
[2.22716650180519] 0.435022115707397
[2.26575790159404] 0.439671099185944
[2.26575790159404] 0.444465965032578
[2.26575790159404] 0.449476569890976
[2.30671830289066] 0.454070150852203
[2.30671830289066] 0.458419471979141
[2.34503300301731] 0.462495803833008
[2.34503300301731] 0.466386824846268
[2.38373500294983] 0.470237612724304
[2.38373500294983] 0.474069833755493
[2.38373500294983] 0.477796912193298
[2.4216331038624] 0.481316775083542
[2.4216331038624] 0.484752893447876
[2.4597061034292] 0.488187164068222
[2.4597061034292] 0.491469591856003
[2.49770660512149] 0.494457900524139
[2.49770660512149] 0.497247487306595
[2.49770660512149] 0.499941498041153
[2.53833880461752] 0.502598166465759
[2.53833880461752] 0.505240142345428
[2.57604370452464] 0.50785219669342
[2.57604370452464] 0.510430872440338
[2.61388350464404] 0.512945830821991
[2.61388350464404] 0.515423059463501
[2.61388350464404] 0.517897605895996
[2.65329930372536] 0.520345509052277
[2.65329930372536] 0.522765338420868
[2.6912817042321] 0.525169372558594
[2.6912817042321] 0.527596294879913
[2.72931740246713] 0.53016984462738
[2.72931740246713] 0.533061325550079
[2.72931740246713] 0.536310791969299
[2.76827310211957] 0.539801120758057
[2.76827310211957] 0.543461263179779
[2.80893500335515] 0.547198116779327
[2.80893500335515] 0.550890803337097
[2.84684390388429] 0.554541170597076
[2.84684390388429] 0.558289706707001
[2.84684390388429] 0.562349259853363
[2.88510360382497] 0.566831111907959
[2.88510360382497] 0.571736395359039
[2.9234377052635] 0.576848268508911
[2.9234377052635] 0.581982910633087
[2.96294100396335] 0.587036728858948
[2.96294100396335] 0.592076182365417
[2.96294100396335] 0.597148537635803
[3.00302940420806] 0.602129518985748
[3.00302940420806] 0.607057988643646
[3.04185900278389] 0.611944198608398
[3.04185900278389] 0.616786956787109
[3.07967690192163] 0.621588587760925
[3.07967690192163] 0.626332759857178
[3.07967690192163] 0.631018221378326
[3.11781010217965] 0.635640561580658
[3.11781010217965] 0.640209197998047
[3.15458460338414] 0.644714593887329
[3.15458460338414] 0.649151384830475
[3.19396150298417] 0.65351814031601
[3.19396150298417] 0.657822668552399
[3.23063690401614] 0.662200033664703
[3.23063690401614] 0.666397988796234
[3.23063690401614] 0.670397162437439
[3.26905950345099] 0.674209773540497
[3.26905950345099] 0.67777681350708
[3.3094069045037] 0.6810462474823
[3.3094069045037] 0.684264540672302
[3.34688920341432] 0.687586188316345
[3.34688920341432] 0.691004574298859
[3.34688920341432] 0.694324493408203
[3.38774360157549] 0.697593808174133
[3.38774360157549] 0.700867772102356
[3.42457790113986] 0.704085350036621
[3.42457790113986] 0.707198560237885
[3.46202390082181] 0.710134148597717
[3.46202390082181] 0.712966024875641
[3.49780360050499] 0.715740323066711
[3.49780360050499] 0.718468904495239
[3.49780360050499] 0.72116881608963
[3.53858139924705] 0.723880410194397
[3.53858139924705] 0.726627349853516
[3.57856070064008] 0.729433536529541
[3.57856070064008] 0.732303440570831
[3.6187944021076] 0.73526918888092
[3.6187944021076] 0.738326013088226
[3.6187944021076] 0.741484999656677
[3.65659840218723] 0.744757413864136
[3.65659840218723] 0.748166739940643
[3.69540080241859] 0.751761019229889
[3.69540080241859] 0.755614280700684
[3.73192600347102] 0.759731769561768
[3.73192600347102] 0.764318764209747
[3.73192600347102] 0.76934540271759
[3.76973220519722] 0.774683773517609
[3.76973220519722] 0.780314862728119
[3.80764890648425] 0.786127030849457
[3.80764890648425] 0.792053461074829
[3.84484400786459] 0.798040986061096
[3.84484400786459] 0.804103672504425
[3.88452160917222] 0.810194611549377
[3.88452160917222] 0.816263556480408
[3.88452160917222] 0.822190642356873
[3.92194280959666] 0.827950596809387
[3.92194280959666] 0.833553910255432
[3.96126080863178] 0.839023411273956
[3.96126080863178] 0.844412624835968
[3.99790160916746] 0.849733471870422
[3.99790160916746] 0.854981422424316
[3.99790160916746] 0.860198140144348
[4.03887300752103] 0.865368068218231
[4.03887300752103] 0.870493769645691
[4.07556150667369] 0.875586688518524
[4.07556150667369] 0.880641400814056
[4.11149190552533] 0.885655999183655
[4.11149190552533] 0.890704572200775
[4.1495234053582] 0.895830094814301
[4.1495234053582] 0.901147425174713
[4.1495234053582] 0.906685173511505
[4.18552820570767] 0.912449598312378
[4.18552820570767] 0.918506801128387
[4.22440780512989] 0.924827337265015
[4.22440780512989] 0.931433439254761
[4.26375050656497] 0.938152849674225
[4.26375050656497] 0.944973587989807
[4.26375050656497] 0.951924800872803
[4.30317000485957] 0.959075093269348
[4.30317000485957] 0.966230750083923
[4.34137890301645] 0.973401248455048
[4.34137890301645] 0.980567097663879
[4.38042150251567] 0.987729430198669
[4.38042150251567] 0.994846224784851
[4.38042150251567] 1.00187790393829
[4.42097490094602] 1.00885474681854
[4.42097490094602] 1.01589024066925
[4.45783480070531] 1.02281153202057
[4.45783480070531] 1.02964246273041
[4.49511880241334] 1.03642344474792
[4.49511880241334] 1.04315567016602
[4.53128320164979] 1.04984569549561
[4.53128320164979] 1.05648827552795
[4.53128320164979] 1.06309533119202
[4.57109260000288] 1.06975340843201
[4.57109260000288] 1.07652950286865
[4.60770749859512] 1.08338952064514
[4.60770749859512] 1.09025049209595
[4.64574719779193] 1.09692454338074
[4.64574719779193] 1.10336887836456
[4.64574719779193] 1.10956203937531
[4.68532439880073] 1.11553609371185
[4.68532439880073] 1.12130486965179
[4.72182529978454] 1.12706065177917
[4.72182529978454] 1.13288640975952
[4.76012949831784] 1.13886320590973
[4.76012949831784] 1.1450309753418
[4.7962787989527] 1.15140616893768
[4.7962787989527] 1.15794825553894
[4.7962787989527] 1.16468346118927
[4.83464649878442] 1.17156767845154
[4.83464649878442] 1.17838740348816
[4.87150379829109] 1.18520414829254
[4.87150379829109] 1.1920086145401
[4.90972859971225] 1.19877052307129
[4.90972859971225] 1.20545125007629
[4.94665929861367] 1.21203351020813
[4.94665929861367] 1.21852612495422
[4.94665929861367] 1.22495460510254
[4.98456119932234] 1.2313232421875
[4.98456119932234] 1.23763120174408
[5.02357319928706] 1.2438737154007
[5.02357319928706] 1.25002574920654
[5.05860579945147] 1.25605607032776
[5.05860579945147] 1.26195514202118
[5.0956744980067] 1.26768922805786
[5.0956744980067] 1.27339565753937
[5.0956744980067] 1.27936005592346
[5.1315878983587] 1.28574252128601
[5.1315878983587] 1.29244756698608
[5.17019639723003] 1.29916667938232
[5.17019639723003] 1.30568385124207
[5.2063024956733] 1.31198501586914
[5.2063024956733] 1.31823360919952
[5.24371909536421] 1.32448518276215
[5.24371909536421] 1.33080065250397
[5.27987339533865] 1.33703303337097
[5.27987339533865] 1.34320330619812
[5.27987339533865] 1.34928786754608
[5.31701109372079] 1.35526931285858
[5.31701109372079] 1.36119139194489
[5.35386009328067] 1.36709916591644
[5.35386009328067] 1.373042345047
[5.38798369280994] 1.37903046607971
[5.38798369280994] 1.38504922389984
[5.42413489334285] 1.39102423191071
[5.42413489334285] 1.39690947532654
[5.45761029236019] 1.40272331237793
[5.45761029236019] 1.40850210189819
[5.4943850915879] 1.41427993774414
[5.4943850915879] 1.420081615448
[5.52738849259913] 1.42586946487427
[5.52738849259913] 1.43168425559998
[5.56389999203384] 1.43756639957428
[5.56389999203384] 1.44347178936005
[5.56389999203384] 1.44962584972382
[5.59809959121048] 1.45618486404419
[5.59809959121048] 1.46313691139221
[5.63508309237659] 1.47032988071442
[5.63508309237659] 1.47744762897491
[5.66815419308841] 1.48433375358582
[5.66815419308841] 1.4909565448761
[5.7032162938267] 1.49731874465942
[5.7032162938267] 1.50350570678711
[5.73630059324205] 1.50956618785858
[5.73630059324205] 1.515509724617
[5.77145579271019] 1.52134847640991
[5.77145579271019] 1.52719795703888
[5.80571019090712] 1.53316080570221
[5.80571019090712] 1.53927326202393
[5.84211858920753] 1.545539021492
[5.84211858920753] 1.55192375183105
[5.87640178762376] 1.55838489532471
[5.87640178762376] 1.56484830379486
[5.91243998892605] 1.57126748561859
[5.91243998892605] 1.57759094238281
[5.91243998892605] 1.58382308483124
[5.95065358839929] 1.58998370170593
[5.95065358839929] 1.59608733654022
[5.98455858789384] 1.60210990905762
[5.98455858789384] 1.60803508758545
[6.01967168785632] 1.61389183998108
[6.01967168785632] 1.61983203887939
[6.05294858850539] 1.6261522769928
[6.05294858850539] 1.63283276557922
[6.08914308808744] 1.63979864120483
[6.08914308808744] 1.6468243598938
[6.12201588787138] 1.65366697311401
[6.12201588787138] 1.66029846668243
[6.15833618678153] 1.66679346561432
[6.15833618678153] 1.67312407493591
[6.19139558635652] 1.67942810058594
[6.19139558635652] 1.6857362985611
[6.22893678583205] 1.69205915927887
[6.22893678583205] 1.69840061664581
[6.22893678583205] 1.70481848716736
[6.26468768529594] 1.71140384674072
[6.26468768529594] 1.71822798252106
[6.30125898681581] 1.72528660297394
[6.30125898681581] 1.73249566555023
[6.33655998669565] 1.73982381820679
[6.33655998669565] 1.7472208738327
[6.37206778489053] 1.7545337677002
[6.37206778489053] 1.76174461841583
[6.40836978517473] 1.7688592672348
[6.40836978517473] 1.77588713169098
[6.44325688667595] 1.78283870220184
[6.44325688667595] 1.78970730304718
[6.47876398824155] 1.79645359516144
[6.47876398824155] 1.80307865142822
[6.47876398824155] 1.80980551242828
[6.51433728821576] 1.81686317920685
[6.51433728821576] 1.82405602931976
[6.55112458951771] 1.83111929893494
[6.55112458951771] 1.83799397945404
[6.58724308945239] 1.84483170509338
[6.58724308945239] 1.85177004337311
[6.62553418986499] 1.85890913009644
[6.62553418986499] 1.86636030673981
[6.66185318864882] 1.87405204772949
[6.66185318864882] 1.88184452056885
[6.70055289007723] 1.88968706130981
[6.70055289007723] 1.89751899242401
[6.70055289007723] 1.90547120571136
[6.73815899156034] 1.91347110271454
[6.73815899156034] 1.92161905765533
[6.77539199031889] 1.92992293834686
[6.77539199031889] 1.93834400177002
[6.81153539009392] 1.94687294960022
[6.81153539009392] 1.9554181098938
[6.84748168848455] 1.96390533447266
[6.84748168848455] 1.97231376171112
[6.84748168848455] 1.98062038421631
[6.91968548856676] 1.98882400989532
[6.91968548856676] 1.99693465232849
[6.91968548856676] 2.00496196746826
[6.91968548856676] 2.01294326782227
[6.99391329102218] 2.02088785171509
[6.99391329102218] 2.02877807617188
[6.99391329102218] 2.03687596321106
[7.03287578932941] 2.04526805877686
[7.03287578932941] 2.05366015434265
[7.07042889110744] 2.06185436248779
[7.07042889110744] 2.06981611251831
[7.10638049058616] 2.0775363445282
[7.10638049058616] 2.08504915237427
[7.14240329153836] 2.09239912033081
[7.14240329153836] 2.09969449043274
[7.14240329153836] 2.10697841644287
[7.18126928992569] 2.11427330970764
[7.18126928992569] 2.12152934074402
[7.21735368855298] 2.12879180908203
[7.21735368855298] 2.13601064682007
[7.254862787202] 2.14339542388916
[7.254862787202] 2.15086221694946
[7.29345788620412] 2.15846967697144
[7.29345788620412] 2.16609358787537
[7.29345788620412] 2.17372107505798
[7.33260088600218] 2.18134188652039
[7.33260088600218] 2.18903088569641
[7.37018338777125] 2.19669890403748
[7.37018338777125] 2.20425701141357
[7.40869078598917] 2.21171450614929
[7.40869078598917] 2.21912240982056
[7.40869078598917] 2.22645497322083
[7.44631208665669] 2.23372864723206
[7.44631208665669] 2.24111223220825
[7.48304288648069] 2.24876165390015
[7.48304288648069] 2.25674390792847
[7.52183528803289] 2.26509189605713
[7.52183528803289] 2.27373170852661
[7.55806068889797] 2.28246235847473
[7.55806068889797] 2.29104804992676
[7.59597908891737] 2.29940032958984
[7.59597908891737] 2.30749940872192
[7.59597908891737] 2.31535172462463
[7.63187458924949] 2.32302784919739
[7.63187458924949] 2.33061909675598
[7.66996988840401] 2.33806920051575
[7.66996988840401] 2.34538197517395
[7.70600718818605] 2.35272669792175
[7.70600718818605] 2.36034035682678
[7.74439518712461] 2.36824321746826
[7.74439518712461] 2.37622261047363
[7.74439518712461] 2.38405394554138
[7.78473298810422] 2.39176964759827
[7.78473298810422] 2.39939379692078
[7.82024438865483] 2.40694689750671
[7.82024438865483] 2.41453146934509
[7.85923828743398] 2.42202138900757
[7.85923828743398] 2.42944169044495
[7.85923828743398] 2.43677854537964
[7.89656438864768] 2.44411087036133
[7.89656438864768] 2.45155453681946
[7.93685738928616] 2.45925211906433
[7.93685738928616] 2.46723628044128
[7.97543028928339] 2.47553277015686
[7.97543028928339] 2.48416924476624
[7.97543028928339] 2.49315237998962
[8.01259388960898] 2.50233507156372
[8.01259388960898] 2.511563539505
[8.05101638846099] 2.52063608169556
[8.05101638846099] 2.52945280075073
[8.08675238676369] 2.53802084922791
[8.08675238676369] 2.54633378982544
[8.12541268579662] 2.5544068813324
[8.12541268579662] 2.56223702430725
[8.12541268579662] 2.56989026069641
[8.16360878758132] 2.57737874984741
[8.16360878758132] 2.58486247062683
[8.20229698903859] 2.59241509437561
[8.20229698903859] 2.60011911392212
[8.23956648819149] 2.6080961227417
[8.23956648819149] 2.61626052856445
[8.27683848701417] 2.62462282180786
[8.27683848701417] 2.63315653800964
[8.27683848701417] 2.64169597625732
[8.31623108871281] 2.65012431144714
[8.31623108871281] 2.65845012664795
[8.35178679041564] 2.66668128967285
[8.35178679041564] 2.67482399940491
[8.3895900901407] 2.68305420875549
[8.3895900901407] 2.69142079353333
[8.42568598873913] 2.69976782798767
[8.42568598873913] 2.70834755897522
[8.42568598873913] 2.71723961830139
[8.46509579010308] 2.72630167007446
[8.46509579010308] 2.73530459403992
[8.50236189179122] 2.74412393569946
[8.50236189179122] 2.75270628929138
[8.54079449363053] 2.76112294197083
[8.54079449363053] 2.76942443847656
[8.57711899466813] 2.77757835388184
[8.57711899466813] 2.78557300567627
[8.57711899466813] 2.79337215423584
[8.61643099598587] 2.80112218856812
[8.61643099598587] 2.80881977081299
[8.6565603967756] 2.81661629676819
[8.6565603967756] 2.82448744773865
[8.69310139678419] 2.83259415626526
[8.69310139678419] 2.84098529815674
[8.69310139678419] 2.84968566894531
[8.73090969584882] 2.85868096351624
[8.73090969584882] 2.8679256439209
[8.77198529429734] 2.87734270095825
[8.77198529429734] 2.88697266578674
[8.80948919244111] 2.89674425125122
[8.80948919244111] 2.90656399726868
[8.80948919244111] 2.91628408432007
[8.84744089283049] 2.92597079277039
[8.84744089283049] 2.93589782714844
[8.8851255942136] 2.94608068466187
[8.8851255942136] 2.95621514320374
[8.92595179565251] 2.96643924713135
[8.92595179565251] 2.97673940658569
[8.92595179565251] 2.98699331283569
[8.96455549634993] 2.99748563766479
[8.96455549634993] 3.00822043418884
[9.00459439493716] 3.01921844482422
[9.00459439493716] 3.03049874305725
[9.0442699957639] 3.04191946983337
[9.0442699957639] 3.05352377891541
[9.0442699957639] 3.06526517868042
[9.0821188967675] 3.0770149230957
[9.0821188967675] 3.0888032913208
[9.11738819815218] 3.10062408447266
[9.11738819815218] 3.11248660087585
[9.11738819815218] 3.12440943717957
[9.11738819815218] 3.13641929626465
[9.19003229774535] 3.14856910705566
[9.19003229774535] 3.16072654724121
[9.19003229774535] 3.17296814918518
[9.22648779861629] 3.18546843528748
[9.22648779861629] 3.1981053352356
[9.2637825999409] 3.21075463294983
[9.2637825999409] 3.2233612537384
[9.3019701000303] 3.23609471321106
[9.3019701000303] 3.24893283843994
[9.33786950074136] 3.26181697845459
[9.33786950074136] 3.27483749389648
[9.33786950074136] 3.28788733482361
[9.37581150047481] 3.30109143257141
[9.37581150047481] 3.31447100639343
[9.41069160215557] 3.3279983997345
[9.41069160215557] 3.34177374839783
[9.44762020371854] 3.35553073883057
[9.44762020371854] 3.36959314346313
[9.48318660445511] 3.38384604454041
[9.48318660445511] 3.39800524711609
[9.52056480385363] 3.4123547077179
[9.52056480385363] 3.42680382728577
[9.55564720369875] 3.44142246246338
[9.55564720369875] 3.45612502098083
[9.55564720369875] 3.4709165096283
[9.59628970362246] 3.48586058616638
[9.59628970362246] 3.50107526779175
[9.63364410214126] 3.51659917831421
[9.63364410214126] 3.53235292434692
[9.66944310255349] 3.54829502105713
[9.66944310255349] 3.56445693969727
[9.70685520209372] 3.5807785987854
[9.70685520209372] 3.59727716445923
[9.70685520209372] 3.61401772499084
[9.74263450317085] 3.63091397285461
[9.74263450317085] 3.6480610370636
[9.7788808029145] 3.66543221473694
[9.7788808029145] 3.68284344673157
[9.81332510150969] 3.70040154457092
[9.81332510150969] 3.71806740760803
[9.84885430149734] 3.73576951026917
[9.84885430149734] 3.75352144241333
[9.8818545024842] 3.77133584022522
[9.8818545024842] 3.78918838500977
[9.91829720325768] 3.80716252326965
[9.91829720325768] 3.82519340515137
[9.95223200507462] 3.84326553344727
[9.95223200507462] 3.86132574081421
[9.98939810506999] 3.8793842792511
[9.98939810506999] 3.89741444587708
[9.98939810506999] 3.9154589176178
[10.0289429035038] 3.93354177474976
[10.0289429035038] 3.95166420936584
[10.0647060032934] 3.96977806091309
[10.0647060032934] 3.98805642127991
[10.1006368044764] 4.00655841827393
[10.1006368044764] 4.02524089813232
[10.1359207052737] 4.04406595230103
[10.1359207052737] 4.0629940032959
[10.1730150040239] 4.08202695846558
[10.1730150040239] 4.101158618927
[10.1730150040239] 4.12044906616211
[10.2081384044141] 4.13996458053589
[10.2081384044141] 4.15949964523315
[10.2453206051141] 4.17901039123535
[10.2453206051141] 4.19858741760254
[10.2794628050178] 4.21835041046143
[10.2794628050178] 4.23818445205688
[10.3172328043729] 4.25810813903809
[10.3172328043729] 4.27798795700073
[10.3537815045565] 4.29818487167358
[10.3537815045565] 4.31871795654297
[10.3910439033061] 4.33945894241333
[10.3910439033061] 4.36015272140503
[10.3910439033061] 4.38077306747437
[10.4264977034181] 4.40131568908691
[10.4264977034181] 4.42173051834106
[10.4632121045142] 4.44231081008911
[10.4632121045142] 4.46280288696289
[10.4996823053807] 4.483154296875
[10.4996823053807] 4.50350856781006
[10.536376805976] 4.52390480041504
[10.536376805976] 4.54435014724731
[10.5722325053066] 4.56485509872437
[10.5722325053066] 4.58547353744507
[10.5722325053066] 4.60625076293945
[10.6086947042495] 4.62715005874634
[10.6086947042495] 4.64812898635864
[10.6452399026603] 4.66930866241455
[10.6452399026603] 4.6905779838562
[10.6796797011048] 4.71176481246948
[10.6796797011048] 4.73285722732544
[10.7171209026128] 4.75394201278687
[10.7171209026128] 4.77515888214111
[10.7517021019012] 4.79655981063843
[10.7517021019012] 4.81807279586792
[10.790299301967] 4.83973026275635
[10.790299301967] 4.86160612106323
[10.790299301967] 4.8837833404541
[10.8265835028142] 4.9062032699585
[10.8265835028142] 4.92891359329224
[10.8649105038494] 4.95197200775146
[10.8649105038494] 4.97517538070679
[10.9026912022382] 4.99848031997681
[10.9026912022382] 5.02196264266968
[10.9395520035177] 5.04541969299316
[10.9395520035177] 5.06896781921387
[10.9395520035177] 5.09255266189575
[10.9779323022813] 5.11614894866943
[10.9779323022813] 5.13972568511963
[11.0143627021462] 5.16319227218628
[11.0143627021462] 5.18654775619507
[11.0525584015995] 5.20979833602905
[11.0525584015995] 5.23293304443359
[11.0902930032462] 5.25596284866333
[11.0902930032462] 5.27893018722534
[11.0902930032462] 5.30184173583984
[11.1317182015628] 5.32468748092651
[11.1317182015628] 5.34755420684814
[11.1691521015018] 5.37057876586914
[11.1691521015018] 5.3937201499939
[11.2047783005983] 5.41690158843994
[11.2047783005983] 5.44012641906738
[11.2047783005983] 5.463454246521
[11.2438348997384] 5.4868745803833
[11.2438348997384] 5.51037359237671
[11.2801325004548] 5.53405714035034
[11.2801325004548] 5.55802631378174
[11.3193046990782] 5.58228874206543
[11.3193046990782] 5.60680866241455
[11.3546748999506] 5.6315975189209
[11.3546748999506] 5.65655899047852
[11.3546748999506] 5.68163537979126
[11.3939826991409] 5.70692539215088
[11.3939826991409] 5.7323751449585
[11.4316599983722] 5.75801277160645
[11.4316599983722] 5.78375291824341
[11.4689897987992] 5.80965232849121
[11.4689897987992] 5.83573532104492
[11.5052756983787] 5.86186647415161
[11.5052756983787] 5.88792705535889
[11.5052756983787] 5.91417741775513
[11.5431912969798] 5.94036912918091
[11.5431912969798] 5.96669769287109
[11.5807522963732] 5.99332904815674
[11.5807522963732] 6.01992893218994
[11.6175837945193] 6.04651308059692
[11.6175837945193] 6.07298469543457
[11.6553787942976] 6.09953022003174
[11.6553787942976] 6.12616968154907
[11.6553787942976] 6.15277624130249
[11.6922682952136] 6.17930364608765
[11.6922682952136] 6.20579719543457
[11.730600995943] 6.23241519927979
[11.730600995943] 6.25919151306152
[11.7678053956479] 6.28596019744873
[11.7678053956479] 6.3127498626709
[11.8048233967274] 6.33963203430176
[11.8048233967274] 6.36669683456421
[11.8048233967274] 6.3940806388855
[11.8449456971139] 6.42170190811157
[11.8449456971139] 6.44938039779663
[11.8905968982726] 6.47739791870117
[11.8905968982726] 6.50546932220459
[11.8905968982726] 6.53361225128174
[11.9293353985995] 6.56175708770752
[11.9293353985995] 6.58984279632568
[11.9661698993295] 6.61800336837769
[11.9661698993295] 6.64626693725586
[12.003895400092] 6.67473697662354
[12.003895400092] 6.70333480834961
[12.0417800005525] 6.73197841644287
[12.0417800005525] 6.7605619430542
[12.0417800005525] 6.78906726837158
[12.0804999005049] 6.8178071975708
[12.0804999005049] 6.84683561325073
[12.1187783014029] 6.8759331703186
[12.1187783014029] 6.90508270263672
[12.1559617016464] 6.93457698822021
[12.1559617016464] 6.96437358856201
[12.1559617016464] 6.9943642616272
[12.1947244014591] 7.02442979812622
[12.1947244014591] 7.0545482635498
[12.2316370029002] 7.08510732650757
[12.2316370029002] 7.11601400375366
[12.2684256043285] 7.14686441421509
[12.2684256043285] 7.17764139175415
[12.3044400047511] 7.20866298675537
[12.3044400047511] 7.23996353149414
[12.3044400047511] 7.27137422561646
[12.3422383051366] 7.30277109146118
[12.3422383051366] 7.33411645889282
[12.3801040034741] 7.3656792640686
[12.3801040034741] 7.3976035118103
[12.4178103040904] 7.42947959899902
[12.4178103040904] 7.46123456954956
[12.4571688044816] 7.49285507202148
[12.4571688044816] 7.52459478378296
[12.4571688044816] 7.55646228790283
[12.4960822034627] 7.58822107315063
[12.4960822034627] 7.61987972259521
[12.5341722052544] 7.65163230895996
[12.5341722052544] 7.68360996246338
[12.5723806042224] 7.71574306488037
[12.5723806042224] 7.74796009063721
[12.5723806042224] 7.78032684326172
[12.6121288035065] 7.81270408630371
[12.6121288035065] 7.8450608253479
[12.6508642043918] 7.87762069702148
[12.6508642043918] 7.91056871414185
[12.6871002037078] 7.94364070892334
[12.6871002037078] 7.97680234909058
[12.72696900554] 8.00995349884033
[12.72696900554] 8.04310321807861
[12.72696900554] 8.07624530792236
[12.765836706385] 8.10965538024902
[12.765836706385] 8.14361190795898
[12.8040155079216] 8.17789459228516
[12.8040155079216] 8.21259498596191
[12.8040155079216] 8.24762725830078
[12.8419323060662] 8.28276443481445
[12.8419323060662] 8.31869316101074
[12.8772249054164] 8.35452175140381
[12.8772249054164] 8.39051055908203
[12.9163684044033] 8.42679500579834
[12.9163684044033] 8.46320152282715
[12.9636307042092] 8.49972915649414
[12.9636307042092] 8.53641510009766
[12.9636307042092] 8.57322216033936
[13.0041641052812] 8.61023902893066
[13.0041641052812] 8.64734840393066
[13.0041641052812] 8.68473243713379
[13.0428122039884] 8.72228050231934
[13.0428122039884] 8.7599515914917
[13.0772692058235] 8.79770183563232
[13.0772692058235] 8.8353271484375
[13.1155781056732] 8.87362766265869
[13.1155781056732] 8.91265106201172
[13.1524483058602] 8.95179176330566
[13.1524483058602] 8.99111366271973
[13.1922758053988] 9.03097438812256
[13.1922758053988] 9.0705509185791
[13.1922758053988] 9.11061859130859
[13.2322805058211] 9.15125846862793
[13.2322805058211] 9.19218921661377
[13.2697040047497] 9.23385906219482
[13.2697040047497] 9.27621078491211
[13.305796103552] 9.31897449493408
[13.305796103552] 9.3618688583374
[13.305796103552] 9.40500736236572
[13.3432402033359] 9.44836330413818
[13.3432402033359] 9.49181652069092
[13.3813686016947] 9.53514862060547
[13.3813686016947] 9.57888221740723
[13.4190014023334] 9.62249183654785
[13.4190014023334] 9.66619396209717
[13.4585253018886] 9.71084880828857
[13.4585253018886] 9.7559928894043
[13.4585253018886] 9.80165767669678
[13.495469102636] 9.84753799438477
[13.495469102636] 9.89341259002686
[13.5327621009201] 9.93928718566895
[13.5327621009201] 9.98516273498535
[13.571333700791] 10.0312490463257
[13.571333700791] 10.0784006118774
[13.571333700791] 10.1269645690918
[13.6088354010135] 10.1750793457031
[13.6088354010135] 10.2229309082031
[13.6462501008064] 10.2711324691772
[13.6462501008064] 10.3200616836548
[13.6819984000176] 10.3703374862671
[13.6819984000176] 10.4213972091675
[13.7194569986314] 10.47252368927
[13.7194569986314] 10.5237226486206
[13.7549413982779] 10.5750036239624
[13.7549413982779] 10.6266107559204
[13.7549413982779] 10.6786155700684
[13.7935382965952] 10.732045173645
[13.7935382965952] 10.7874746322632
[13.8308364953846] 10.8428916931152
[13.8308364953846] 10.8984184265137
[13.8688604962081] 10.9539909362793
[13.8688604962081] 11.0096492767334
[13.9079616945237] 11.0654544830322
[13.9079616945237] 11.1216993331909
[13.9079616945237] 11.1783094406128
[13.9465633947402] 11.2350645065308
[13.9465633947402] 11.2919015884399
[13.9869997929782] 11.3502988815308
[13.9869997929782] 11.4107046127319
[14.0260741915554] 11.471399307251
[14.0260741915554] 11.5324201583862
[14.0260741915554] 11.5934715270996
[14.0652769897133] 11.6545524597168
[14.0652769897133] 11.7156543731689
[14.1026771906763] 11.7772207260132
[14.1026771906763] 11.8385610580444
[14.1403369922191] 11.900013923645
[14.1403369922191] 11.9614992141724
[14.1403369922191] 12.0230407714844
[14.1775806937367] 12.0847883224487
[14.1775806937367] 12.1512594223022
[14.2127045933157] 12.2166032791138
[14.2127045933157] 12.2819871902466
[14.2496269922704] 12.3475112915039
[14.2496269922704] 12.4134016036987
[14.2846485916525] 12.4805946350098
[14.2846485916525] 12.547981262207
[14.3237838912755] 12.6155767440796
[14.3237838912755] 12.6832752227783
[14.3237838912755] 12.7510051727295
[14.3611691910774] 12.8187379837036
[14.3611691910774] 12.8864707946777
[14.3978830892593] 12.9542045593262
[14.3978830892593] 13.0219392776489
[14.4340320881456] 13.089674949646
[14.4340320881456] 13.1574106216431
[14.47151648812] 13.2251472473145
[14.47151648812] 13.2928848266602
[14.47151648812] 13.3606224060059
[14.5095959883183] 13.4283609390259
[14.5095959883183] 13.4961004257202
[14.5470337886363] 13.5638399124146
[14.5470337886363] 13.6315317153931
[14.5848390888423] 13.6990833282471
[14.5848390888423] 13.7666635513306
[14.6202025879174] 13.8342523574829
[14.6202025879174] 13.9021377563477
[14.6565349865705] 13.9697284698486
[14.6565349865705] 14.0373191833496
[14.6565349865705] 14.1049108505249
[14.6932855863124] 14.1725025177002
[14.6932855863124] 14.2400941848755
[14.7297695856541] 14.3076877593994
[14.7297695856541] 14.375280380249
[14.7673664856702] 14.4428749084473
[14.7673664856702] 14.5104684829712
[14.8043101858348] 14.5794353485107
[14.8043101858348] 14.6477584838867
[14.8043101858348] 14.7160806655884
[14.8432622868568] 14.7844047546387
[14.8432622868568] 14.852728843689
[14.8792505878955] 14.9210557937622
[14.8792505878955] 14.9893827438354
[14.9160743895918] 15.057710647583
[14.9160743895918] 15.1260395050049
[14.9510896895081] 15.1943702697754
[14.9510896895081] 15.2627029418945
[14.9889409895986] 15.3310356140137
[14.9889409895986] 15.3993682861328
[14.9889409895986] 15.4677038192749
[15.0267062913626] 15.536039352417
[15.0267062913626] 15.6043748855591
[15.0638859923929] 15.6727123260498
[15.0638859923929] 15.7410497665405
[15.1002748925239] 15.811637878418
[15.1002748925239] 15.8804407119751
[15.1355134937912] 15.9492082595825
[15.1355134937912] 16.0179748535156
[15.1719167921692] 16.0867443084717
[15.1719167921692] 16.1555194854736
[15.1719167921692] 16.2244358062744
[15.2074507903308] 16.2933940887451
[15.2074507903308] 16.3625602722168
[15.2442299891263] 16.4321670532227
[15.2442299891263] 16.5013256072998
[15.2788876909763] 16.5705261230469
[15.2788876909763] 16.6396789550781
[15.3187548909336] 16.7088375091553
[15.3187548909336] 16.777961730957
[15.3562495913357] 16.8470993041992
[15.3562495913357] 16.9161891937256
[15.3562495913357] 16.9852771759033
[15.3942351918668] 17.0543308258057
[15.3942351918668] 17.1233863830566
[15.4308901932091] 17.1924076080322
[15.4308901932091] 17.2614345550537
[15.4674982931465] 17.3306636810303
[15.4674982931465] 17.3997802734375
[15.5059302914888] 17.468936920166
[15.5059302914888] 17.5380706787109
[15.5059302914888] 17.60719871521
[15.5436220932752] 17.6763248443604
[15.5436220932752] 17.7454528808594
[15.5812442917377] 17.8145809173584
[15.5812442917377] 17.8837108612061
[15.6168595906347] 17.9528388977051
[15.6168595906347] 18.0219688415527
[15.6550706904382] 18.0910987854004
[15.6550706904382] 18.160228729248
[15.6550706904382] 18.2293586730957
[15.6930171903223] 18.2984886169434
[15.6930171903223] 18.3676204681396
[15.7303064893931] 18.4367523193359
[15.7303064893931] 18.5058841705322
[15.7681383881718] 18.5750160217285
[15.7681383881718] 18.6441478729248
[15.8047874886543] 18.7132797241211
[15.8047874886543] 18.782413482666
[15.8047874886543] 18.8515472412109
[15.8427357878536] 18.9206790924072
[15.8427357878536] 18.9898147583008
[15.8782501872629] 19.0589466094971
[15.8782501872629] 19.1280822753906
[15.9151755888015] 19.1972179412842
[15.9151755888015] 19.2663516998291
[15.9505328889936] 19.3354892730713
[15.9505328889936] 19.4046230316162
[15.9886474888772] 19.4737606048584
[15.9886474888772] 19.542896270752
[15.9886474888772] 19.6120319366455
[16.0268702898175] 19.6811676025391
[16.0268702898175] 19.7503070831299
[16.0666908901185] 19.8194427490234
[16.0666908901185] 19.8885803222656
[16.1043389905244] 19.9577198028564
[16.1043389905244] 20.02685546875
[16.1043389905244] 20.0959949493408
[16.1416020896286] 20.165132522583
[16.1416020896286] 20.2342720031738
[16.1812653895468] 20.3034114837646
[16.1812653895468] 20.3725509643555
[16.2193810883909] 20.4416904449463
[16.2193810883909] 20.5108299255371
[16.257579786703] 20.5799713134766
[16.257579786703] 20.6491107940674
[16.257579786703] 20.7182521820068
[16.2942859884351] 20.7873916625977
[16.2942859884351] 20.8565330505371
[16.3323167879134] 20.9256725311279
[16.3323167879134] 20.994815826416
[16.3759380895644] 21.0639572143555
[16.3759380895644] 21.1330986022949
[16.3759380895644] 21.2022399902344
[16.412405891344] 21.2713832855225
[16.412405891344] 21.3405265808105
[16.4502700921148] 21.40966796875
[16.4502700921148] 21.4788112640381
[16.4868286903948] 21.5479545593262
[16.4868286903948] 21.6170978546143
[16.5243535917252] 21.6862411499023
[16.5243535917252] 21.7553844451904
[16.5243535917252] 21.8245277404785
[16.5620317924768] 21.8936729431152
[16.5620317924768] 21.962818145752
[16.6001396942884] 22.03196144104
[16.6001396942884] 22.1011066436768
[16.6383633930236] 22.1702499389648
[16.6383633930236] 22.2393970489502
[16.6383633930236] 22.3085422515869
[16.6754468921572] 22.3776874542236
[16.6754468921572] 22.4468326568604
[16.7132276911288] 22.5159778594971
[16.7132276911288] 22.5851230621338
[16.7507114913315] 22.6542701721191
[16.7507114913315] 22.7234172821045
[16.7903343904763] 22.7925624847412
[16.7903343904763] 22.8617095947266
[16.7903343904763] 22.9308567047119
[16.8275896888226] 23.0000038146973
[16.8275896888226] 23.0691509246826
[16.8665491882712] 23.1382999420166
[16.8665491882712] 23.2074451446533
[16.9062836896628] 23.2765941619873
[16.9062836896628] 23.3457412719727
[16.9062836896628] 23.4148902893066
[16.9454438891262] 23.484037399292
[16.9454438891262] 23.5531845092773
[16.9849842879921] 23.6223335266113
[16.9849842879921] 23.6914825439453
[17.0216444898397] 23.7606334686279
[17.0216444898397] 23.8297805786133
[17.0216444898397] 23.8989295959473
[17.0634737890214] 23.9680786132813
[17.0634737890214] 24.0372276306152
[17.1011032890528] 24.1063785552979
[17.1011032890528] 24.1755275726318
[17.1394908893853] 24.2446784973145
[17.1394908893853] 24.3138275146484
[17.1394908893853] 24.3829784393311
[17.1813756879419] 24.452127456665
[17.1813756879419] 24.5212783813477
[17.2188675869256] 24.5904293060303
[17.2188675869256] 24.6595802307129
[17.259728686884] 24.7287292480469
[17.259728686884] 24.7978801727295
[17.259728686884] 24.8670330047607
[17.3005080875009] 24.9361820220947
[17.3005080875009] 25.005334854126
[17.339316887781] 25.0744857788086
[17.339316887781] 25.1436386108398
[17.339316887781] 25.2127895355225
[17.3790461886674] 25.2819423675537
[17.3790461886674] 25.3510932922363
[17.4160483870655] 25.4202461242676
[17.4160483870655] 25.4893970489502
[17.4592533875257] 25.5585498809814
[17.4592533875257] 25.6277027130127
[17.4592533875257] 25.6968555450439
[17.5001673866063] 25.7660083770752
[17.5001673866063] 25.8351612091064
[17.5398206878453] 25.9043140411377
[17.5398206878453] 25.9734668731689
[17.5398206878453] 26.0426197052002
[17.5804701875895] 26.1117725372314
[17.5804701875895] 26.1809272766113
[17.6188738886267] 26.2500801086426
[17.6188738886267] 26.3192348480225
[17.6565390881151] 26.3883895874023
[17.6565390881151] 26.4575424194336
[17.6565390881151] 26.5266971588135
[17.6962537895888] 26.5958499908447
[17.6962537895888] 26.6650047302246
[17.7337419893593] 26.7341575622559
[17.7337419893593] 26.8033123016357
[17.7703089881688] 26.8724670410156
[17.7703089881688] 26.9416217803955
[17.8051446881145] 27.010778427124
[17.8051446881145] 27.0799312591553
[17.8051446881145] 27.1490879058838
[17.844634288922] 27.218240737915
[17.844634288922] 27.2873973846436
[17.8808510880917] 27.3565521240234
[17.8808510880917] 27.4257068634033
[17.918459886685] 27.4948616027832
[17.918459886685] 27.5640182495117
[17.9558238852769] 27.6331748962402
[17.9558238852769] 27.7023296356201
[17.9558238852769] 27.7714862823486
[17.9946145843714] 27.8406410217285
[17.9946145843714] 27.909797668457
[18.0335484836251] 27.9789524078369
[18.0335484836251] 28.0481090545654
[18.0691894832999] 28.1172657012939
[18.0691894832999] 28.1864223480225
[18.1073532830924] 28.255578994751
[18.1073532830924] 28.3247356414795
[18.1073532830924] 28.3938941955566
[18.1437078844756] 28.4630489349365
[18.1437078844756] 28.5322074890137
[18.1817395854741] 28.6013622283936
[18.1817395854741] 28.6705207824707
[18.2191641870886] 28.7396755218506
[18.2191641870886] 28.8088340759277
[18.258516388014] 28.8779907226563
[18.258516388014] 28.9471492767334
[18.258516388014] 29.0163059234619
[18.2975897882134] 29.0854644775391
[18.2975897882134] 29.1546230316162
[18.3374339882284] 29.2237796783447
[18.3374339882284] 29.2929382324219
[18.3374339882284] 29.3620948791504
[18.3784831892699] 29.4312534332275
[18.3784831892699] 29.5004100799561
[18.4167709890753] 29.5695705413818
[18.4167709890753] 29.6387271881104
[18.4548559878021] 29.7978363037109
[18.4548559878021] 30.0053768157959
[18.4548559878021] 30.3035888671875
[18.4930059891194] 30.6029052734375
[18.4930059891194] 30.9010734558105
[18.5300582889467] 31.1996765136719
[18.5300582889467] 31.4987030029297
[18.5680088903755] 31.7981414794922
[18.5680088903755] 32.0979804992676
[18.6064868886024] 32.3982086181641
[18.6064868886024] 32.6988105773926
[18.6064868886024] 32.9997825622559
[18.6466722879559] 33.3011169433594
[18.6466722879559] 33.6027946472168
[18.6841497886926] 33.9048118591309
[18.6841497886926] 34.207160949707
[18.722800290212] 34.5098266601563
[18.722800290212] 34.8128089904785
[18.722800290212] 35.116096496582
[18.7618879918009] 35.4196815490723
[18.7618879918009] 35.7235527038574
[18.7974027935416] 36.0277061462402
[18.7974027935416] 36.3321380615234
[18.8362066950649] 36.6368370056152
[18.8362066950649] 36.9417953491211
[18.8717933949083] 37.2470092773438
[18.8717933949083] 37.5524749755859
[18.8717933949083] 37.8581809997559
[18.9099994953722] 38.164119720459
[18.9099994953722] 38.4702949523926
[18.9449408967048] 38.7766952514648
[18.9449408967048] 39.0833168029785
[18.9852416981012] 39.3901519775391
[18.9852416981012] 39.6972007751465
[19.020896198228] 40.004451751709
[19.020896198228] 40.3119049072266
[19.020896198228] 40.6180381774902
[19.0609385985881] 40.9107856750488
[19.0609385985881] 41.1933174133301
[19.0977980997413] 41.4759521484375
[19.0977980997413] 41.7586898803711
[19.1345638986677] 42.0415191650391
[19.1345638986677] 42.3244476318359
[19.1730454992503] 42.6074714660645
[19.1730454992503] 42.8905868530273
[19.1730454992503] 43.1737899780273
[19.2098629977554] 43.457088470459
[19.2098629977554] 43.7404670715332
[19.2478466983885] 44.0239295959473
[19.2478466983885] 44.3057746887207
[19.2835192997009] 44.5828895568848
[19.2835192997009] 44.8564605712891
[19.3216003011912] 45.1301155090332
[19.3216003011912] 45.4038467407227
[19.3216003011912] 45.6776466369629
[19.3602828998119] 45.9515266418457
[19.3602828998119] 46.2254753112793
[19.3965783994645] 46.4994926452637
[19.3965783994645] 46.7735862731934
[19.4340435992926] 47.0477447509766
[19.4340435992926] 47.3219680786133
[19.4688931982964] 47.596263885498
[19.4688931982964] 47.8706207275391
[19.5060835983604] 48.1450386047363
[19.5060835983604] 48.4195251464844
[19.5060835983604] 48.6940689086914
[19.542461598292] 48.9686737060547
[19.542461598292] 49.2433433532715
[19.5820177998394] 49.51806640625
[19.5820177998394] 49.7928466796875
[19.6181340012699] 50.0676879882813
[19.6181340012699] 50.3425827026367
[19.6575834024698] 50.6175308227539
[19.6575834024698] 50.8925361633301
[19.6575834024698] 51.167594909668
[19.6955531034619] 51.4427032470703
[19.6955531034619] 51.7178649902344
[19.7312738019973] 51.9930725097656
[19.7312738019973] 52.2683372497559
[19.7682733032852] 52.5436477661133
[19.7682733032852] 52.8190040588379
[19.804238403216] 53.0944137573242
[19.804238403216] 53.3698654174805
[19.804238403216] 53.6453628540039
[19.8418213035911] 53.9209098815918
[19.8418213035911] 54.1898536682129
[19.8772606048733] 54.4418830871582
[19.8772606048733] 54.675235748291
[19.9139251057059] 54.9009628295898
[19.9139251057059] 55.1267166137695
[19.9493937063962] 55.3524971008301
[19.9493937063962] 55.5783004760742
[19.9887188058347] 55.8041343688965
[19.9887188058347] 56.0299949645996
[19.9887188058347] 56.2558784484863
[20.0263303052634] 56.4817848205566
[20.0263303052634] 56.7077178955078
[20.0654145050794] 56.9336776733398
[20.0654145050794] 57.1596603393555
[20.1051052045077] 57.3856658935547
[20.1051052045077] 57.6116981506348
[20.1051052045077] 57.8377494812012
[20.1443366054446] 58.0638275146484
[20.1443366054446] 58.2899284362793
[20.185983305797] 58.5160446166992
[20.185983305797] 58.7421913146973
[20.2270657066256] 58.9683570861816
[20.2270657066256] 59.1945457458496
[20.2270657066256] 59.4207572937012
[20.2695287074894] 59.6469879150391
[20.2695287074894] 59.8732414245605
[20.3089334089309] 60.0995140075684
[20.3089334089309] 60.3258056640625
[20.3089334089309] 60.5521240234375
[20.3499783072621] 60.7784576416016
[20.3499783072621] 61.0048141479492
[20.3905270081013] 61.2311897277832
[20.3905270081013] 61.4575805664063
[20.3905270081013] 61.6839942932129
[20.4300928097218] 61.9104270935059
[20.4300928097218] 62.1368789672852
[20.4696455094963] 62.3633460998535
[20.4696455094963] 62.5898323059082
[20.5103061106056] 62.8163414001465
[20.5103061106056] 63.0428657531738
[20.5103061106056] 63.2694091796875
[20.5536381099373] 63.4959716796875
[20.5536381099373] 63.7225456237793
[20.5986582096666] 63.9491424560547
[20.5986582096666] 64.1757507324219
[20.5986582096666] 64.4023818969727
[20.6433186102659] 64.6290283203125
[20.6433186102659] 64.8556900024414
[20.6433186102659] 65.0823669433594
[20.6841746103019] 65.3090667724609
[20.6841746103019] 65.535774230957
[20.7261948119849] 65.7625045776367
[20.7261948119849] 65.9892425537109
[20.7261948119849] 66.2160034179688
[20.7682949136943] 66.4427719116211
[20.7682949136943] 66.669563293457
[20.8086120132357] 66.896369934082
[20.8086120132357] 67.1231918334961
[20.8086120132357] 67.3500213623047
[20.8492989148945] 67.5768737792969
[20.8492989148945] 67.8037338256836
[20.8887512143701] 68.0306091308594
[20.8887512143701] 68.2574996948242
[20.8887512143701] 68.4844055175781
[20.9302176143974] 68.7113265991211
[20.9302176143974] 68.9382629394531
[20.9701458159834] 69.1652069091797
[20.9701458159834] 69.3921737670898
[21.0125728156418] 69.6191482543945
[21.0125728156418] 69.8461380004883
[21.0125728156418] 70.073127746582
[21.0570213142782] 70.3001480102539
[21.0570213142782] 70.5271682739258
[21.0570213142782] 70.7542114257813
[21.0974304135889] 70.9812622070313
[21.0974304135889] 71.2083282470703
[21.142144812271] 71.4354095458984
[21.142144812271] 71.6624908447266
[21.142144812271] 71.8895950317383
[21.1851117108017] 72.1167068481445
[21.1851117108017] 72.3438339233398
[21.2239542100579] 72.5709686279297
[21.2239542100579] 72.7981185913086
[21.2239542100579] 73.0252838134766
[21.2667262088507] 73.2524566650391
[21.2667262088507] 73.4796371459961
[21.3077559079975] 73.7068328857422
[21.3077559079975] 73.9340362548828
[21.3077559079975] 74.1612548828125
[21.3464871067554] 74.3884811401367
[21.3464871067554] 74.6157150268555
[21.3867370057851] 74.8429718017578
[21.3867370057851] 75.0702285766602
[21.4250266049057] 75.2975006103516
[21.4250266049057] 75.5247802734375
[21.4250266049057] 75.752067565918
[21.4707980062813] 75.9793701171875
[21.4707980062813] 76.2066879272461
[21.4707980062813] 76.4340057373047
[21.5125513058156] 76.6613388061523
[21.5125513058156] 76.8886871337891
[21.5536361057311] 77.1160354614258
[21.5536361057311] 77.3433990478516
[21.5992208067328] 77.5707702636719
[21.5992208067328] 77.7981491088867
[21.5992208067328] 78.0255432128906
[21.6470078062266] 78.2529449462891
[21.6470078062266] 78.480354309082
[21.6470078062266] 78.707763671875
[21.6898751053959] 78.9351959228516
[21.6898751053959] 79.1626358032227
[21.6898751053959] 79.3900756835938
[21.7355545070022] 79.6175384521484
[21.7355545070022] 79.8450012207031
[21.780352005735] 80.0724716186523
[21.780352005735] 80.2999572753906
[21.780352005735] 80.5274429321289
[21.8236989062279] 80.7549438476563
[21.8236989062279] 80.9824523925781
[21.8236989062279] 81.2099685668945
[21.8678161073476] 81.4374923706055
[21.8678161073476] 81.6650238037109
[21.9149871077389] 81.8925628662109
[21.9149871077389] 82.1201095581055
[21.9149871077389] 82.3476715087891
[21.963356109336] 82.5752334594727
[21.963356109336] 82.8028030395508
[21.963356109336] 83.0303802490234
[22.0106294099241] 83.2579727172852
[22.0106294099241] 83.4855651855469
[22.0106294099241] 83.7131729125977
[22.0607837084681] 83.9407806396484
[22.0607837084681] 84.1684036254883
[22.0607837084681] 84.3960266113281
[22.1042433101684] 84.623664855957
[22.1042433101684] 84.8513107299805
[22.1042433101684] 85.0789566040039
[22.1424800101668] 85.3066101074219
[22.1424800101668] 85.5342788696289
[22.1824847105891] 85.7619476318359
[22.1824847105891] 85.9896240234375
[22.2200909089297] 86.2173080444336
[22.2200909089297] 86.4449920654297
[22.2610232103616] 86.6726913452148
[22.2610232103616] 86.9003982543945
[22.2610232103616] 87.1281127929688
[22.3030652087182] 87.355827331543
[22.3030652087182] 87.5835571289063
[22.3445345070213] 87.8112945556641
[22.3445345070213] 88.0390319824219
[22.3445345070213] 88.2667770385742
[22.3866954054683] 88.4945297241211
[22.3866954054683] 88.7222900390625
[22.4259313065559] 88.9500503540039
[22.4259313065559] 89.1778259277344
[22.4259313065559] 89.4056015014648
[22.464509608224] 89.6333847045898
[22.464509608224] 89.8611755371094
[22.5026539098471] 90.0889739990234
[22.5026539098471] 90.316764831543
[22.5445040110499] 90.5445785522461
[22.5445040110499] 90.7723922729492
[22.5445040110499] 91.0002136230469
[22.5853404123336] 91.2280426025391
[22.5853404123336] 91.4558715820313
[22.624861812219] 91.683708190918
[22.624861812219] 91.9115600585938
[22.624861812219] 92.139404296875
[22.6655283104628] 92.3672637939453
[22.6655283104628] 92.5951232910156
[23.1813742890954] 92.8229904174805
[23.1813742890954] 93.0508651733398
[23.1813742890954] 93.2787399291992
[23.1813742890954] 93.5066223144531
[23.1813742890954] 93.7345123291016
[23.1813742890954] 93.9624099731445
[23.1813742890954] 94.1903076171875
[23.1813742890954] 94.4182052612305
[23.1813742890954] 94.6461181640625
[23.1813742890954] 94.8740386962891
[23.1813742890954] 95.1019592285156
[23.1813742890954] 95.3298873901367
[23.1813742890954] 95.5578155517578
[23.1813742890954] 95.7857513427734
[23.1813742890954] 96.0136947631836
[23.1813742890954] 96.2416381835938
[23.1813742890954] 96.469596862793
[23.1813742890954] 96.6975479125977
[23.1813742890954] 96.9255142211914
[23.1813742890954] 97.1534805297852
[23.1813742890954] 97.3814544677734
[23.1813742890954] 97.6094284057617
[23.247763087973] 97.8374099731445
[23.247763087973] 98.0653915405273
[23.2881097886711] 98.2933807373047
[23.2881097886711] 98.5213775634766
[23.2881097886711] 98.7493743896484
[23.3288621883839] 98.9773788452148
[23.3288621883839] 99.2053909301758
[23.3681543897837] 99.4334030151367
[23.3681543897837] 99.6614227294922
[23.4086386915296] 99.8894500732422
[23.4086386915296] 100.117477416992
[23.4086386915296] 100.345504760742
[23.4474599901587] 100.573547363281
[23.4474599901587] 100.801582336426
[23.4852612894028] 101.029632568359
[23.4852612894028] 101.257682800293
[23.5249150898308] 101.485733032227
[23.5249150898308] 101.713790893555
[23.5249150898308] 101.941856384277
[23.5635982882231] 102.169914245605
[23.5635982882231] 102.397987365723
[23.6017321888357] 102.62606048584
[23.6017321888357] 102.854141235352
[23.6410165894777] 103.082229614258
[23.6410165894777] 103.310317993164
[23.6410165894777] 103.53840637207
[23.6775534879416] 103.766502380371
[23.6775534879416] 103.994598388672
[23.7155492883176] 104.222702026367
[23.7155492883176] 104.450813293457
[23.7533356901258] 104.678924560547
[23.7533356901258] 104.907043457031
[23.7533356901258] 105.135162353516
[23.7939371895045] 105.36328125
[23.7939371895045] 105.591407775879
[23.8337465878576] 105.819541931152
[23.8337465878576] 106.047668457031
[23.8718059863895] 106.275810241699
[23.8718059863895] 106.503952026367
[23.8718059863895] 106.732093811035
[23.9111168850213] 106.960243225098
[23.9111168850213] 107.188400268555
[23.9490338843316] 107.416557312012
[23.9490338843316] 107.644714355469
[23.9868402834982] 107.87287902832
[23.9868402834982] 108.101051330566
[23.9868402834982] 108.329216003418
[24.0244557838887] 108.557395935059
[24.0244557838887] 108.785568237305
[24.0624169837683] 109.01375579834
[24.0624169837683] 109.24193572998
[24.0999964829534] 109.470123291016
[24.0999964829534] 109.698318481445
[24.1368748825043] 109.92650604248
[24.1368748825043] 110.154708862305
[24.1368748825043] 110.382911682129
[24.1746258828789] 110.611114501953
[24.1746258828789] 110.839324951172
[24.2093669828027] 111.067535400391
[24.2093669828027] 111.295753479004
[24.2478158827871] 111.523971557617
[24.2478158827871] 111.75218963623
[24.2839020844549] 111.980415344238
[24.2839020844549] 112.208648681641
[24.3220091853291] 112.436874389648
[24.3220091853291] 112.665107727051
[24.3220091853291] 112.893348693848
[24.36064738594] 113.121589660645
[24.36064738594] 113.349830627441
[24.3988734874874] 113.578079223633
[24.3988734874874] 113.80632019043
[24.434899488464] 114.034576416016
[24.434899488464] 114.262832641602
[24.4704568888992] 114.491088867188
[24.4704568888992] 114.719352722168
[24.4704568888992] 114.947616577148
[24.5078961905092] 115.175888061523
[24.5078961905092] 115.404159545898
[24.5439987909049] 115.632431030273
[24.5439987909049] 115.860710144043
[24.5813322905451] 116.088989257813
[24.5813322905451] 116.317268371582
[24.6161617916077] 116.545555114746
[24.6161617916077] 116.77384185791
[24.6543625909835] 117.002136230469
[24.6543625909835] 117.230430603027
[24.6543625909835] 117.458724975586
[25.1515256818384] 117.687019348145
[25.1515256818384] 117.915321350098
[25.1515256818384] 118.143623352051
[25.1515256818384] 118.371932983398
[25.1515256818384] 118.600242614746
[25.1515256818384] 118.828552246094
[25.1515256818384] 119.056869506836
[25.1515256818384] 119.285186767578
[25.1515256818384] 119.513511657715
[25.1515256818384] 119.741828918457
[25.1515256818384] 119.970161437988
[25.1515256818384] 120.198486328125
[25.1515256818384] 120.426818847656
[25.1515256818384] 120.655151367188
[25.1515256818384] 120.883491516113
[25.1515256818384] 121.111824035645
[25.1515256818384] 121.34016418457
[25.1515256818384] 121.568504333496
[25.1515256818384] 121.796852111816
[25.1515256818384] 122.025199890137
[25.1515256818384] 122.253555297852
[25.1515256818384] 122.481903076172
[25.2135414797813] 122.710258483887
[25.274120779708] 122.938621520996
[25.274120779708] 123.166984558105
[25.274120779708] 123.395347595215
[25.3134741801769] 123.623710632324
[25.3134741801769] 123.852081298828
[25.3510988820344] 124.080451965332
[25.3510988820344] 124.308822631836
[25.3896912802011] 124.537200927734
[25.3896912802011] 124.765579223633
[25.4222091790289] 124.993957519531
[25.4222091790289] 125.22233581543
[25.456366578117] 125.450714111328
[25.456366578117] 125.679100036621
[25.4900618772954] 125.907493591309
[25.4900618772954] 126.135879516602
[25.5252019781619] 126.364273071289
[25.5252019781619] 126.592666625977
[25.5252019781619] 126.821067810059
[25.5587270800024] 127.049468994141
[25.5587270800024] 127.277870178223
[25.5941921789199] 127.506278991699
[25.5941921789199] 127.734680175781
[25.628736378625] 127.963088989258
[25.628736378625] 128.191497802734
[25.6643612775952] 128.419921875
[25.6643612775952] 128.648330688477
[25.6981128770858] 128.876739501953
[25.6981128770858] 129.105163574219
[25.7339365761727] 129.333587646484
[25.7339365761727] 129.561996459961
[25.7662972752005] 129.790435791016
[25.7662972752005] 130.018859863281
[25.802520474419] 130.247283935547
[25.802520474419] 130.475723266602
[25.8363702725619] 130.704147338867
[25.8363702725619] 130.932586669922
[25.8736230712384] 131.161026000977
[25.8736230712384] 131.389465332031
[25.8736230712384] 131.617904663086
[25.9096254725009] 131.846343994141
[25.9096254725009] 132.074798583984
[25.9442412722856] 132.303237915039
[25.9442412722856] 132.531692504883
[25.9807125721127] 132.760147094727
[25.9807125721127] 132.98860168457
[26.0143586713821] 133.217041015625
[26.0143586713821] 133.445510864258
[26.0493107717484] 133.673965454102
[26.0493107717484] 133.902420043945
[26.0849719699472] 134.130889892578
[26.0849719699472] 134.359359741211
[26.1211897712201] 134.587814331055
[26.1211897712201] 134.816284179688
[26.1552503723651] 135.04475402832
[26.1552503723651] 135.273223876953
[26.1909812707454] 135.501693725586
[26.1909812707454] 135.730178833008
[26.1909812707454] 135.958648681641
[26.2265367712826] 136.187133789063
[26.2265367712826] 136.415618896484
[26.2624599728733] 136.644104003906
[26.2624599728733] 136.872573852539
[26.2972798738629] 137.101058959961
[26.2972798738629] 137.329544067383
[26.3326997738332] 137.558044433594
[26.3326997738332] 137.786529541016
[26.3659470733255] 138.015029907227
[26.3659470733255] 138.243515014648
[26.4031788725406] 138.472015380859
[26.4031788725406] 138.70051574707
[26.4384495709091] 138.929016113281
[26.4384495709091] 139.157516479492
[26.4765808712691] 139.386016845703
[26.4765808712691] 139.614517211914
[26.4765808712691] 139.843032836914
[26.5125932712108] 140.071533203125
[26.5125932712108] 140.300048828125
[26.5467039700598] 140.528549194336
[26.5467039700598] 140.757064819336
[26.5835999716073] 140.985580444336
[26.5835999716073] 141.214096069336
[26.6187370698899] 141.442611694336
[26.6187370698899] 141.671127319336
[26.6555233690888] 141.899658203125
[26.6555233690888] 142.128173828125
[26.6908603701741] 142.356689453125
[26.6908603701741] 142.585220336914
[26.6908603701741] 142.813751220703
[26.7306571695954] 143.042282104492
[26.7306571695954] 143.270812988281
[26.7668705713004] 143.49934387207
[26.7668705713004] 143.727874755859
[26.8044852707535] 143.956405639648
[26.8044852707535] 144.184951782227
[26.8419597689062] 144.413482666016
[26.8419597689062] 144.642013549805
[26.8419597689062] 144.870559692383
[26.8813966680318] 145.099090576172
[26.8813966680318] 145.32763671875
[26.9176089670509] 145.556182861328
[26.9176089670509] 145.784729003906
[26.9525503683835] 146.013275146484
[26.9525503683835] 146.241836547852
[26.9895987678319] 146.47038269043
[26.9895987678319] 146.698928833008
[27.026469366625] 146.927490234375
[27.026469366625] 147.156036376953
[27.026469366625] 147.38459777832
[27.0651859659702] 147.613159179688
[27.0651859659702] 147.841705322266
[27.1012426670641] 148.070281982422
[27.1012426670641] 148.298828125
[27.1384515669197] 148.527404785156
[27.1384515669197] 148.755966186523
[27.1737540680915] 148.984527587891
[27.1737540680915] 149.213088989258
[27.1737540680915] 149.441665649414
[27.2131424676627] 149.670227050781
[27.2131424676627] 149.898803710938
[27.250793768093] 150.127380371094
[27.250793768093] 150.35595703125
[27.2860902678221] 150.584518432617
[27.2860902678221] 150.813095092773
[27.3224166687578] 151.041687011719
[27.3224166687578] 151.270248413086
[27.3577729705721] 151.498840332031
[27.3577729705721] 151.727416992188
[27.3577729705721] 151.956008911133
[27.3955605719239] 152.184585571289
[27.3955605719239] 152.413177490234
[27.4315739702433] 152.641754150391
[27.4315739702433] 152.870346069336
[27.4705169703811] 153.098937988281
[27.4705169703811] 153.327529907227
[27.5068601686507] 153.556121826172
[27.5068601686507] 153.784713745117
[27.5068601686507] 154.013305664063
[27.5454472694546] 154.241912841797
[27.5454472694546] 154.470489501953
[27.5842940676957] 154.699096679688
[27.5842940676957] 154.927688598633
[27.6223830673844] 155.156295776367
[27.6223830673844] 155.384902954102
[27.6605566684157] 155.613494873047
[27.6605566684157] 155.842102050781
[27.6605566684157] 156.070709228516
[27.6970627699047] 156.29931640625
[27.6970627699047] 156.527923583984
[27.7356045711786] 156.756530761719
[27.7356045711786] 156.985137939453
[27.7730253729969] 157.213760375977
[27.7730253729969] 157.442352294922
[27.8112386744469] 157.670974731445
[27.8112386744469] 157.89958190918
[27.8112386744469] 158.128204345703
[27.8496227730066] 158.356826782227
[27.8496227730066] 158.585433959961
[27.8869094718248] 158.814056396484
[27.8869094718248] 159.042678833008
[27.927711872384] 159.271301269531
[27.927711872384] 159.499923706055
[27.927711872384] 159.728546142578
[27.965566271916] 159.957168579102
[27.965566271916] 160.185791015625
[28.0045399721712] 160.414413452148
[28.0045399721712] 160.643051147461
[28.0399149712175] 160.871673583984
[28.0399149712175] 161.100311279297
[28.0817117709666] 161.32893371582
[28.0817117709666] 161.557571411133
[28.0817117709666] 161.786209106445
[28.1190068703145] 162.014846801758
[28.1190068703145] 162.243469238281
[28.1558966692537] 162.472106933594
[28.1558966692537] 162.700744628906
[28.1941412705928] 162.929382324219
[28.1941412705928] 163.158020019531
[28.1941412705928] 163.386657714844
[28.2322300691158] 163.615310668945
[28.2322300691158] 163.843948364258
[28.2704439703375] 164.07258605957
[28.2704439703375] 164.301239013672
[28.3065369706601] 164.529891967773
[28.3065369706601] 164.758529663086
[28.3473758716136] 164.987182617188
[28.3473758716136] 165.2158203125
[28.3473758716136] 165.444473266602
[28.3862487729639] 165.673126220703
[28.3862487729639] 165.901779174805
[28.4247760716826] 166.130432128906
[28.4247760716826] 166.359069824219
[28.4247760716826] 166.587738037109
[28.4630999732763] 166.816390991211
[28.4630999732763] 167.045043945313
[28.5011698734015] 167.273696899414
[28.5011698734015] 167.502365112305
[28.5450457725674] 167.731018066406
[28.5450457725674] 167.959686279297
[28.5450457725674] 168.188339233398
[28.5847889725119] 168.417007446289
[28.5847889725119] 168.645660400391
[28.6218916717917] 168.874328613281
[28.6218916717917] 169.102996826172
[28.6597007717937] 169.331665039063
[28.6597007717937] 169.560333251953
[28.6597007717937] 169.789001464844
[28.6988845709711] 170.017654418945
[28.6988845709711] 170.246322631836
[28.7376498710364] 170.475006103516
[28.7376498710364] 170.703674316406
[28.7747660707682] 170.932342529297
[28.7747660707682] 171.161010742188
[28.7747660707682] 171.389694213867
[28.8150516692549] 171.618362426758
[28.8150516692549] 171.847045898438
[28.8552804682404] 172.075714111328
[28.8552804682404] 172.304397583008
[28.8919586669654] 172.533065795898
[28.8919586669654] 172.761764526367
[28.8919586669654] 172.990432739258
[28.9305165652186] 173.219116210938
[28.9305165652186] 173.447799682617
[28.9675807636231] 173.676483154297
[28.9675807636231] 173.905166625977
[29.0073783639818] 174.133834838867
[29.0073783639818] 174.362533569336
[29.0073783639818] 174.591217041016
[29.045827364549] 174.819900512695
[29.045827364549] 175.048583984375
[29.0833183657378] 175.277282714844
[29.0833183657378] 175.505966186523
[29.120480267331] 175.734664916992
[29.120480267331] 175.963348388672
[29.1586986687034] 176.192047119141
[29.1586986687034] 176.42073059082
[29.1586986687034] 176.649429321289
[29.1969516668469] 176.878112792969
[29.1969516668469] 177.106826782227
[29.2357678655535] 177.335510253906
[29.2357678655535] 177.564208984375
[29.2741426657885] 177.792907714844
[29.2741426657885] 178.021606445313
[29.2741426657885] 178.250305175781
[29.3109145667404] 178.47900390625
[29.3109145667404] 178.707702636719
[29.3498747665435] 178.936401367188
[29.3498747665435] 179.165115356445
[29.3885953668505] 179.393814086914
[29.3885953668505] 179.622512817383
[29.4252398665994] 179.851211547852
[29.4252398665994] 180.079925537109
[29.4252398665994] 180.308624267578
[29.4634806681424] 180.537338256836
[29.4634806681424] 180.766036987305
[29.50558536686] 180.994766235352
[29.50558536686] 181.22346496582
[29.5439030658454] 181.452178955078
[29.5439030658454] 181.680877685547
[29.5439030658454] 181.909591674805
[29.5830005649477] 182.138305664063
[29.5830005649477] 182.36701965332
[29.6196292657405] 182.595733642578
[29.6196292657405] 182.824447631836
[29.6563542652875] 183.053161621094
[29.6563542652875] 183.281875610352
[29.6935287658125] 183.510604858398
[29.6935287658125] 183.739303588867
[29.6935287658125] 183.968032836914
[29.7310872655362] 184.196746826172
[29.7310872655362] 184.425476074219
[29.766769265756] 184.654190063477
[29.766769265756] 184.882919311523
[29.8050276655704] 185.111633300781
[29.8050276655704] 185.340362548828
[29.8430761639029] 185.569076538086
[29.8430761639029] 185.797790527344
[29.8430761639029] 186.026519775391
[29.8824801649898] 186.255249023438
[29.8824801649898] 186.483978271484
[29.9186328668147] 186.712692260742
[29.9186328668147] 186.941436767578
[29.9546926673502] 187.170150756836
[29.9546926673502] 187.398880004883
[29.9935289677233] 187.62760925293
[29.9935289677233] 187.856353759766
[29.9935289677233] 188.085067749023
