[0.0399999991059303] -0.00140380859375
[0.466461390256882] -0.0054931640625
[0.466461390256882] -0.0123291015625
[0.466461390256882] -0.021881103515625
[0.466461390256882] -0.0341796875
[0.466461390256882] -0.0491943359375
[0.466461390256882] -0.066925048828125
[0.466461390256882] -0.087371826171875
[0.466461390256882] -0.110565185546875
[0.466461390256882] -0.136474609375
[0.466461390256882] -0.16510009765625
[0.466461390256882] -0.196441650390625
[0.466461390256882] -0.23052978515625
[0.466461390256882] -0.267333984375
[1.26781578361988] -0.306884765625
[1.26781578361988] -0.34912109375
[1.26781578361988] -0.39410400390625
[1.26781578361988] -0.44183349609375
[1.26781578361988] -0.49224853515625
[1.26781578361988] -0.54541015625
[1.26781578361988] -0.601287841796875
[1.26781578361988] -0.659912109375
[1.26781578361988] -0.721221923828125
[1.26781578361988] -0.7852783203125
[1.26781578361988] -0.852081298828125
[1.26781578361988] -0.92156982421875
[1.26781578361988] -0.993804931640625
[1.26781578361988] -1.06875610351563
[1.26781578361988] -1.14645385742188
[1.26781578361988] -1.22683715820313
[1.26781578361988] -1.30999755859375
[1.26781578361988] -1.39584350585938
[1.26781578361988] -1.48443603515625
[3.00438137352467] -1.57571411132813
[3.00438137352467] -1.66976928710938
[3.00438137352467] -1.76651000976563
[3.00438137352467] -1.86599731445313
[3.00438137352467] -1.96820068359375
[3.00438137352467] -2.07315063476563
[3.00438137352467] -2.1807861328125
[3.00438137352467] -2.29116821289063
[3.00438137352467] -2.404296875
[3.00438137352467] -2.52011108398438
[3.00438137352467] -2.638671875
[3.00438137352467] -2.75997924804688
[3.00438137352467] -2.88397216796875
[3.00438137352467] -3.01071166992188
[3.00438137352467] -3.14016723632813
[3.00438137352467] -3.27236938476563
[3.00438137352467] -3.40725708007813
[3.00438137352467] -3.54489135742188
[3.00438137352467] -3.68527221679688
[6.99932356178761] -3.828369140625
[6.99932356178761] -3.97418212890625
[6.99932356178761] -4.12271118164063
[6.99932356178761] -4.27398681640625
[6.99932356178761] -4.427978515625
[6.99932356178761] -4.58468627929688
[6.99932356178761] -4.74411010742188
[6.99932356178761] -4.90628051757813
[6.99932356178761] -5.0711669921875
[6.99932356178761] -5.23880004882813
[6.99932356178761] -5.40914916992188
[6.99932356178761] -5.58221435546875
[6.99932356178761] -5.75799560546875
[6.99932356178761] -5.9365234375
[6.99932356178761] -6.11776733398438
[6.99932356178761] -6.3017578125
[6.99932356178761] -6.48843383789063
[6.99932356178761] -6.67788696289063
[6.99932356178761] -6.87002563476563
[9.28125591576099] -7.06491088867188
[9.28125591576099] -7.26251220703125
[9.28125591576099] -7.46282958984375
[9.28125591576099] -7.66586303710938
[9.28125591576099] -7.87164306640625
[9.28125591576099] -8.08016967773438
[9.28125591576099] -8.2913818359375
[9.28125591576099] -8.50534057617188
[9.28125591576099] -8.72201538085938
[9.28125591576099] -8.94143676757813
[9.28125591576099] -9.15533447265625
[9.28125591576099] -9.15518188476563
[9.28125591576099] -9.11245727539063
[9.28125591576099] -9.07455444335938
[9.28125591576099] -9.03939819335938
[9.28125591576099] -9.0069580078125
[9.28125591576099] -8.97723388671875
[9.28125591576099] -8.95025634765625
[9.28125591576099] -8.92599487304688
