[0.0199999995529652] -0.00709213395836628
[0.0657101995529672] -0.0377210165976294
[0.107354099552978] -0.0794509540813237
[0.138628499552979] -0.123953077512198
[0.168532699552969] -0.17597319094051
[0.200014999552977] -0.240855675874201
[0.231533799552977] -0.315326694212104
[0.263483399552968] -0.401817219469081
[0.296414899552971] -0.5016403977001
[0.330951599552975] -0.617415940133981
[0.364957999552971] -0.744906863695434
[0.400172799552976] -0.88822395500074
[0.436298499552976] -1.0482708106413
[0.472399599552972] -1.22565768412443
[0.510662799552975] -1.4209230813556
[0.548460099552969] -1.63159581409602
[0.587992499552968] -1.86869899418312
[0.628664499552968] -2.12846062435574
[0.66987099955297] -2.40942620720119
[0.713354299552975] -2.72380100372516
[0.756628899552979] -3.05584053456599
[0.802205699552971] -3.42646643399291
[0.849315999552971] -3.83073031864555
[0.895823899552965] -4.24808515638503
[0.942882199552969] -4.72376885515104
[0.994234399552965] -5.19526149067914
[1.04211739955298] -5.69132654955411
[1.09089589955298] -6.21946172970297
[1.14076019955297] -6.78600507615812
[1.19040439955297] -7.36925184038412
[1.24074639955298] -7.9907428724654
[1.29111669955297] -8.63230378776962
[1.34129839955297] -9.387641742486
[1.40288779955297] -10.0574908002421
[1.45532579955297] -10.6780669684695
[1.50850399955297] -11.3737660764207
[1.56544709955297] -12.0255754386831
[1.61821869955297] -12.6649908661718
[1.67257269955297] -13.3213343509338
[1.72708059955298] -13.9728542814693
[1.78263579955298] -14.6272631242375
[1.83447029955298] -15.2277463823178
[1.88784689955297] -15.8242035126247
[1.94014059955298] -16.4138212379606
[1.99213189955297] -16.9924635609227
[2.04649759955298] -17.5638257628287
[2.09809109955297] -18.0937768561317
[2.14979759955297] -18.6440322387129
[2.20236269955298] -19.1631260171737
[2.25667309955297] -19.6899823800034
[2.30732879955298] -20.1656862404381
[2.36058159955297] -20.655854123058
[2.41461729955297] -21.1336463797527
[2.46649179955297] -21.5509287773585
[2.51948139955297] -21.9492684166561
[2.57424489955297] -22.3708093076973
[2.62600999955298] -22.7472052737673
[2.67951969955297] -23.091733716385
[2.73129489955298] -23.4036046577062
[2.78339179955297] -23.7262014874598
[2.83605409955297] -23.9309968578281
[2.88879099955297] -24.0573859827499
[2.94481429955297] -24.1366940902117
[2.99666429955298] -24.2199895372382
[3.05280249955297] -24.285538503938
[3.10441499955297] -24.3028780878912
[3.15538629955297] -24.2585462469358
[3.20976099955297] -24.1685538808698
[3.26228969955297] -24.0222328277628
[3.31557649955298] -23.7572824978281
[3.37032269955297] -23.5272613842115
[3.42665509955297] -23.1431113703081
[3.48212489955297] -22.7150710298629
[3.53732449955297] -22.267956904087
[3.59035719955297] -21.821837706506
[3.64441639955297] -21.3529476470204
[3.69806109955297] -20.9191565890067
[3.75271319955297] -20.4885771091862
[3.80590339955297] -19.9945717154743
[3.86075109955297] -19.3917016712604
[3.91325659955297] -18.7680038481249
[3.96569069955297] -18.0596560355231
[4.02210999955297] -17.3564548069227
[4.07560319955297] -16.6470226859542
[4.12861819955297] -15.9844727302944
[4.18096689955297] -15.3089348142682
[4.23286789955297] -14.6104942709317
[4.28328029955297] -13.927577100442
[4.33591759955297] -13.1247771506619
[4.38771689955297] -12.279539940656
[4.43875199955298] -11.4566450948096
[4.49070969955297] -10.6681025707496
[4.54181939955298] -9.88036493279385
[4.59249639955297] -9.06210764884842
[4.64261749955297] -8.27484934520324
[4.69242089955297] -7.54581791411151
[4.74159119955297] -6.8373332937109
[4.79071329955298] -6.13200379045945
[4.84288829955297] -5.45339398689815
[4.89403259955297] -4.79821580143717
[4.94353879955297] -4.190888253089
[4.99219349955297] -3.60883926709771
[5.03991949955297] -3.06431230793957
[5.08816409955297] -2.53884388986502
[5.13601239955297] -2.0338194983341
[5.18361159955298] -1.56135388851875
[5.23192379955297] -1.10176561812305
[5.27785129955298] -0.686170460560149
[5.32533959955298] -0.277797471784098
[5.37318239955297] 0.116895146610901
[5.42199879955297] 0.490209825383275
[5.47095489955298] 0.840269196828743
[5.51760419955298] 1.1534658143285
[5.56434039955298] 1.44642616881985
[5.61078369955297] 1.71521950431857
[5.65679939955297] 1.96198765043907
[5.70224329955298] 2.1865320345312
[5.74816009955298] 2.39150263928967
[5.79312869955297] 2.57240454274627
[5.83887979955297] 2.73673379107596
[5.88435049955297] 2.87849882014503
[5.93162939955297] 3.00489881959042
[5.97620799955297] 3.10322404745084
[6.02129369955297] 3.18234762255049
[6.06596409955297] 3.2425212031409
[6.10825319955298] 3.28217783800785
[6.14979389955298] 3.30554901020211
[6.19110479955297] 3.31108336621246
[6.23849779955297] 3.298519621701
[6.27966569955298] 3.26869523883563
[6.32038409955297] 3.22261303026015
[6.36167419955298] 3.15889804957398
[6.40314259955298] 3.07794571567617
[6.44614719955297] 2.97519573154479
[6.48958659955298] 2.85367875821227
[6.53399069955297] 2.71087765262313
[6.57754969955297] 2.55183308739679
[6.62064219955298] 2.37519185082964
[6.66459869955297] 2.17495909265371
[6.70841899955298] 1.95667024403353
[6.75360919955297] 1.70874050906239
[6.79940069955298] 1.44273483865651
[6.84444159955297] 1.15530489567182
[6.89103459955297] 0.840444827474485
[6.93796729955297] 0.502816505518567
[6.98512799955297] 0.138165425437265
[7.03232609955298] -0.25510039916422
[7.08124399955297] -0.666597715825603
[7.13035459955297] -1.11415812628333
[7.17889639955297] -1.5785158661124
[7.22773479955298] -2.0629759161255
[7.27588129955298] -2.56969939367688
[7.32482669955297] -3.10866624784377
[7.37372959955297] -3.6703137440919
[7.42237999955297] -4.25149810238391
[7.47054049955297] -4.87174210903599
[7.52152909955298] -5.51547493042317
[7.57246919955297] -6.19491799849281
[7.62113919955297] -6.87000774466237
[7.66986259955297] -7.57405486586246
[7.71935159955298] -8.30648308680902
[7.76885019955297] -9.06123752301905
[7.81756409955297] -9.84864772594118
[7.87035599955297] -10.6962766097751
[7.92050849955297] -11.5420929309065
[7.97175559955298] -12.4280678589679
[8.02235299955298] -13.3325021987026
[8.07398299955297] -14.268477721536
[8.12482179955298] -15.0838747869499
[8.17531289955298] -15.578851507224
[8.22709369955297] -16.0707238383686
[8.27905809955297] -16.4024177975417
[8.33124749955297] -16.7975355983112
[8.38177389955297] -17.1449089968572
[8.43370929955297] -17.4177448041266
[8.49017269955297] -17.7241220386643
[8.54255029955297] -18.0088138035753
[8.59591329955298] -18.309940279566
[8.64687239955298] -18.6245841646199
[8.69809579955297] -18.9607712818485
[8.74924369955298] -19.3064283287112
[8.80101539955297] -19.6264094052814
[8.85574029955298] -19.8918814492524
[8.90610209955297] -20.0991044720004
[8.95605549955297] -20.2724552792613
[9.00904949955297] -20.3889570995648
[9.06280429955297] -20.4365057315792
[9.11956779955297] -20.5368026921519
[9.17606199955297] -20.5617802980976
[9.22836009955297] -20.5921996271212
[9.28089819955298] -20.6551350994363
[9.33274159955297] -20.6487419118437
[9.38519049955298] -20.6721370095815
[9.43895389955297] -20.7288681312017
[9.49514179955297] -20.7373922950555
[9.54746349955298] -20.7084586611533
[9.60004289955297] -20.6758547483086
[9.65335849955298] -20.5592575538152
[9.70493169955297] -20.3788246867205
[9.75809059955297] -20.1287871428669
[9.81126699955297] -19.8376852176447
[9.86578149955297] -19.4704838977404
[9.91896809955297] -19.1384954492856
[9.97055389955297] -18.7520330168939
[10.023306699553] -18.3950174325273
[10.075964599553] -18.0752155466357
[10.127768699553] -17.7660964261273
[10.179787899553] -17.4504748782476
[10.231846099553] -17.1191984994742
[10.282498499553] -16.8127449526205
[10.334214399553] -16.483863900287
[10.391896499553] -16.1405186983371
[10.441722599553] -15.8118669704102
[10.493105399553] -15.4525398669191
[10.548703299553] -15.0620932792098
[10.599422099553] -14.6818541135728
[10.651728299553] -14.3041259200538
[10.704362299553] -13.8983019021572
[10.755059399553] -13.5315211716743
[10.807626999553] -13.1446893231372
[10.859912099553] -12.7050676553086
[10.911618499553] -12.2373175616937
[10.963573099553] -11.7706108221998
[11.014755699553] -11.2940925397525
[11.065962099553] -10.8570136793735
[11.118420399553] -10.4346114476667
[11.169648099553] -10.0562979547516
[11.219419799553] -9.7131465237006
[11.267280499553] -9.40370237347869
[11.315535299553] -9.11169739372914
[11.364127099553] -8.84279007820572
[11.413379699553] -8.59478086822469
[11.462950299553] -8.31747166780794
[11.511725299553] -7.98424026800228
[11.560509699553] -7.62098353817225
[11.612539999553] -7.25160538881578
[11.660295099553] -6.90855253315115
[11.707792299553] -6.60243549168466
[11.756426399553] -6.32254547263264
[11.804645299553] -6.04948713242948
[11.852736199553] -5.75924811424855
[11.900469499553] -5.47893599761436
[11.948441899553] -5.21257720099067
[11.995305999553] -4.97491914261767
[12.043354999553] -4.75496543206597
[12.090711699553] -4.56108825953984
[12.136959799553] -4.39137782858461
[12.183255399553] -4.24397367096867
[12.227795599553] -4.12180944986099
[12.273114499553] -4.01753247212761
[12.319010299553] -3.9320878987281
[12.365034299553] -3.8671194384444
[12.411399999553] -3.82253572796282
[12.458197199553] -3.79912583495334
[12.505059699553] -3.79715787322618
[12.551805699553] -3.81674493982695
[12.598466799553] -3.85793474242229
[12.644025399553] -3.91824674715872
[12.691089899553] -4.00250862723135
[12.738641399553] -4.11198688668856
[12.791225599553] -4.25576140190964
[12.842741499553] -4.42383310458888
[12.894321499553] -4.61514775986964
[12.941185599553] -4.81400713606797
[12.987868999553] -5.03682306884622
[13.035272599553] -5.2779871345279
[13.082734799553] -5.54525500133218
[13.129744899553] -5.83053644307606
[13.177895499553] -6.14763871843232
[13.225435599553] -6.48361037957537
[13.272380899553] -6.83746261305524
[13.320618699553] -7.22108507794226
[13.368051099553] -7.56986956211118
[13.415880199553] -7.87183220740177
[13.464197899553] -8.16715932384002
[13.512323099553] -8.48960039093964
[13.561518699553] -8.8224876280774
[13.610893799553] -9.12807049401282
[13.659298399553] -9.42361943785019
[13.708578399553] -9.7451783554976
[13.758122899553] -10.053970786918
[13.807296399553] -10.3820377879318
[13.856118099553] -10.6836807698329
[13.904489199553] -10.9386573139512
[13.953614799553] -11.1245163218765
[14.003313299553] -11.3193386289374
[14.053785399553] -11.5362691302592
[14.103919299553] -11.7558203375133
[14.153590099553] -11.9770028547249
[14.202897399553] -12.2015597698622
[14.252914199553] -12.4310686284917
[14.302783599553] -12.6795341816073
[14.353020999553] -12.9524926676892
[14.402650899553] -13.2472980306886
[14.452124799553] -13.567101446509
[14.506727399553] -13.851073555713
[14.557665999553] -14.1110230390848
[14.798783399553] -14.3284075896842
[14.845361299553] -14.4312925746262
[14.902636699553] -14.5318964910525
[14.953954399553] -14.687080758591
[15.009089699553] -14.8185308981866
[15.060368499553] -14.9368719766194
[15.109392399553] -14.9601189579519
[15.160126599553] -14.9912914001584
[15.210959199553] -15.053807674693
[15.263109199553] -15.1326700396299
[15.313526099553] -15.1512744046315
[15.364478499553] -15.1481782321503
[15.412458299553] -15.1530437605711
[15.458608599553] -15.1873685124942
[15.503723299553] -15.2444241414776
[15.549487399553] -15.2549986754693
[15.595079399553] -15.2445396517987
[15.641633299553] -15.2238142823579
[15.687693899553] -15.1719409451248
[15.734767499553] -15.1219069204672
[15.785061799553] -15.0520846333073
[15.830855299553] -15.0127792311598
[15.877827999553] -14.9216463967001
[15.927345999553] -14.7582771114108
[15.975248499553] -14.5333138426685
[16.023507099553] -14.3034144445435
[16.071151199553] -14.0289836335708
[16.119407799553] -13.7883507589559
[16.172694299553] -13.5568756869898
[16.224451599553] -13.3585862210162
[16.274477099553] -13.0843102681901
[16.325432999553] -12.7551917129312
[16.374294499553] -12.4525298370016
[16.424755099553] -12.1552164691301
[16.476978799553] -11.8710480433434
[16.527386699553] -11.6244632715108
[16.575970799553] -11.4107933424563
[16.624897199553] -11.2205866937228
[16.672982799553] -11.0563677531853
[16.721455099553] -10.9119603347852
[16.770510899553] -10.7925277813683
[16.818570799553] -10.6846925408136
[16.877456399553] -10.6102396431708
[16.926466299553] -10.564928202419
[16.976665099553] -10.5425778870676
[17.025845699553] -10.5446789220006
[17.077310399553] -10.5724519012785
[17.126355199553] -10.5759712186258
[17.175579099553] -10.460568075081
[17.224147399553] -10.3067277992022
[17.273527299553] -10.1500951519643
[17.323816399553] -10.0057235225551
[17.372431599553] -9.89213234520747
[17.421587999553] -9.76772425300899
[17.472724399553] -9.65102229628231
[17.521921899553] -9.51920206114244
[17.571956899553] -9.41101978823683
[17.621248399553] -9.32380991746598
[17.669318699553] -9.17175834801628
[17.718102699553] -8.96644386099113
[17.768013099553] -8.74955348653711
[17.815355799553] -8.56577108724684
[17.862880199553] -8.40717056653949
[17.912861199553] -8.26658425224838
[17.960192899553] -8.14845638909947
[18.012095699553] -8.06082683259876
[18.059711699553] -7.99639263883594
[18.107543499553] -7.95443320263249
[18.155560399553] -7.93447443500301
[18.202958699553] -7.9370468777218
[18.252727499553] -7.96353478762572
[18.301510499553] -8.01273990295871
[18.348125399553] -8.08145435768583
[18.395717399553] -8.17370334054206
[18.442425799553] -8.28599241420139
[18.489381399553] -8.42015993245244
[18.538207299553] -8.58296307745323
[18.585810199553] -8.7641647428288
[18.634385199553] -8.933219160383
[18.684069299553] -9.06153916237128
[18.732117199553] -9.18155731322915
[18.780352299553] -9.26578798813983
[18.826704599553] -9.29689000755502
[18.873708099553] -9.36858700353629
[18.921668399553] -9.42813975122186
[18.967853999553] -9.46029903387813
[19.016508199553] -9.4862721369701
[19.064849999553] -9.51357090029978
[19.111967199553] -9.56251263809988
[19.160281099553] -9.62568172754452
[19.208830799553] -9.69494443415024
[19.256638899553] -9.76184015030086
[19.304960999553] -9.83451079479298
[19.354766899553] -9.91832737957375
[19.403889899553] -10.0111492444263
[19.452957199553] -10.1239793325337
[19.501912299553] -10.2332180115839
[19.549823499553] -10.3274062957605
[19.597858699553] -10.4085502807074
[19.647503399553] -10.5049954798212
[19.696823799553] -10.5321940084794
[19.745088399553] -10.5201667104711
[19.794530199553] -10.5185497654044
[19.845000899553] -10.5645063316314
[19.893021399553] -10.6269737289255
[19.941452599553] -10.7080695329269
[19.990221499553] -10.7970432571488
[20.038069399553] -10.9004066453683
[20.085351799553] -11.0114918952353
[20.137288899553] -11.1138305435908
[20.188310999553] -11.2254792528329
[20.236692899553] -11.3488081843107
[20.285018099553] -11.4946059453198
[20.334875299553] -11.631926863631
[20.383899799553] -11.7736324481005
[20.432034999553] -11.9331451998956
[20.479899099553] -12.0592063228309
[20.527496699553] -12.187026495788
[20.575679899553] -12.3119412248356
[20.625396799553] -12.4426273586437
[20.674813099553] -12.5652938318652
[20.724062899553] -12.7058221950196
[20.772815899553] -12.8375588141911
[20.821501199553] -12.9419328266881
[20.870299499553] -12.9920894383895
[20.919678399553] -13.048170979988
[20.969322599553] -13.0603814497648
[21.017334799553] -13.0517579456131
[21.065432299553] -13.0126965183271
[21.113121099553] -12.9455361989916
[21.161852699553] -12.8485213397672
[21.211494099553] -12.7365519692229
[21.260090099553] -12.665508894064
[21.308564399553] -12.6208731561312
[21.355805799553] -12.5812225299892
[21.403942699553] -12.5153394571734
[21.452083699553] -12.4209100698461
[21.499307299553] -12.3314077333652
[21.546333499553] -12.2455969200161
[21.593427199553] -12.158095078419
[21.641600599553] -12.0542198762414
[21.691984099553] -11.9449895387008
[21.742563699553] -11.8117308311495
[21.792430399553] -11.659428607851
[21.841673699553] -11.4769897434114
[21.890465799553] -11.3326632805351
[21.942990799553] -11.2113893198875
[21.990701299553] -11.1240250790041
[22.037470399553] -11.0600926029277
[22.086396199553] -11.0159867660544
[22.134803799553] -10.9957750250448
[22.184186699553] -10.998817904763
[22.235058099553] -11.027139703312
[22.282760699553] -11.0764415983454
[22.330506699553] -11.1484301369468
[22.379062499553] -11.2448741786605
[22.426514299553] -11.3605258125497
[22.474228599553] -11.5009714546565
[22.522023599553] -11.6624464796254
[22.571244799553] -11.8536828316246
[22.619349999553] -12.061613536745
[22.669297799553] -12.3032647972419
[22.717521399553] -12.5589705484517
[22.765040899553] -12.6954063511425
[22.813045099553] -12.64921291428
[22.860918199553] -12.5603752963598
[22.908119899553] -12.4873121506706
[22.958338599553] -12.3600477730597
[23.008611899553] -12.1706445851886
[23.057888099553] -11.9475196247064
[23.105525799553] -11.7429585500543
[23.154397299553] -11.537567491706
[23.203334299553] -11.2557795484309
[23.251701899553] -10.9379058675334
[23.300844099553] -10.6558163207095
[23.349404599553] -10.3973623755861
[23.396945299553] -10.1710410128124
[23.445815199553] -9.95842316789242
[23.494921799553] -9.77177959566581
[23.542169099553] -9.61362795003188
[23.590115699553] -9.47453152060453
[23.636666699553] -9.36252033200395
[23.682530499553] -9.27180590570222
[23.728307399553] -9.20115240477989
[23.776342899553] -9.15104096724127
[23.824013999553] -9.12266364260708
[23.870890499553] -9.11645407038355
[23.917838699553] -9.13198193341663
[23.965298999553] -9.16931484579626
[24.011716799553] -9.22721948326205
[24.058651999553] -9.30735066760568
[24.104571099553] -9.40622070325367
[24.151932799553] -9.5301061702458
[24.198538999553] -9.674214679085
[24.248295099553] -9.85051473649369
[24.295463999553] -10.0412010610616
[24.342522399553] -10.2524253105395
[24.390056399553] -10.3670178982373
[24.436278699553] -10.4494199085581
[24.484080799553] -10.5144333477177
[24.530258499553] -10.5774639556337
[24.577863999553] -10.5814777546256
[24.625572299553] -10.5461046339998
[24.673636499553] -10.5417080919847
[24.721142199553] -10.5154955434282
[24.768521799553] -10.4530190645485
[24.816516299553] -10.3971294883734
[24.863631699553] -10.3709258419654
[24.912160599553] -10.3347655755439
[24.959702999553] -10.3035784080535
[25.007454399553] -10.2832975216911
[25.055605099553] -10.2466246446521
[25.103827699553] -10.1954512978974
[25.152160199553] -10.1416201370247
[25.200448599553] -10.0647447084879
[25.249366199553] -9.98116144705261
[25.298348799553] -9.91117165363607
[25.348294999553] -9.8525386635916
[25.397136999553] -9.81713392361787
[25.445490099553] -9.76279772743756
[25.493376799553] -9.67760843534575
[25.541376799553] -9.61466679713347
[25.589944599553] -9.58693925217143
[25.638586699553] -9.58203821806975
[25.687644399553] -9.60148744801586
[25.735897799553] -9.64384709325628
[25.786211299553] -9.71247680336674
[25.834892799553] -9.80175745751708
[25.883154899553] -9.91367633096303
[25.930106699553] -10.0436074432504
[25.976268599553] -10.1944932506838
[26.025824699553] -10.3408457285069
[26.074812199553] -10.464910125414
[26.125035499553] -10.6096246611604
[26.172968299553] -10.7026775144522
[26.224895599553] -10.8098307769353
[26.274475199553] -10.8892631653395
[26.321979099553] -10.981761654834
[26.368951499553] -11.0597028905858
[26.417381899553] -11.1028031558127
[26.466444399553] -11.15748224104
[26.516277899553] -11.2419620136664
[26.564427199553] -11.3467192581591
[26.613752199553] -11.4185187257991
[26.662532999553] -11.4742420431264
[26.709245899553] -11.5457717374192
[26.757456799553] -11.6235678733278
[26.805684799553] -11.6914614468905
[26.853634199553] -11.7392827242322
[26.902465599553] -11.757695057702
[26.952919699553] -11.7934505781146
[27.000173399553] -11.8299105983214
[27.047594699553] -11.8792898144572
[27.095957299553] -11.9187906941635
[27.144419399553] -11.9064944241196
[27.193025599553] -11.8842554995468
[27.241471199553] -11.8801102625435
[27.289745899553] -11.8888106613343
[27.338040799553] -11.9026659831769
[27.386450199553] -11.912258142354
[27.434284799553] -11.896190782526
[27.485166199553] -11.8912430295616
[27.533061599553] -11.908310864839
[27.583414599553] -11.9364588860786
[27.631403699553] -11.987666899935
[27.678653599553] -12.0611566141985
[27.729096099553] -12.1404974360831
[27.779437099553] -12.2058978842905
[27.828702999553] -12.2528894998943
[27.879338699553] -12.3102886083458
[27.929002899553] -12.3708132261026
[27.977554199553] -12.4412023297062
[28.026241699553] -12.5279044517467
[28.077193499553] -12.6066817681386
[28.127629199553] -12.6876711266132
[28.178969099553] -12.7328225713802
[28.228230199553] -12.7394824159557
[28.494181999553] -12.726807876648
[28.559699299553] -12.6309893837825
[28.614806899553] -12.3535791951193
[28.666505599553] -12.1023927556685
[28.715896199553] -11.8623822102048
[28.767530799553] -11.6164857326739
[28.816725099553] -11.4021143937633
[28.867078999553] -11.2292934341564
