[0] 0
[0.0166666675359011] 0.0136921347647379
[0.0333333350718021] 0.0547495462292678
[0.0500000026077032] 0.123142730540641
[0.0666666701436043] 0.218838811706245
[0.0833333376795053] 0.3417979798075
[0.100000005215406] 0.491968711875527
[0.116666672751307] 0.669281399173089
[0.133333340287209] 0.873641119318869
[0.15000000782311] 1.10491873612213
[0.166666675359011] 1.36294096418085
[0.183333342894912] 1.64747947344421
[0.200000010430813] 1.95823887495216
[0.216666677966714] 2.29484325650696
[0.233333345502615] 2.65682342609015
[0.250000013038516] 3.04360205999531
[0.266666680574417] 3.45447960388932
[0.283333348110318] 3.88861827031437
[0.300000015646219] 4.34503283871325
[0.31666668318212] 4.82257285691245
[0.333333350718021] 5.31991208187142
[0.350000018253922] 5.8355406116269
[0.366666685789824] 6.36775469832992
[0.383333353325725] 6.91466154698634
[0.400000020861626] 7.47415960504992
[0.416666688397527] 8.04395786765221
[0.433333355933428] 8.62157850423276
[0.450000023469329] 9.20437210997381
[0.46666669100523] 9.7895224602879
[0.483333358541131] 10.3740754299487
[0.500000026077032] 10.9549670912461
[0.516666693612933] 11.5290552784095
[0.533333361148834] 12.0931429152759
[0.550000028684735] 12.6440250421877
[0.566666696220636] 13.1785407259316
[0.583333363756537] 13.6935882208441
[0.600000031292439] 14.1861779417772
[0.61666669882834] 14.6534858409834
[0.633333366364241] 15.0928943205164
[0.650000033900142] 15.5020170130404
[0.666666701436043] 15.8787381546659
[0.683333368971944] 16.2212471811745
[0.700000036507845] 16.5280499025878
[0.716666704043746] 16.798008810021
[0.733333371579647] 17.0303216696396
[0.750000039115548] 17.224557829717
[0.766666706651449] 17.3806353485294
[0.78333337418735] 17.49879026947
[0.800000041723251] 17.5795900686213
[0.816666709259152] 17.6238822520439
[0.833333376795053] 17.6327631165616
[0.850000044330955] 17.6075798883653
[0.866666711866856] 17.5498592365881
[0.883333379402757] 17.4612801707955
[0.900000046938658] 17.3436226957479
[0.916666714474559] 17.1987486205271
[0.93333338201046] 17.0285861631361
[0.950000049546361] 16.8350427201899
[0.966666717082262] 16.6200177672237
[0.983333384618163] 16.3854016290691
[1.00000005215406] 16.132998142079
[1.01666671968997] 15.8645599360271
[1.03333338722587] 15.5817769132391
[1.05000005476177] 15.2862242918819
[1.06666672229767] 14.9794267389707
[1.08333338983357] 14.6628151237205
[1.10000005736947] 14.3377562497008
[1.11666672490537] 14.0055346663189
[1.13333339244127] 13.6673936503614
[1.15000005997717] 13.3245200766016
[1.16666672751307] 12.9780498642758
[1.18333339504898] 12.629110947672
[1.20000006258488] 12.2787846403764
[1.21666673012078] 11.9281705902404
[1.23333339765668] 11.5783373274888
[1.25000006519258] 11.2303646856947
[1.26666673272848] 10.8853260846335
[1.28333340026438] 10.5443047530413
[1.30000006780028] 10.2083697690372
[1.31666673533618] 9.87860257076306
[1.33333340287209] 9.55606271060427
[1.35000007040799] 9.24179610011318
[1.36666673794389] 8.93682387220275
[1.38333340547979] 8.64213131735832
[1.40000007301569] 8.35866083562187
[1.41666674055159] 8.08730897047262
[1.43333340808749] 7.82891259832766
[1.45000007562339] 7.5842436417711
[1.46666674315929] 7.35401088340781
[1.4833334106952] 7.13883904153781
[1.5000000782311] 6.93929014993275
[1.516666745767] 6.75583987787918
[1.5333334133029] 6.58888530648518
[1.5500000808388] 6.43874138834005
[1.5666667483747] 6.30564204020862
[1.5833334159106] 6.18973730142287
[1.6000000834465] 6.09109768852729
[1.6166667509824] 6.00970905364252
[1.6333334185183] 5.9454721871381
[1.65000008605421] 5.89820828602492
[1.66666675359011] 5.86765488732029
[1.68333342112601] 5.85346165389385
[1.70000008866191] 5.85519943440636
[1.71666675619781] 5.87234846034074
[1.73333342373371] 5.90430594359714
[1.75000009126961] 5.95038483702653
[1.76666675880551] 6.00980960893119
[1.78333342634141] 6.08172095851162
[1.80000009387732] 6.1651730261246
[1.81666676141322] 6.25914128578032
[1.83333342894912] 6.36251894651614
[1.85000009648502] 6.47412682265006
[1.86666676402092] 6.59271557362561
[1.88333343155682] 6.7169761641354
[1.90000009909272] 6.8455485773319
[1.91666676662862] 6.97703110410371
[1.93333343416452] 7.10999821043802
[1.95000010170043] 7.24301576394192
[1.96666676923633] 7.37465236078135
[1.98333343677223] 7.50350798515758
[2.00000010430813] 7.62822983089934
[2.01666677184403] 7.74753270648928
[2.03333343937993] 7.86021974595131
[2.05000010691583] 7.96521011861917
[2.06666677445173] 8.06154906533818
[2.08333344198763] 8.14843179497164
[2.10000010952353] 8.22522099793269
[2.11666677705944] 8.29144523894912
[2.13333344459534] 8.34682427333386
[2.15000011213124] 8.39125685905231
[2.16666677966714] 8.4248291410845
[2.18333344720304] 8.44780670096571
[2.20000011473894] 8.46062393552748
[2.21666678227484] 8.46387298446877
[2.23333344981074] 8.45828758502921
[2.25000011734664] 8.44472128990449
[2.26666678488255] 8.42413115998793
[2.28333345241845] 8.39754879749049
[2.30000011995435] 8.36606906166449
[2.31666678749025] 8.33082080209198
[2.33333345502615] 8.29294761094605
[2.35000012256205] 8.25358990920429
[2.36666679009795] 8.21386478928036
[2.38333345763385] 8.17485290419098
[2.40000012516975] 8.13758081427287
[2.41666679270566] 8.10301212935668
[2.43333346024156] 8.07203626939756
[2.45000012777746] 8.04545950485142
[2.46666679531336] 8.02399917883219
[2.48333346284926] 8.00828070012304
[2.50000013038516] 7.99883087285517
[2.51666679792106] 7.99608049094594
[2.53333346545696] 8.00036093927498
[2.55000013299286] 8.01190902918498
[2.56666680052876] 8.03086923302692
[2.58333346806467] 8.05729995385168
[2.60000013560057] 8.09117614587709
[2.61666680313647] 8.13239727856356
[2.63333347067237] 8.18080874379712
[2.65000013820827] 8.23621011399286
[2.66666680574417] 8.29835662298311
[2.68333347328007] 8.36698750421161
[2.70000014081597] 8.44184304234191
[2.71666680835187] 8.52266843929628
[2.73333347588778] 8.60924854175151
[2.75000014342368] 8.70140269474388
[2.76666681095958] 8.79898741684576
[2.78333347849548] 8.90193225016248
[2.80000014603138] 9.01021463752653
[2.81666681356728] 9.12386052623134
[2.83333348110318] 9.24295528999591
[2.85000014863908] 9.36760274013351
[2.86666681617498] 9.49794784338415
[2.88333348371089] 9.6341399063929
[2.90000015124679] 9.77631586185754
[2.91666681878269] 9.92461609084423
[2.93333348631859] 10.0791377433327
[2.95000015385449] 10.2399390768134
[2.96666682139039] 10.4070266273918
[2.98333348892629] 10.5803413173535
[3.00000015646219] 10.7597466831435
[3.01666682399809] 10.9450273366062
[3.03333349153399] 11.135863700921
[3.0500001590699] 11.3318418134362
[3.0666668266058] 11.5324112824655
[3.0833334941417] 11.7369105121899
[3.1000001616776] 11.9445345127893
[3.1166668292135] 12.1543242685191
[3.1333334967494] 12.3651797269222
[3.1500001642853] 12.5758281216871
[3.1666668318212] 12.7848346657622
[3.1833334993571] 12.990597294979
[3.20000016689301] 13.1913540163232
[3.21666683442891] 13.3852027902195
[3.23333350196481] 13.570101398542
[3.25000016950071] 13.7438926387715
[3.26666683703661] 13.9043128876943
[3.28333350457251] 14.0490589232242
[3.30000017210841] 14.1758006654915
[3.31666683964431] 14.2822202695845
[3.33333350718021] 14.3660457169524
[3.35000017471611] 14.4251246705795
[3.36666684225202] 14.4574350808601
[3.38333350978792] 14.4611510950876
[3.40000017732382] 14.4346736683434
[3.41666684485972] 14.3766486370302
[3.43333351239562] 14.2860389897709
[3.45000017993152] 14.1621149683309
[3.46666684746742] 14.0044967051384
[3.48333351500332] 13.8131452949037
[3.50000018253922] 13.588362705369
[3.51666685007513] 13.3308174252334
[3.53333351761103] 13.0415300518006
[3.55000018514693] 12.7218312299759
[3.56666685268283] 12.3733595039595
[3.58333352021873] 11.9980391414449
[3.60000018775463] 11.5980485341235
[3.61666685529053] 11.1757766236366
[3.63333352282643] 10.733802682876
[3.65000019036233] 10.2748540535952
[3.66666685789824] 9.80175984916153
[3.68333352543414] 9.31743404824002
[3.70000019297004] 8.82481448247567
[3.71666686050594] 8.32684535650025
[3.73333352804184] 7.82643408787283
[3.75000019557774] 7.32641749549365
[3.76666686311364] 6.82954692954919
[3.78333353064954] 6.33844914311181
[3.80000019818544] 5.85561824902635
[3.81666686572134] 5.38338402989656
[3.83333353325725] 4.92390898195297
[3.85000020079315] 4.47918495250408
[3.86666686832905] 4.05101465902956
[3.88333353586495] 3.64102849905754
[3.90000020340085] 3.25067500494496
[3.91666687093675] 2.88122574608845
[3.93333353847265] 2.53379721175805
[3.95000020600855] 2.20934792236807
[3.96666687354445] 1.90869365705159
[3.98333354108036] 1.63252294743314
[4.00000020861626] 1.38140702059953
[4.01666687615216] 1.15581349923721
[4.03333354368806] 0.956118868428412
[4.05000021122396] 0.782620711593021
[4.06666687875986] 0.635548812529755
[4.08333354629576] 0.515076076651114
[4.10000021383166] 0.421327046729406
[4.11666688136756] 0.354386441216649
[4.13333354890347] 0.314305809342987
[4.15000021643937] 0.301109154834061
[4.16666688397527] 0.314796907608553
[4.18333355151117] 0.355349425050624
[4.20000021904707] 0.422727872899969
[4.21666688658297] 0.516874715972108
[4.23333355411887] 0.637712780752646
[4.25000022165477] 0.785142079273005
[4.26666688919067] 0.959036656068697
[4.28333355672657] 1.15923896017009
[4.30000022426248] 1.38555337796823
[4.31666689179838] 1.63773895991842
[4.33333355933428] 1.91549864066644
[4.35000022687018] 2.21847055830222
[4.36666689440608] 2.54621725927778
[4.38333356194198] 2.89820900094561
[4.40000022947788] 3.27381440364739
[4.41666689701378] 3.67228464153297
[4.43333356454968] 4.0927381484243
[4.45000023208559] 4.53414559784153
[4.46666689962149] 4.99531608200971
[4.48333356715739] 5.47487984983739
[4.50000023469329] 5.97127676939015
[4.51666690222919] 6.48274537904061
[4.53333356976509] 7.0073083008031
[4.55000023730099] 7.5427706524464
[4.56666690483689] 8.08671315036432
[4.58333357237279] 8.63648951966087
[4.6000002399087] 9.18924099568086
[4.6166669074446] 9.74190304674041
[4.6333335749805] 10.291224724504
[4.6500002425164] 10.8337877762949
[4.6666669100523] 11.3660452777158
[4.6833335775882] 11.884353661121
[4.7000002451241] 12.3850210340793
[4.71666691266] 12.8643715489102
[4.7333335801959] 13.3187663440887
[4.7500002477318] 13.7446845743248
[4.76666691526771] 14.1388036811666
[4.78333358280361] 14.4980221793151
[4.80000025033951] 14.8195159425122
[4.81666691787541] 15.1008236463229
[4.83333358541131] 15.3398625338653
[4.85000025294721] 15.5349755754965
[4.86666692048311] 15.684966424643
[4.88333358801901] 15.7890871350662
[4.90000025555491] 15.8470800483543
[4.91666692309082] 15.859173534034
[4.93333359062672] 15.8260222966981
[4.95000025816262] 15.7487159517075
[4.96666692569852] 15.628786027418
[4.98333359323442] 15.4680913458008
[5.00000026077032] 15.2688075954317
[5.01666692830622] 15.033407827155
[5.03333359584212] 14.7645825987136
[5.05000026337802] 14.4652018558695
[5.06666693091393] 14.1382560304167
[5.08333359844983] 13.7867995681792
[5.10000026598573] 13.413963512712
[5.11666693352163] 13.0228295157227
[5.13333360105753] 12.6164733849749
[5.15000026859343] 12.1978776161482
[5.16666693612933] 11.769929734603
[5.18333360366523] 11.3354055948534
[5.20000027120113] 10.8969301993891
[5.21666693873703] 10.4569874736441
[5.23333360627294] 10.0179064517628
[5.25000027380884] 9.58184696214772
[5.26666694134474] 9.15080572410585
[5.28333360888064] 8.72662843916862
[5.30000027641654] 8.31098982357242
[5.31666694395244] 7.90542885625121
[5.33333361148834] 7.51132962144823
[5.35000027902424] 7.12994175900295
[5.36666694656014] 6.76239064013237
[5.38333361409605] 6.40968386798184
[5.40000028163195] 6.07271116484031
[5.41666694916785] 5.75226625286654
[5.43333361670375] 5.44904546949354
[5.45000028423965] 5.16366025817002
[5.46666695177555] 4.89663902323804
[5.48333361931145] 4.64843591467309
[5.50000028684735] 4.41942911224217
[5.51666695438325] 4.20994031100867
[5.53333362191916] 4.02022169543097
[5.55000028945506] 3.85046508458612
[5.56666695699096] 3.70080440476725
[5.58333362452686] 3.57132071000221
[5.60000029206276] 3.46203225498809
[5.61666695959866] 3.37290501422224
[5.63333362713456] 3.30385031234433
[5.65000029467046] 3.25471965331607
[5.66666696220636] 3.22531039608106
[5.68333362974226] 3.21536050238838
[5.70000029727817] 3.2245469375173
[5.71666696481407] 3.25248628743694
[5.73333363234997] 3.29873264941821
[5.75000029988587] 3.36277574234626
[5.76666696742177] 3.44403838335802
[5.78333363495767] 3.5418710126343
[5.80000030249357] 3.65555599172458
[5.81666697002947] 3.78430220215453
[5.83333363756537] 3.9272397244485
[5.85000030510128] 4.08342106153987
[5.86666697263718] 4.25182011638972
[5.88333364017308] 4.43133172482994
[5.90000030770898] 4.62076149864993
[5.91666697524488] 4.81883662509475
[5.93333364278078] 5.02419762385053
[5.95000031031668] 5.23540323569483
[5.96666697785258] 5.45093326519603
[5.98333364538848] 5.66918572298277
[6.00000031292439] 5.88849328274242
[6.01666698046029] 6.10712645952654
[6.03333364799619] 6.3232923544411
[6.05000031553209] 6.5351601685577
[6.06666698306799] 6.74087359983054
[6.08333365060389] 6.938556701975
[6.10000031813979] 7.12634171032732
[6.11666698567569] 7.30238757627744
[6.13333365321159] 7.46491353758603
[6.15000032074749] 7.61220518939534
[6.1666669882834] 7.74265052292282
[6.1833336558193] 7.85477103753732
[6.2000003233552] 7.94724123466859
[6.2166669908911] 8.0189225397495
[6.233333658427] 8.0688748069323
[6.2500003259629] 8.09638482119386
[6.2666669934988] 8.10098928773917
[6.2833336610347] 8.08248897679414
[6.3000003285706] 8.04093792438394
[6.31666699610651] 7.97667966115879
[6.33333366364241] 7.89032686857395
[6.35000033117831] 7.78275234395959
[6.36666699871421] 7.65508710763499
[6.38333366625011] 7.50869821905966
[6.40000033378601] 7.34516677080843
[6.41666700132191] 7.16626571011327
[6.43333366885781] 6.97393884157106
[6.45000033639371] 6.77025960047595
[6.46666700392962] 6.55740901529698
[6.48333367146552] 6.33764284512495
[6.50000033900142] 6.11324935703403
[6.51666700653732] 5.88654058311963
[6.53333367407322] 5.65980632617416
[6.55000034160912] 5.43530298291219
[6.56666700914502] 5.21521869330645
[6.58333367668092] 5.00166193831468
[6.60000034421682] 4.79663954273742
[6.61666701175272] 4.60204453210165
[6.63333367928863] 4.41964681305266
[6.65000034682453] 4.25108645816695
[6.66666701436043] 4.09786360240688
[6.68333368189633] 3.96134039333856
[6.70000034943223] 3.84274181658018
[6.71666701696813] 3.74315134788426
[6.73333368450403] 3.66352169731753
[6.75000035203993] 3.60467361744122
[6.76666701957583] 3.56730573168153
[6.78333368711174] 3.55199773156401
[6.80000035464764] 3.55921837529165
[6.81666702218354] 3.58933218945652
[6.83333368971944] 3.64260437360241
[6.85000035725534] 3.71920703605947
[6.86666702479124] 3.81922658250206
[6.88333369232714] 3.94266185841459
[6.90000035986304] 4.08943224292509
[6.91666702739894] 4.25937439995774
[6.93333369493484] 4.45224348454357
[6.95000036247075] 4.66770748004007
[6.96666703000665] 4.90534375747184
[6.98333369754255] 5.16463501662503
[7.00000036507845] 5.4449519063667
[7.01666703261435] 5.7455443743358
[7.03333370015025] 6.06552970829323
[7.05000036768615] 6.40386950632885
[7.06666703522205] 6.7593492770399
[7.08333370275795] 7.13055965394807
[7.10000037029386] 7.51586465134952
[7.11666703782976] 7.91337831427623
[7.13333370536566] 8.32093379326844
[7.15000037290156] 8.73604761310577
[7.16666704043746] 9.15590040795329
[7.18333370797336] 9.57731003036054
[7.20000037550926] 9.99670857545067
[7.21666704304516] 10.4101419027168
[7.23333371058106] 10.8132839972632
[7.25000037811697] 11.2014968731506
[7.26666704565287] 11.5698907068337
[7.28333371318877] 11.9134424551487
[7.30000038072467] 12.2271575757005
[7.31666704826057] 12.506301897445
[7.33333371579647] 12.7465443015013
[7.35000038333237] 12.9442486029732
[7.36666705086827] 13.0966266897478
[7.38333371840417] 13.2018239405975
[7.40000038594007] 13.2590094540233
[7.41666705347598] 13.268333470927
[7.43333372101188] 13.2307976304403
[7.45000038854778] 13.1481730557721
[7.46666705608368] 13.0227590686442
[7.48333372361958] 12.8572769560665
[7.50000039115548] 12.6546854954341
[7.51666705869138] 12.4180835681193
[7.53333372622728] 12.1505707995186
[7.55000039376318] 11.8552174089921
[7.56666706129909] 11.5349764826684
[7.58333372883499] 11.1926824833468
[7.60000039637089] 10.8310456924656
[7.61666706390679] 10.4526171582967
[7.63333373144269] 10.0598267118844
[7.65000039897859] 9.6549871617454
[7.66666706651449] 9.24028923991392
[7.68333373405039] 8.81782550463871
[7.70000040158629] 8.38960361886643
[7.7166670691222] 7.95755453319455
[7.7333337366581] 7.52353871732223
[7.750000404194] 7.08934804906657
[7.7666670717299] 6.65671441109001
[7.7833337392658] 6.22731838905148
[7.8000004068017] 5.80277279103031
[7.8166670743376] 5.3846346056005
[7.8333337418735] 4.97440026093462
[7.8500004094094] 4.57350088285105
[7.8666670769453] 4.18329777001975
[7.88333374448121] 3.80508151814729
[7.90000041201711] 3.44007061530764
[7.91666707955301] 3.08940632771296
[7.93333374708891] 2.75415183367285
[7.95000041462481] 2.43529187742263
[7.96666708216071] 2.1337317996795
[7.98333374969661] 1.85029684460105
[8.00000041723251] 1.58573427871681
[8.01666708476841] 1.34071484218541
[8.03333375230432] 1.11583431545518
[8.05000041984022] 0.911615071759501
[8.06666708737612] 0.728509830479256
[8.08333375491202] 0.566903037661598
[8.10000042244792] 0.427113615546923
[8.11666708998382] 0.309397125553454
[8.13333375751972] 0.213947954813662
[8.15000042505562] 0.14090063625593
[8.16666709259152] 0.0903312905838632
[8.18333376012743] 0.062258299695144
[8.20000042766333] 0.0566424936572827
[8.21666709519923] 0.0733870608922197
[8.23333376273513] 0.112336604177393
[8.25000043027103] 0.173275985954358
[8.26666709780693] 0.255928544031868
[8.28333376534283] 0.359954065153341
[8.30000043287873] 0.484946423222123
[8.31666710041463] 0.630430731589053
[8.33333376795053] 0.79586116128325
[8.35000043548644] 0.98061707623028
[8.36666710302234] 1.1840019531134
[8.38333377055824] 1.40524064574218
[8.40000043809414] 1.64347673816857
[8.41666710563004] 1.89777362457668
[8.43333377316594] 2.16711309137467
[8.45000044070184] 2.45039603983484
[8.46666710823774] 2.74644521843465
[8.48333377577364] 3.05400888791616
[8.50000044330955] 3.37176537334114
[8.51666711084545] 3.69832852467856
[8.53333377838135] 4.03225931206013
[8.55000044591725] 4.37207183921198
[8.56666711345315] 4.71624020683489
[8.58333378098905] 5.06321637815658
[8.60000044852495] 5.4114365665626
[8.61666711606085] 5.75934025891604
[8.63333378359675] 6.10537980302729
[8.65000045113266] 6.44802476989385
[8.66666711866856] 6.78577829390135
[8.68333378620446] 7.11718864736386
[8.70000045374036] 7.44085015839585
[8.71666712127626] 7.75540879291162
[8.73333378881216] 8.0595683280707
[8.75000045634806] 8.35208400048853
[8.76666712388396] 8.63176184761369
[8.78333379141986] 8.89745236700643
[8.80000045895576] 9.14804399245588
[8.81666712649167] 9.38245144616784
[8.83333379402757] 9.59960225730877
[8.85000046156347] 9.79843087060732
[8.86666712909937] 9.97787609088815
[8.88333379663527] 10.1368527420906
[8.90000046417117] 10.2742643159555
[8.91666713170707] 10.3890153271905
[8.93333379924297] 10.4800032312508
[8.95000046677887] 10.5461424716869
[8.96666713431478] 10.5864005502241
[8.98333380185068] 10.5998410162848
[9.00000046938658] 10.5856747728731
[9.01666713692248] 10.543305848689
[9.03333380445838] 10.4724503352748
[9.05000047199428] 10.373172054776
[9.06666713953018] 10.2459374578107
[9.08333380706608] 10.0916973483868
[9.10000047460198] 9.91187578286991
[9.11666714213789] 9.70837235940746
[9.13333380967379] 9.48353947502187
[9.15000047720969] 9.24007207872992
[9.16666714474559] 8.98096395083806
[9.18333381228149] 8.70936442016801
[9.20000047981739] 8.4284920424443
[9.21666714735329] 8.14156246437335
[9.23333381488919] 7.85167828336014
[9.25000048242509] 7.56178601652996
[9.26666714996099] 7.27463710315945
[9.2833338174969] 6.99274842723321
[9.3000004850328] 6.71840735432184
[9.3166671525687] 6.45364128801123
[9.3333338201046] 6.20026305088254
[9.3500004876405] 5.95985785998292
[9.3666671551764] 5.73379794057772
[9.3833338227123] 5.52328213622915
[9.4000004902482] 5.32932756451479
[9.4166671577841] 5.15280608477926
[9.43333382532001] 4.99444622416829
[9.45000049285591] 4.85485357478086
[9.46666716039181] 4.73452268812965
[9.48333382792771] 4.63383913470731
[9.50000049546361] 4.55309696862435
[9.51666716299951] 4.49249191205482
[9.53333383053541] 4.45212983490812
[9.55000049807131] 4.43202680212917
[9.56666716560721] 4.43210360546382
[9.58333383314312] 4.45218713385808
[9.60000050067902] 4.49199927446774
[9.61666716821492] 4.55115680688925
[9.63333383575082] 4.62916218720398
[9.65000050328672] 4.72539567248564
[9.66666717082262] 4.83911220643773
[9.68333383835852] 4.96943409614443
[9.70000050589442] 5.11534518515405
[9.71666717343032] 5.2756904572264
[9.73333384096622] 5.44917164353425
[9.75000050850213] 5.63435183407483
[9.76666717603803] 5.82965794094349
[9.78333384357393] 6.03338935349235
[9.80000051110983] 6.24372286762762
[9.81666717864573] 6.45873389234026
[9.83333384618163] 6.67640698532799
[9.85000051371753] 6.8946532020108
[9.86666718125343] 7.11134091341916
[9.88333384878933] 7.3243135685625
[9.90000051632524] 7.53141966546421
[9.91666718386114] 7.73053126210588
[9.93333385139704] 7.91958426973727
[9.95000051893294] 8.09659527184795
[9.96666718646884] 8.25969143746325
[9.98333385400474] 8.40714363183364
[10.0000005215406] 8.53736397778553
[10.0166671890765] 8.64894869914699
[10.0333338566124] 8.74068381383481
[10.0500005241483] 8.81155495387942
[10.0666671916842] 8.86075198788842
[10.0833338592201] 8.88769113159269
[10.100000526756] 8.8919821910162
[10.1166671942919] 8.87345546390979
[10.1333338618279] 8.83213728306749
[10.1500005293638] 8.76825410150939
[10.1666671968997] 8.68220567493302
[10.1833338644356] 8.57457744020406
[10.2000005319715] 8.44611025547775
[10.2166671995074] 8.2976828310147
[10.2333338670433] 8.13033735803055
[10.2500005345792] 7.94523560636387
[10.2666672021151] 7.74364793293686
[10.283333869651] 7.52697047881705
[10.3000005371869] 7.29669750756446
[10.3166672047228] 7.05442018189579
[10.3333338722587] 6.80180952394608
[10.3500005397946] 6.5406253613281
[10.3666672073305] 6.27268218125576
[10.3833338748664] 5.99985678683316
[10.4000005424023] 5.72405518214069
[10.4166672099382] 5.44722101049652
[10.4333338774741] 5.17128787705301
[10.45000054501] 4.89818060975896
[10.4666672125459] 4.6297912374451
[10.4833338800818] 4.36795481518889
[10.5000005476177] 4.11444088840865
[10.5166672151536] 3.87092142236188
[10.5333338826895] 3.63897839920347
[10.5500005502254] 3.42007610821919
[10.5666672177613] 3.21556655808378
[10.5833338852972] 3.02667302539232
[10.6000005528331] 2.85449949479685
[10.616667220369] 2.70002416095906
[10.6333338879049] 2.56411308359181
[10.6500005554408] 2.44751367416553
[10.6666672229767] 2.3508673051921
[10.6833338905126] 2.27471665484551
[10.7000005580485] 2.21950898165758
[10.7166672255844] 2.18560690500333
[10.7333338931203] 2.17329351116408
[10.7500005606562] 2.18277535347448
[10.7666672281921] 2.2141914772667
[10.783333895728] 2.26761701751417
[10.8000005632639] 2.34306269813307
[10.8166672307998] 2.44047932335104
[10.8333338983357] 2.55975574488171
[10.8500005658716] 2.70071767080493
[10.8666672334075] 2.86312700132198
[10.8833339009434] 3.04667528558347
[10.9000005684793] 3.25097999850454
[10.9166672360152] 3.47557676782918
[10.9333339035511] 3.71991343260351
[10.950000571087] 3.98334047717018
[10.9666672386229] 4.26510047310101
[10.9833339061588] 4.56431759054644
[11.0000005736947] 4.87999506066959
[11.0166672412306] 5.21099270351198
[11.0333339087665] 5.55603232035379
[11.0500005763024] 5.91367728766967
[11.0666672438383] 6.28232615992603
[11.0833339113742] 6.66021452392275
[11.1000005789101] 7.04540478103789
[11.116667246446] 7.43578777626465
[11.1333339139819] 7.82908471256661
[11.1500005815178] 8.22284848655514
[11.1666672490537] 8.61447703838488
[11.1833339165896] 9.00122857539137
[11.2000005841255] 9.38022872368381
[11.2166672516614] 9.74849885627379
[11.2333339191973] 10.1029710684695
[11.2500005867332] 10.4405440610254
[11.2666672542691] 10.7580790293216
[11.283333921805] 11.0524666941623
[11.3000005893409] 11.3206631481845
[11.3166672568768] 11.5597375138018
[11.3333339244127] 11.7669032392662
[11.3500005919486] 11.9395943108637
[11.3666672594845] 12.0755018990034
[11.3833339270204] 12.1726185845934
[11.4000005945563] 12.2293187078912
[11.4166672620922] 12.2443674451637
[11.4333339296281] 12.2169828954978
[11.450000597164] 12.146848492612
[11.4666672646999] 12.034161987682
[11.4833339322358] 11.8796087542606
[11.5000005997717] 11.6843862776307
[11.5166672673076] 11.4501654966987
[11.5333339348435] 11.1790435901131
[11.5500006023794] 10.8735355123481
[11.5666672699153] 10.5364965650832
