[0] 0
[0.0166666675359011] 0
[0.0333333350718021] 0
[0.0500000026077032] 0
[0.0666666701436043] 0
[0.0833333376795053] 0
[0.100000005215406] 0
[0.116666672751307] 0
[0.133333340287209] 0
[0.15000000782311] 0
[0.166666675359011] 0
[0.183333342894912] 0
[0.200000010430813] 0
[0.216666677966714] 0
[0.233333345502615] 0
[0.250000013038516] 0
[0.266666680574417] 0
[0.283333348110318] 0
[0.300000015646219] 0
[0.31666668318212] 0
[0.333333350718021] 0
[0.350000018253922] 0
[0.366666685789824] 0
[0.383333353325725] 0
[0.400000020861626] 0
[0.416666688397527] 0
[0.433333355933428] 0
[0.450000023469329] 0
[0.46666669100523] 0
[0.483333358541131] 0
[0.500000026077032] 0
[0.516666693612933] 0
[0.533333361148834] 0
[0.550000028684735] 0
[0.566666696220636] 0
[0.583333363756537] 0
[0.600000031292439] 0
[0.61666669882834] 0
[0.633333366364241] 0
[0.650000033900142] 0
[0.666666701436043] 0
[0.683333368971944] 0
[0.700000036507845] 0
[0.716666704043746] 0
[0.733333371579647] 0
[0.750000039115548] 0
[0.766666706651449] 0
[0.78333337418735] 0
[0.800000041723251] 0
[0.816666709259152] 0
[0.833333376795053] 0
[0.850000044330955] 0
[0.866666711866856] 0
[0.883333379402757] 0
[0.900000046938658] 0
[0.916666714474559] 0
[0.93333338201046] 0
[0.950000049546361] 0
[0.966666717082262] 0
[0.983333384618163] 0
[1.00000005215406] 0
[1.01666671968997] 0
[1.03333338722587] 0
[1.05000005476177] 0
[1.06666672229767] 0
[1.08333338983357] 0
[1.10000005736947] 0
[1.11666672490537] 0
[1.13333339244127] 0
[1.15000005997717] 0
[1.16666672751307] 0
[1.18333339504898] 0
[1.20000006258488] 0
[1.21666673012078] 0
[1.23333339765668] 0
[1.25000006519258] 0
[1.26666673272848] 0
[1.28333340026438] 0
[1.30000006780028] 0
[1.31666673533618] 0
[1.33333340287209] 0
[1.35000007040799] 0
[1.36666673794389] 0
[1.38333340547979] 0
[1.40000007301569] 0
[1.41666674055159] 0
[1.43333340808749] 0
[1.45000007562339] 0
[1.46666674315929] 0
[1.4833334106952] 0
[1.5000000782311] 0
[1.516666745767] 0
[1.5333334133029] 0
[1.5500000808388] 0
[1.5666667483747] 0
[1.5833334159106] 0
[1.6000000834465] 0
[1.6166667509824] 0
[1.6333334185183] 0
[1.65000008605421] 0
[1.66666675359011] 0
[1.68333342112601] 0
[1.70000008866191] 0
[1.71666675619781] 0
[1.73333342373371] 0
[1.75000009126961] 0
[1.76666675880551] 0
[1.78333342634141] 0
[1.80000009387732] 0
[1.81666676141322] 0
[1.83333342894912] 0
[1.85000009648502] 0
[1.86666676402092] 0
[1.88333343155682] 0
[1.90000009909272] 0
[1.91666676662862] 0
[1.93333343416452] 0
[1.95000010170043] 0
[1.96666676923633] 0
[1.98333343677223] 0
[2.00000010430813] 0
[2.01666677184403] 0
[2.03333343937993] 0
[2.05000010691583] 0
[2.06666677445173] 0
[2.08333344198763] 0
[2.10000010952353] 0
[2.11666677705944] 0
[2.13333344459534] 0
[2.15000011213124] 0
[2.16666677966714] 0
[2.18333344720304] 0
[2.20000011473894] 0
[2.21666678227484] 0
[2.23333344981074] 0
[2.25000011734664] 0
[2.26666678488255] 0
[2.28333345241845] 0
[2.30000011995435] 0
[2.31666678749025] 0
[2.33333345502615] 0
[2.35000012256205] 0
[2.36666679009795] 0
[2.38333345763385] 0
[2.40000012516975] 0
[2.41666679270566] 0
[2.43333346024156] 0
[2.45000012777746] 0
[2.46666679531336] 0
[2.48333346284926] 0
[2.50000013038516] 0
[2.51666679792106] 0
[2.53333346545696] 0
[2.55000013299286] 0
[2.56666680052876] 0
[2.58333346806467] 0
[2.60000013560057] 0
[2.61666680313647] 0
[2.63333347067237] 0
[2.65000013820827] 0
[2.66666680574417] 0
[2.68333347328007] 0
[2.70000014081597] 0
[2.71666680835187] 0
[2.73333347588778] 0
[2.75000014342368] 0
[2.76666681095958] 0
[2.78333347849548] 0
[2.80000014603138] 0
[2.81666681356728] 0
[2.83333348110318] 0
[2.85000014863908] 0
[2.86666681617498] 0
[2.88333348371089] 0
[2.90000015124679] 0
[2.91666681878269] 0
[2.93333348631859] 0
[2.95000015385449] 0
[2.96666682139039] 0
[2.98333348892629] 0
[3.00000015646219] 0
[3.01666682399809] 0
[3.03333349153399] 0
[3.0500001590699] 0
[3.0666668266058] 0
[3.0833334941417] 0
[3.1000001616776] 0
[3.1166668292135] 0
[3.1333334967494] 0
[3.1500001642853] 0
[3.1666668318212] 0
[3.1833334993571] 0
[3.20000016689301] 0
[3.21666683442891] 0
[3.23333350196481] 0
[3.25000016950071] 0
[3.26666683703661] 0
[3.28333350457251] 0
[3.30000017210841] 0
[3.31666683964431] 0
[3.33333350718021] 0
[3.35000017471611] 0
[3.36666684225202] 0
[3.38333350978792] 0
[3.40000017732382] 0
[3.41666684485972] 0
[3.43333351239562] 0
[3.45000017993152] 0
[3.46666684746742] 0
[3.48333351500332] 0
[3.50000018253922] 0
[3.51666685007513] 0
[3.53333351761103] 0
[3.55000018514693] 0
[3.56666685268283] 0
[3.58333352021873] 0
[3.60000018775463] 0
[3.61666685529053] 0
[3.63333352282643] 0
[3.65000019036233] 0
[3.66666685789824] 0
[3.68333352543414] 0
[3.70000019297004] 0
[3.71666686050594] 0
[3.73333352804184] 0
[3.75000019557774] 0
[3.76666686311364] 0
[3.78333353064954] 0
[3.80000019818544] 0
[3.81666686572134] 0
[3.83333353325725] 0
[3.85000020079315] 0
[3.86666686832905] 0
[3.88333353586495] 0
[3.90000020340085] 0
[3.91666687093675] 0
[3.93333353847265] 0
[3.95000020600855] 0
[3.96666687354445] 0
[3.98333354108036] 0
[4.00000020861626] 0
[4.01666687615216] 0
[4.03333354368806] 0
[4.05000021122396] 0
[4.06666687875986] 0
[4.08333354629576] 0
[4.10000021383166] 0
[4.11666688136756] 0
[4.13333354890347] 0
[4.15000021643937] 0
[4.16666688397527] 0
[4.18333355151117] 0
[4.20000021904707] 0
[4.21666688658297] 0
[4.23333355411887] 0
[4.25000022165477] 0
[4.26666688919067] 0
[4.28333355672657] 0
[4.30000022426248] 0
[4.31666689179838] 0
[4.33333355933428] 0
[4.35000022687018] 0
[4.36666689440608] 0
[4.38333356194198] 0
[4.40000022947788] 0
[4.41666689701378] 0
[4.43333356454968] 0
[4.45000023208559] 0
[4.46666689962149] 0
[4.48333356715739] 0
[4.50000023469329] 0
[4.51666690222919] 0
[4.53333356976509] 0
[4.55000023730099] 0
[4.56666690483689] 0
[4.58333357237279] 0
[4.6000002399087] 0
[4.6166669074446] 0
[4.6333335749805] 0
[4.6500002425164] 0
[4.6666669100523] 0
[4.6833335775882] 0
[4.7000002451241] 0
[4.71666691266] 0
[4.7333335801959] 0
[4.7500002477318] 0
[4.76666691526771] 0
[4.78333358280361] 0
[4.80000025033951] 0
[4.81666691787541] 0
[4.83333358541131] 0
[4.85000025294721] 0
[4.86666692048311] 0
[4.88333358801901] 0
[4.90000025555491] 0
[4.91666692309082] 0
[4.93333359062672] 0
[4.95000025816262] 0
[4.96666692569852] 0
[4.98333359323442] 0
[5.00000026077032] 0
[5.01666692830622] 0
[5.03333359584212] 0
[5.05000026337802] 0
[5.06666693091393] 0
[5.08333359844983] 0
[5.10000026598573] 0
[5.11666693352163] 0
[5.13333360105753] 0
[5.15000026859343] 0
[5.16666693612933] 0
[5.18333360366523] 0
[5.20000027120113] 0
[5.21666693873703] 0
[5.23333360627294] 0
[5.25000027380884] 0
[5.26666694134474] 0
[5.28333360888064] 0
[5.30000027641654] 0
[5.31666694395244] 0
[5.33333361148834] 0
[5.35000027902424] 0
[5.36666694656014] 0
[5.38333361409605] 0
[5.40000028163195] 0
[5.41666694916785] 0
[5.43333361670375] 0
[5.45000028423965] 0
[5.46666695177555] 0
[5.48333361931145] 0
[5.50000028684735] 0
[5.51666695438325] 0
[5.53333362191916] 0
[5.55000028945506] 0
[5.56666695699096] 0
[5.58333362452686] 0
[5.60000029206276] 0
[5.61666695959866] 0
[5.63333362713456] 0
[5.65000029467046] 0
[5.66666696220636] 0
[5.68333362974226] 0
[5.70000029727817] 0
[5.71666696481407] 0
[5.73333363234997] 0
[5.75000029988587] 0
[5.76666696742177] 0
[5.78333363495767] 0
[5.80000030249357] 0
[5.81666697002947] 0
[5.83333363756537] 0
[5.85000030510128] 0
[5.86666697263718] 0
[5.88333364017308] 0
[5.90000030770898] 0
[5.91666697524488] 0
[5.93333364278078] 0
[5.95000031031668] 0
[5.96666697785258] 0
[5.98333364538848] 0
[6.00000031292439] 0
[6.01666698046029] 0
[6.03333364799619] 0
[6.05000031553209] 0
[6.06666698306799] 0
[6.08333365060389] 0
[6.10000031813979] 0
[6.11666698567569] 0
[6.13333365321159] 0
[6.15000032074749] 0
[6.1666669882834] 0
[6.1833336558193] 0
[6.2000003233552] 0
[6.2166669908911] 0
[6.233333658427] 0
[6.2500003259629] 0
[6.2666669934988] 0
[6.2833336610347] 0
[6.3000003285706] 0
[6.31666699610651] 0
[6.33333366364241] 0
[6.35000033117831] 0
[6.36666699871421] 0
[6.38333366625011] 0
[6.40000033378601] 0
[6.41666700132191] 0
[6.43333366885781] 0
[6.45000033639371] 0
[6.46666700392962] 0
[6.48333367146552] 0
[6.50000033900142] 0
[6.51666700653732] 0
[6.53333367407322] 0
[6.55000034160912] 0
[6.56666700914502] 0
[6.58333367668092] 0
[6.60000034421682] 0
[6.61666701175272] 0
[6.63333367928863] 0
[6.65000034682453] 0
[6.66666701436043] 0
[6.68333368189633] 0
[6.70000034943223] 0
[6.71666701696813] 0
[6.73333368450403] 0
[6.75000035203993] 0
[6.76666701957583] 0
[6.78333368711174] 0
[6.80000035464764] 0
[6.81666702218354] 0
[6.83333368971944] 0
[6.85000035725534] 0
[6.86666702479124] 0
[6.88333369232714] 0
[6.90000035986304] 0
[6.91666702739894] 0
[6.93333369493484] 0
[6.95000036247075] 0
[6.96666703000665] 0
[6.98333369754255] 0
[7.00000036507845] 0
[7.01666703261435] 0
[7.03333370015025] 0
[7.05000036768615] 0
[7.06666703522205] 0
[7.08333370275795] 0
[7.10000037029386] 0
[7.11666703782976] 0
[7.13333370536566] 0
[7.15000037290156] 0
[7.16666704043746] 0
[7.18333370797336] 0
[7.20000037550926] 0
[7.21666704304516] 0
[7.23333371058106] 0
[7.25000037811697] 0
[7.26666704565287] 0
[7.28333371318877] 0
[7.30000038072467] 0
[7.31666704826057] 0
[7.33333371579647] 0
[7.35000038333237] 0
[7.36666705086827] 0
[7.38333371840417] 0
[7.40000038594007] 0
[7.41666705347598] 0
[7.43333372101188] 0
[7.45000038854778] 0
[7.46666705608368] 0
[7.48333372361958] 0
[7.50000039115548] 0
[7.51666705869138] 0
[7.53333372622728] 0
[7.55000039376318] 0
[7.56666706129909] 0
[7.58333372883499] 0
[7.60000039637089] 0
[7.61666706390679] 0
[7.63333373144269] 0
[7.65000039897859] 0
[7.66666706651449] 0
[7.68333373405039] 0
[7.70000040158629] 0
[7.7166670691222] 0
[7.7333337366581] 0
[7.750000404194] 0
[7.7666670717299] 0
[7.7833337392658] 0
[7.8000004068017] 0
[7.8166670743376] 0
[7.8333337418735] 0
[7.8500004094094] 0
[7.8666670769453] 0
[7.88333374448121] 0
[7.90000041201711] 0
[7.91666707955301] 0
[7.93333374708891] 0
[7.95000041462481] 0
[7.96666708216071] 0
[7.98333374969661] 0
[8.00000041723251] 0
[8.01666708476841] 0
[8.03333375230432] 0
[8.05000041984022] 0
[8.06666708737612] 0
[8.08333375491202] 0
[8.10000042244792] 0
[8.11666708998382] 0
[8.13333375751972] 0
[8.15000042505562] 0
[8.16666709259152] 0
[8.18333376012743] 0
[8.20000042766333] 0
[8.21666709519923] 0
[8.23333376273513] 0
[8.25000043027103] 0
[8.26666709780693] 0
[8.28333376534283] 0
[8.30000043287873] 0
[8.31666710041463] 0
[8.33333376795053] 0
[8.35000043548644] 0
[8.36666710302234] 0
[8.38333377055824] 0
[8.40000043809414] 0
[8.41666710563004] 0
[8.43333377316594] 0
[8.45000044070184] 0
[8.46666710823774] 0
[8.48333377577364] 0
[8.50000044330955] 0
[8.51666711084545] 0
[8.53333377838135] 0
[8.55000044591725] 0
[8.56666711345315] 0
[8.58333378098905] 0
[8.60000044852495] 0
[8.61666711606085] 0
[8.63333378359675] 0
[8.65000045113266] 0
[8.66666711866856] 0
[8.68333378620446] 0
[8.70000045374036] 0
[8.71666712127626] 0
[8.73333378881216] 0
[8.75000045634806] 0
[8.76666712388396] 0
[8.78333379141986] 0
[8.80000045895576] 0
[8.81666712649167] 0
[8.83333379402757] 0
[8.85000046156347] 0
[8.86666712909937] 0
[8.88333379663527] 0
[8.90000046417117] 0
[8.91666713170707] 0
[8.93333379924297] 0
[8.95000046677887] 0
[8.96666713431478] 0
[8.98333380185068] 0
[9.00000046938658] 0
[9.01666713692248] 0
[9.03333380445838] 0
[9.05000047199428] 0
[9.06666713953018] 0
[9.08333380706608] 0
[9.10000047460198] 0
[9.11666714213789] 0
[9.13333380967379] 0
[9.15000047720969] 0
[9.16666714474559] 0
[9.18333381228149] 0
[9.20000047981739] 0
[9.21666714735329] 0
[9.23333381488919] 0
[9.25000048242509] 0
[9.26666714996099] 0
[9.2833338174969] 0
[9.3000004850328] 0
[9.3166671525687] 0
[9.3333338201046] 0
[9.3500004876405] 0
[9.3666671551764] 0
[9.3833338227123] 0
[9.4000004902482] 0
[9.4166671577841] 0
[9.43333382532001] 0
[9.45000049285591] 0
[9.46666716039181] 0
[9.48333382792771] 0
[9.50000049546361] 0
[9.51666716299951] 0
[9.53333383053541] 0
[9.55000049807131] 0
[9.56666716560721] 0
[9.58333383314312] 0
[9.60000050067902] 0
[9.61666716821492] 0
[9.63333383575082] 0
[9.65000050328672] 0
[9.66666717082262] 0
[9.68333383835852] 0
[9.70000050589442] 0
[9.71666717343032] 0
[9.73333384096622] 0
[9.75000050850213] 0
[9.76666717603803] 0
[9.78333384357393] 0
[9.80000051110983] 0
[9.81666717864573] 0
[9.83333384618163] 0
[9.85000051371753] 0
[9.86666718125343] 0
[9.88333384878933] 0
[9.90000051632524] 0
[9.91666718386114] 0
[9.93333385139704] 0
[9.95000051893294] 0
[9.96666718646884] 0
[9.98333385400474] 0
[10.0000005215406] 0
[10.0166671890765] 0
[10.0333338566124] 0
[10.0500005241483] 0
[10.0666671916842] 0
[10.0833338592201] 0
[10.100000526756] 0
[10.1166671942919] 0
[10.1333338618279] 0
[10.1500005293638] 0
[10.1666671968997] 0
[10.1833338644356] 0
[10.2000005319715] 0
[10.2166671995074] 0
[10.2333338670433] 0
[10.2500005345792] 0
[10.2666672021151] 0
[10.283333869651] 0
[10.3000005371869] 0
[10.3166672047228] 0
[10.3333338722587] 0
[10.3500005397946] 0
[10.3666672073305] 0
[10.3833338748664] 0
[10.4000005424023] 0
[10.4166672099382] 0
[10.4333338774741] 0
[10.45000054501] 0
[10.4666672125459] 0
[10.4833338800818] 0
[10.5000005476177] 0
[10.5166672151536] 0
[10.5333338826895] 0
[10.5500005502254] 0
[10.5666672177613] 0
[10.5833338852972] 0
[10.6000005528331] 0
[10.616667220369] 0
[10.6333338879049] 0
[10.6500005554408] 0
[10.6666672229767] 0
[10.6833338905126] 0
[10.7000005580485] 0
[10.7166672255844] 0
[10.7333338931203] 0
[10.7500005606562] 0
[10.7666672281921] 0
[10.783333895728] 0
[10.8000005632639] 0
[10.8166672307998] 0
[10.8333338983357] 0
[10.8500005658716] 0
[10.8666672334075] 0
[10.8833339009434] 0
[10.9000005684793] 0
[10.9166672360152] 0
[10.9333339035511] 0
[10.950000571087] 0
[10.9666672386229] 0
[10.9833339061588] 0
[11.0000005736947] 0
[11.0166672412306] 0
[11.0333339087665] 0
[11.0500005763024] 0
[11.0666672438383] 0
[11.0833339113742] 0
[11.1000005789101] 0
[11.116667246446] 0
[11.1333339139819] 0
[11.1500005815178] 0
[11.1666672490537] 0
[11.1833339165896] 0
[11.2000005841255] 0
[11.2166672516614] 0
[11.2333339191973] 0
[11.2500005867332] 0
[11.2666672542691] 0
[11.283333921805] 0
[11.3000005893409] 0
[11.3166672568768] 0
[11.3333339244127] 0
[11.3500005919486] 0
[11.3666672594845] 0
[11.3833339270204] 0
[11.4000005945563] 0
[11.4166672620922] 0
[11.4333339296281] 0
[11.450000597164] 0
[11.4666672646999] 0
[11.4833339322358] 0
[11.5000005997717] 0
[11.5166672673076] 0
[11.5333339348435] 0
[11.5500006023794] 0
[11.5666672699153] 0
