[0.0333333350718021] 40.3316198748478
[0.0500000026077032] 161.326475174527
[0.0666666701436043] 362.98452618878
[0.0833333376795053] 645.305606318299
[0.100000005215406] 1008.28924008029
[0.116666672751307] 1451.93432076418
[0.133333340287209] 1976.23829719051
[0.15000000782311] 2581.19829038035
[0.166666675359011] 3266.80714232607
[0.183333342894912] 4033.05628709747
[0.200000010430813] 4879.9337540619
[0.216666677966714] 5807.4261786941
[0.233333345502615] 6815.51949636392
[0.250000013038516] 7904.20299341699
[0.266666680574417] 9073.46970441426
[0.283333348110318] 10323.3199495393
[0.300000015646219] 11653.7574037897
[0.31666668318212] 13064.7896638072
[0.333333350718021] 12737.4021623257
[0.350000018253922] 10583.6895478915
[0.366666685789824] 10116.700670506
[0.383333353325725] 9568.24175582992
[0.400000020861626] 8860.70797541573
[0.416666688397527] 7272.63449342055
[0.433333355933428] 6762.34263056266
[0.450000023469329] 2417.93204499132
[0.46666669100523] 954.287247223772
[0.483333358541131] 283.248384568985
[0.500000026077032] 525.688159716337
[0.516666693612933] 595.462366908166
[0.533333361148834] 487.39465666215
[0.550000028684735] 358.805427693457
[0.566666696220636] 289.221784571252
[0.583333363756537] 272.971371073157
[0.600000031292439] 286.600281294889
[0.61666669882834] 322.550763412313
[0.633333366364241] 358.442009612664
[0.650000033900142] 384.935193397756
[0.666666701436043] 388.591776122241
[0.683333368971944] 368.424532718248
[0.700000036507845] 366.754033448677
[0.716666704043746] 371.819638480455
[0.733333371579647] 389.084845071593
[0.750000039115548] 406.423224196681
[0.766666706651449] 419.877044120374
[0.78333337418735] 433.032262167553
[0.800000041723251] 447.722092124998
[0.816666709259152] 465.416883544327
[0.833333376795053] 481.845617722604
[0.850000044330955] 499.01808941596
[0.866666711866856] 516.95954840302
[0.883333379402757] 534.148008343439
[0.900000046938658] 550.42916198565
[0.916666714474559] 568.583813397717
[0.93333338201046] 586.273606941358
[0.950000049546361] 604.151941910957
[0.966666717082262] 622.381285990322
[0.983333384618163] 639.739134070344
[1.00000005215406] 658.185204300906
[1.01666671968997] 674.797474004124
[1.03333338722587] 691.75189643172
[1.05000005476177] 708.894090179819
[1.06666672229767] 723.853304979076
[1.08333338983357] 738.608677589536
[1.10000005736947] 753.934106038279
[1.11666672490537] 764.332834809343
[1.13333339244127] 776.430669069549
[1.15000005997717] 784.253003158518
[1.16666672751307] 792.006385967828
[1.18333339504898] 798.552027250029
[1.20000006258488] 804.010230657011
[1.21666673012078] 809.969693826979
[1.23333339765668] 812.486894882495
[1.25000006519258] 816.231585135692
[1.26666673272848] 820.068185460701
[1.28333340026438] 824.76559708547
[1.30000006780028] 830.40435548652
[1.31666673533618] 837.371898846032
[1.33333340287209] 845.821027180329
[1.35000007040799] 856.063506280922
[1.36666673794389] 867.820307798264
[1.38333340547979] 880.90965346619
[1.40000007301569] 894.729285699628
[1.41666674055159] 908.930985554699
[1.43333340808749] 923.693896493718
[1.45000007562339] 354.608255750113
[1.46666674315929] 308.179276868195
[1.4833334106952] 266.49736933028
[1.5000000782311] 234.092944018528
[1.516666745767] 205.700262460442
[1.5333334133029] 169.015232386639
[1.5500000808388] 140.460025634573
[1.5666667483747] 126.101747096448
[1.5833334159106] 118.456663531836
[1.6000000834465] 118.808630190598
[1.6166667509824] 128.993093806882
[1.6333334185183] 139.301131757449
[1.65000008605421] 148.933776590454
[1.66666675359011] 156.272292069146
[1.68333342112601] 157.687248956078
[1.70000008866191] 152.40161748973
[1.71666675619781] 141.411759912833
[1.73333342373371] 122.824734670727
[1.75000009126961] 106.726655796894
[1.76666675880551] 89.3721688792685
[1.78333342634141] 56.5633228727897
[1.80000009387732] 54.7196347691048
[1.81666676141322] 53.5999886573817
[1.83333342894912] 49.8639989175695
[1.85000009648502] 36.4093535467012
[1.86666676402092] 26.0719087861473
[1.88333343155682] 20.3495433338025
[1.90000009909272] 17.5848187210534
[1.91666676662862] 16.0997587525131
[1.93333343416452] 14.3951980770864
[1.95000010170043] 12.5069149117601
[1.96666676923633] 10.5551002276312
[1.98333343677223] 9.98332278922332
[2.00000010430813] 7.94333465991
[2.01666677184403] 7.84584032845396
[2.03333343937993] 8.1481868824692
[2.05000010691583] 8.95367298582312
[2.06666677445173] 10.8699311054414
[2.08333344198763] 11.3276073298812
[2.10000010952353] 13.0194829392499
[2.11666677705944] 16.3818207441041
[2.13333344459534] 17.3647791416879
[2.15000011213124] 21.3348808843337
[2.16666677966714] 23.5214008401434
[2.18333344720304] 27.2719321224729
[2.20000011473894] 32.5671552492194
[2.21666678227484] 35.8458528356467
[2.23333344981074] 39.9022787890677
[2.25000011734664] 44.6803305367652
[2.26666678488255] 49.8570173325389
[2.28333345241845] 54.8262522335939
[2.30000011995435] 59.6836226997499
[2.31666678749025] 64.5383557071637
[2.33333345502615] 68.7434672939672
[2.35000012256205] 73.0407390741045
[2.36666679009795] 76.7932185229404
[2.38333345763385] 80.3552380253313
[2.40000012516975] 83.1282371732644
[2.41666679270566] 83.4160907267966
[2.43333346024156] 82.8318497597379
[2.45000012777746] 80.4322729948495
[2.46666679531336] 76.1659941997597
[2.48333346284926] 70.8389869228477
[2.50000013038516] 51.1065803627035
[2.51666679792106] 43.057708518314
[2.53333346545696] 33.7557688268389
[2.55000013299286] 30.5734142248855
[2.56666680052876] 30.525748688124
[2.58333346806467] 30.7935917256335
[2.60000013560057] 33.7602771169991
[2.61666680313647] 33.295559659117
[2.63333347067237] 33.1024897636721
[2.65000013820827] 32.0139326099703
[2.66666680574417] 30.23997663536
[2.68333347328007] 28.5047095741212
[2.70000014081597] 26.8831218093632
[2.71666680835187] 26.2157435814924
[2.73333347588778] 24.7362387161353
[2.75000014342368] 24.7365725352303
[2.76666681095958] 24.9843312786655
[2.78333347849548] 25.4284694965147
[2.80000014603138] 25.3614730330609
[2.81666681356728] 24.912887901171
[2.83333348110318] 23.622799146301
[2.85000014863908] 21.8497293131389
[2.86666681617498] 19.3718609893201
[2.88333348371089] 17.2602460813836
[2.90000015124679] 13.9698589449826
[2.91666681878269] 11.3934661294306
[2.93333348631859] 9.07748578530049
[2.95000015385449] 7.59303755584226
[2.96666682139039] 6.65556961851648
[2.98333348892629] 6.58794904560808
[3.00000015646219] 6.96167825286409
[3.01666682399809] 7.96685249608213
[3.03333349153399] 9.06536681060883
[3.0500001590699] 10.2963967990076
[3.0666668266058] 11.2449987033157
[3.0833334941417] 12.2659918838678
[3.1000001616776] 13.5831600202725
[3.1166668292135] 14.2310496047519
[3.1333334967494] 15.3551952472018
[3.1500001642853] 16.8352032760058
[3.1666668318212] 18.2197463089852
[3.1833334993571] 19.7894778616855
[3.20000016689301] 21.1076288798004
[3.21666683442891] 23.9374924852144
[3.23333350196481] 23.0781457334599
[3.25000016950071] 23.274597453742
[3.26666683703661] 22.7495525041235
[3.28333350457251] 21.9922418312255
[3.30000017210841] 20.8239038918661
[3.31666683964431] 19.8938170736916
[3.33333350718021] 18.9721188074799
[3.35000017471611] 18.6556836330789
[3.36666684225202] 18.451471038558
[3.38333350978792] 18.7262293454184
[3.40000017732382] 19.0070317585025
[3.41666684485972] 19.3528848154491
[3.43333351239562] 19.1943544056809
[3.45000017993152] 19.2155647611566
[3.46666684746742] 18.7572923791258
[3.48333351500332] 18.5636911904547
[3.50000018253922] 18.1833023121151
[3.51666685007513] 18.0463561299865
[3.53333351761103] 17.7607175893467
[3.55000018514693] 17.8663608684348
[3.56666685268283] 17.6036797533262
[3.58333352021873] 17.4799833301369
[3.60000018775463] 17.1374505852423
[3.61666685529053] 16.9741106364508
[3.63333352282643] 16.2651360051912
[3.65000019036233] 15.6674514586523
[3.66666685789824] 14.819252685722
[3.68333352543414] 14.0738330395294
[3.70000019297004] 12.989942667277
[3.71666686050594] 12.1269378266443
[3.73333352804184] 11.1357815628922
[3.75000019557774] 10.5289636221833
[3.76666686311364] 9.72448461613713
[3.78333353064954] 9.34993455145324
[3.80000019818544] 8.82711737284612
[3.81666686572134] 8.76564514947224
[3.83333353325725] 8.54927621620689
[3.85000020079315] 8.7982480929986
[3.86666686832905] 8.87610498624344
[3.88333353586495] 9.40011455571231
[3.90000020340085] 9.72750051617195
[3.91666687093675] 10.3830278333837
[3.93333353847265] 11.2778178599527
[3.95000020600855] 11.5316359501331
[3.96666687354445] 11.9245249635971
[3.98333354108036] 12.6161792801896
[4.00000020861626] 12.89261296215
[4.01666687615216] 13.4583024692434
[4.03333354368806] 15.6938669325442
[4.05000021122396] 15.3663515505145
[4.06666687875986] 13.8949200036632
[4.08333354629576] 14.2078496768523
[4.10000021383166] 14.1669218162298
[4.11666688136756] 14.4199182184501
[4.13333354890347] 14.44832094703
[4.15000021643937] 14.8411531071995
[4.16666688397527] 14.8485219737255
[4.18333355151117] 15.1922434830112
[4.20000021904707] 15.131495961841
[4.21666688658297] 15.4121595324513
[4.23333355411887] 17.3555931270856
[4.25000022165477] 16.8004318247758
[4.26666688919067] 14.9357682028044
[4.28333355672657] 14.8816268604818
[4.30000022426248] 14.3971182555999
[4.31666689179838] 14.317462212085
[4.33333355933428] 13.839534697057
[4.35000022687018] 13.7456383412429
[4.36666689440608] 13.2689798401621
[4.38333356194198] 13.1335379235783
[4.40000022947788] 12.6886448669451
[4.41666689701378] 12.5840259782701
[4.43333356454968] 12.1506856328852
[4.45000023208559] 12.6797752737486
[4.46666689962149] 11.6060950375339
[4.48333356715739] 11.4844334931668
[4.50000023469329] 11.098859596432
[4.51666690222919] 11.009015818357
[4.53333356976509] 10.6509884599585
[4.55000023730099] 10.5825098271369
[4.56666690483689] 10.2639033954056
[4.58333357237279] 10.7214962191372
[4.6000002399087] 10.4581290258421
[4.6166669074446] 10.5632927696189
[4.6333335749805] 10.399857842889
[4.6500002425164] 10.6059584272582
[4.6666669100523] 10.6263228986915
[4.6833335775882] 12.2864752209137
[4.7000002451241] 11.2129318550975
[4.71666691266] 11.6348246839747
[4.7333335801959] 11.9566508348281
[4.7500002477318] 12.5303290026753
[4.76666691526771] 13.014080497336
[4.78333358280361] 13.6710972272631
[4.80000025033951] 14.1531357250183
[4.81666691787541] 14.8771986793355
[4.83333358541131] 15.2602252500157
[4.85000025294721] 15.9511199747877
[4.86666692048311] 16.1420198278886
[4.88333358801901] 16.6141825264433
[4.90000025555491] 17.8655161638805
[4.91666692309082] 17.4873151037909
[4.93333359062672] 18.0654035183347
[4.95000025816262] 17.8019159300947
[4.96666692569852] 17.0353820670885
[4.98333359323442] 17.0542296664328
[5.00000026077032] 16.7919202310999
[5.01666692830622] 16.7560998484813
[5.03333359584212] 16.3536663319895
[5.05000026337802] 16.2815020576168
[5.06666693091393] 15.9827248694212
[5.08333359844983] 16.0268276382851
[5.10000026598573] 15.8138713115295
[5.11666693352163] 15.9191956378169
[5.13333360105753] 15.8095607097585
[5.15000026859343] 16.0132642714877
[5.16666693612933] 16.4083618775922
[5.18333360366523] 16.2622641686971
[5.20000027120113] 17.0187723758612
[5.21666693873703] 16.6111830010262
[5.23333360627294] 16.4909759266671
[5.25000027380884] 16.7289373535898
[5.26666694134474] 16.4838430725651
[5.28333360888064] 16.6503173066085
[5.30000027641654] 16.3318342662398
[5.31666694395244] 16.4673612431334
[5.33333361148834] 16.1044892412069
[5.35000027902424] 16.2953906475827
[5.36666694656014] 15.9710186164117
[5.38333361409605] 16.2621277297696
[5.40000028163195] 16.0344775165216
[5.41666694916785] 16.4635302781895
[5.43333361670375] 16.2766815898225
[5.45000028423965] 16.9152339868047
[5.46666695177555] 16.8267752182262
[5.48333361931145] 17.5445996825578
[5.50000028684735] 17.558937375055
[5.51666695438325] 18.191042099805
[5.53333362191916] 18.2318313940788
[5.55000028945506] 18.8803552731621
[5.56666695699096] 18.9352728347503
[5.58333362452686] 19.6629313622671
[5.60000029206276] 19.6969931377537
[5.61666695959866] 20.2936411974403
[5.63333362713456] 20.6669166853522
[5.65000029467046] 20.5337624152431
[5.66666696220636] 20.42376532693
[5.68333362974226] 20.8080464765668
[5.70000029727817] 20.6130389398423
[5.71666696481407] 20.8654493575349
[5.73333363234997] 20.7795188557091
[5.75000029988587] 21.8711818409147
[5.76666696742177] 21.0555375212904
[5.78333363495767] 21.3467170188009
[5.80000030249357] 20.9797882100865
[5.81666697002947] 21.2932497046501
[5.83333363756537] 21.7926282372631
[5.85000030510128] 22.0127963864417
[5.86666697263718] 22.1264484153952
[5.88333364017308] 22.013412318985
[5.90000030770898] 22.0079541847344
[5.91666697524488] 22.4542775781511
[5.93333364278078] 22.4418228100183
[5.95000031031668] 22.8356983510882
[5.96666697785258] 22.4386671806547
[5.98333364538848] 22.8209750585863
[6.00000031292439] 22.3970831102303
[6.01666698046029] 23.9299797116572
[6.03333364799619] 22.308700906306
[6.05000031553209] 22.4760734510561
[6.06666698306799] 21.9997945485692
[6.08333365060389] 22.4311584636399
[6.10000031813979] 23.231990040199
[6.11666698567569] 22.9014214006097
[6.13333365321159] 22.7895999175672
[6.15000032074749] 23.394642443288
[6.1666669882834] 23.2959829175404
[6.1833336558193] 24.0155997646704
[6.2000003233552] 24.0247533195508
[6.2166669908911] 24.8657235444428
[6.233333658427] 24.936439979839
[6.2500003259629] 25.614497642542
[6.2666669934988] 26.8301572821908
[6.2833336610347] 26.3503411905299
[6.3000003285706] 26.0889905809715
[6.31666699610651] 26.71159658655
[6.33333366364241] 26.4372836221701
[6.35000033117831] 27.0531403600752
[6.36666699871421] 26.7230609077947
[6.38333366625011] 27.3148312899749
[6.40000033378601] 27.0857613671833
[6.41666700132191] 28.0603907872093
[6.43333366885781] 27.895358427663
[6.45000033639371] 28.2372595981936
[6.46666700392962] 27.7088317606618
[6.48333367146552] 28.0664779687307
[6.50000033900142] 27.6425867742146
[6.51666700653732] 28.1107778102459
[6.53333367407322] 27.8429856833689
[6.55000034160912] 28.1065453368385
[6.56666700914502] 27.8838610090576
[6.58333367668092] 28.6364488969255
[6.60000034421682] 28.4222005558686
[6.61666701175272] 29.1811941349417
[6.63333367928863] 29.2534485826354
[6.65000034682453] 30.1351513934678
[6.66666701436043] 30.427586111526
[6.68333368189633] 31.4001927704515
[6.70000034943223] 31.6243469109736
[6.71666701696813] 32.5865001151672
[6.73333368450403] 32.7177802418095
[6.75000035203993] 33.3803192965823
[6.76666701957583] 33.50706389871
[6.78333368711174] 35.7866302680331
[6.80000035464764] 34.9434445920527
[6.81666702218354] 35.9062585934995
[6.83333368971944] 35.8702571843983
[6.85000035725534] 36.8575699938798
[6.86666702479124] 37.3874622618577
[6.88333369232714] 38.5699272166862
[6.90000035986304] 39.9584562584401
[6.91666702739894] 41.6265542228674
[6.93333369493484] 42.8428360460275
[6.95000036247075] 44.201453305932
[6.96666703000665] 44.979842829441
[6.98333369754255] 46.5252560179721
[7.00000036507845] 47.7078457239868
[7.01666703261435] 49.3971875666276
[7.03333370015025] 51.3025891781553
[7.05000036768615] 53.638435001947
[7.06666703522205] 55.6641954345669
[7.08333370275795] 57.9619384679914
[7.10000037029386] 60.0367815472149
[7.11666703782976] 62.7748041098804
[7.13333370536566] 65.1505611953637
[7.15000037290156] 67.7706906569639
[7.16666704043746] 70.6308359593553
[7.18333370797336] 73.9974155846429
[7.20000037550926] 77.2182158456817
[7.21666704304516] 80.8714245302503
[7.23333371058106] 84.6158210077403
[7.25000037811697] 88.6963590617509
[7.26666704565287] 92.8651776169305
[7.28333371318877] 97.7336798634325
[7.30000038072467] 102.765178413319
[7.31666704826057] 108.089351681195
[7.33333371579647] 113.756965388916
[7.35000038333237] 119.874366046923
[7.36666705086827] 126.394663121583
[7.38333371840417] 133.67120681645
[7.40000038594007] 141.54089413732
[7.41666705347598] 149.743699982494
[7.43333372101188] 158.756841183756
[7.45000038854778] 167.932621990632
[7.46666705608368] 177.616384544018
[7.48333372361958] 187.84622167041
[7.50000039115548] 199.093384863544
[7.51666705869138] 211.012953709705
[7.53333372622728] 224.006883734022
[7.55000039376318] 237.794614500791
[7.56666706129909] 252.854491557379
[7.58333372883499] 268.877192136473
[7.60000039637089] 286.184242158413
[7.61666706390679] 304.546611831546
[7.63333373144269] 324.326416129222
[7.65000039897859] 345.413211937309
[7.66666706651449] 368.238435252818
[7.68333373405039] 392.019163350391
[7.70000040158629] 417.374753227918
[7.7166670691222] 444.250334773406
[7.7333337366581] 473.506105886542
[7.750000404194] 504.520898132569
[7.7666670717299] 537.872912215815
[7.7833337392658] 573.024308784434
[7.8000004068017] 611.04151946773
[7.8166670743376] 651.224249432269
[7.8333337418735] 694.850919778168
[7.8500004094094] 742.511286311575
[7.8666670769453] 791.904193476425
[7.88333374448121] 844.646871208093
[7.90000041201711] 902.115650042025
[7.91666707955301] 964.654426460398
[7.93333374708891] 1032.04439431528
[7.95000041462481] 1104.9026895459
[7.96666708216071] 1184.69684052101
[7.98333374969661] 1271.60827334714
[8.00000041723251] 1365.67648800477
[8.01666708476841] 1467.52388526304
[8.03333375230432] 1578.43363657897
[8.05000041984022] 1698.67097262583
[8.06666708737612] 1828.53640801998
[8.08333375491202] 1968.65995910868
[8.10000042244792] 2119.38002374662
[8.11666708998382] 2280.61075009725
[8.13333375751972] 2452.39788831868
[8.15000042505562] 2634.78653671924
[8.16666709259152] 2828.13971931913
[8.18333376012743] 3031.55326861011
[8.20000042766333] 3246.3019412459
[8.21666709519923] 3471.61535237754
[8.23333376273513] 3707.7978360015
[8.25000043027103] 3685.60498808376
[8.26666709780693] 3864.1770665789
[8.28333376534283] 3968.90183562439
[8.30000043287873] 4167.08512821206
[8.31666710041463] 4383.69020782176
[8.33333376795053] 4611.37866149462
[8.35000043548644] 4849.60873440493
[8.36666710302234] 5098.76759828984
[8.38333377055824] 5358.42953188697
[8.40000043809414] 3222.26889809072
[8.41666710563004] 2703.62005848925
[8.43333377316594] 2751.30861965438
[8.45000044070184] 2694.99318581415
[8.46666710823774] 2655.59967152078
[8.48333377577364] 2204.86942838312
[8.50000044330955] 1705.12443125791
[8.51666711084545] 1555.73939417965
[8.53333377838135] 1617.09540270695
[8.55000044591725] 1404.4587605544
[8.56666711345315] 1423.61067599128
[8.58333378098905] 1397.44756707838
[8.60000044852495] 1442.88224860682
[8.61666711606085] 1425.15134759342
[8.63333378359675] 1465.10888167982
[8.65000045113266] 1515.62947083831
[8.66666711866856] 1578.1599742014
[8.68333378620446] 1640.64301310912
[8.70000045374036] 1719.72353109819
[8.71666712127626] 1787.68768157725
[8.73333378881216] 1875.93095459634
[8.75000045634806] 1972.6596946261
[8.76666712388396] 2079.85354246116
[8.78333379141986] 2197.53451698344
[8.80000045895576] 2298.30257863523
[8.81666712649167] 2419.07396962562
[8.83333379402757] 2486.42815900663
[8.85000046156347] 2603.99206036365
[8.86666712909937] 2731.69178776135
[8.88333379663527] 2860.03386899015
[8.90000046417117] 2386.75971072946
[8.91666713170707] 2354.16774415413
[8.93333379924297] 2299.4371907846
[8.95000046677887] 2358.89353356882
[8.96666713431478] 2413.98675724814
[8.98333380185068] 2484.80977753731
[9.00000046938658] 2563.82957757199
[9.01666713692248] 2648.89550094323
[9.03333380445838] 2742.84278679133
[9.05000047199428] 2823.98487586969
[9.06666713953018] 2921.01083982998
[9.08333380706608] 3028.55639646792
[9.10000047460198] 1995.32798801519
[9.11666714213789] 2002.60218342299
[9.13333380967379] 2020.02737472916
[9.15000047720969] 2046.93875593359
[9.16666714474559] 2081.90437704757
[9.18333381228149] 2119.98315075062
[9.20000047981739] 2170.45475281432
[9.21666714735329] 2231.50031713199
[9.23333381488919] 2304.82986915323
[9.25000048242509] 2388.88714104027
[9.26666714996099] 2485.79907590107
[9.2833338174969] 2595.15338200316
[9.3000004850328] 2450.79531404524
[9.3166671525687] 2530.92358713007
[9.3333338201046] 2624.38803793803
[9.3500004876405] 2723.77530442539
[9.3666671551764] 2848.92345235366
[9.3833338227123] 2989.4885528313
[9.4000004902482] 3148.96919548727
[9.4166671577841] 3325.26555416757
[9.43333382532001] 3517.62677850176
[9.45000049285591] 3726.18740117617
[9.46666716039181] 3951.52161820056
[9.48333382792771] 3691.25343482284
[9.50000049546361] 3624.69385636886
[9.51666716299951] 3699.83573327712
[9.53333383053541] 2967.34810815741
[9.55000049807131] 2957.37111695984
[9.56666716560721] 3029.99244258699
[9.58333383314312] 3071.7355429602
[9.60000050067902] 2991.98402796108
[9.61666716821492] 2993.06229155779
[9.63333383575082] 2391.24456218013
[9.65000050328672] 2135.34098207744
[9.66666717082262] 1937.34365667196
[9.68333383835852] 1802.41259790929
[9.70000050589442] 1757.43505150253
[9.71666717343032] 1739.10970535994
[9.73333384096622] 1701.56954827451
[9.75000050850213] 1634.85645099725
[9.76666717603803] 1638.71465171841
[9.78333384357393] 1617.66481614694
[9.80000051110983] 1632.60300370494
[9.81666717864573] 1659.18212820008
[9.83333384618163] 1684.90742971111
[9.85000051371753] 1721.22123618569
[9.86666718125343] 1710.43724339029
[9.88333384878933] 1744.40708161759
[9.90000051632524] 1793.41548142579
[9.91666718386114] 1842.15681769875
[9.93333385139704] 1868.89649849086
[9.95000051893294] 1924.21697047273
[9.96666718646884] 1999.57423376388
[9.98333385400474] 2073.79016046655
[10.0000005215406] 2123.18008958543
[10.0166671890765] 2216.80552907383
[10.0333338566124] 2300.2399095031
[10.0500005241483] 2407.533210721
[10.0666671916842] 2508.16801573047
[10.0833338592201] 2613.94331259752
[10.100000526756] 2744.1443443897
[10.1166671942919] 2877.77394245932
[10.1333338618279] 2844.41510454743
[10.1500005293638] 2952.93069863201
[10.1666671968997] 2878.45075115584
[10.1833338644356] 2977.84675824315
[10.2000005319715] 3100.51840134789
[10.2166671995074] 3230.04957698917
[10.2333338670433] 3087.05427832218
[10.2500005345792] 3196.64216459823
[10.2666672021151] 3339.02177401206
[10.283333869651] 3468.47259975335
[10.3000005371869] 3620.41290552942
[10.3166672047228] 3773.51059189148
[10.3333338722587] 3941.90365711423
[10.3500005397946] 3807.96993715986
[10.3666672073305] 3954.862243517
[10.3833338748664] 4047.53659138198
[10.4000005424023] 4228.82313794286
[10.4166672099382] 4431.47825400903
[10.4333338774741] 4622.14611343148
[10.45000054501] 4671.76809927799
[10.4666672125459] 4878.12593304824
[10.4833338800818] 4340.39598768251
[10.5000005476177] 4484.30860281731
[10.5166672151536] 4487.14307394328
[10.5333338826895] 4563.22642555042
[10.5500005502254] 4460.49816733535
[10.5666672177613] 4568.74756136484
[10.5833338852972] 4714.05889919932
[10.6000005528331] 4486.11081945469
[10.616667220369] 4603.17563823796
[10.6333338879049] 4598.04041974809
[10.6500005554408] 4733.80555905657
[10.6666672229767] 4933.08812992439
[10.6833338905126] 5144.25305049201
[10.7000005580485] 4642.07628963283
[10.7166672255844] 4759.61073128978
[10.7333338931203] 4825.72617856556
[10.7500005606562] 4926.63665077678
[10.7666672281921] 4946.13763792493
[10.783333895728] 5179.79194317889
[10.8000005632639] 5443.09897809514
[10.8166672307998] 5545.97456208157
[10.8333338983357] 5757.62168650444
[10.8500005658716] 5976.01629373473
[10.8666672334075] 6203.62863137744
[10.8833339009434] 6168.69835585291
[10.9000005684793] 6422.55562793225
[10.9166672360152] 6163.08869772502
[10.9333339035511] 6409.07268467632
[10.950000571087] 5097.94243091351
[10.9666672386229] 5298.23827860734
[10.9833339061588] 5435.74756870426
[11.0000005736947] 5624.72706245904
[11.0166672412306] 5837.75289365829
[11.0333339087665] 6116.19454078782
[11.0500005763024] 6239.37667173083
[11.0666672438383] 6472.64543636219
[11.0833339113742] 6659.74587045502
[11.1000005789101] 6971.56439884646
[11.116667246446] 7316.0514362994
[11.1333339139819] 7594.65338479128
[11.1500005815178] 7295.6693644598
[11.1666672490537] 7583.62948359337
[11.1833339165896] 7197.69963328547
[11.2000005841255] 7113.9898236909
[11.2166672516614] 7318.9904338044
[11.2333339191973] 6955.84833538342
[11.2500005867332] 6785.69585446582
[11.2666672542691] 6999.99353063664
[11.283333921805] 7180.5494283984
[11.3000005893409] 7271.60872241807
[11.3166672568768] 7514.72413746547
[11.3333339244127] 7806.08018026279
[11.3500005919486] 8013.56094562116
[11.3666672594845] 8213.68764950577
[11.3833339270204] 8547.56471920038
[11.4000005945563] 8229.16164245922
[11.4166672620922] 7487.27624564921
[11.4333339296281] 7654.56986969076
[11.450000597164] 7882.03442704078
[11.4666672646999] 7934.53808994175
[11.4833339322358] 8100.27820886617
[11.5000005997717] 8382.89826577812
[11.5166672673076] 8210.373922931
[11.5333339348435] 8486.75639409518
[11.5500006023794] 8166.36817454999
[11.5666672699153] 8371.62931693201
[11.5833339374512] 8670.53989333189
[11.6000006049871] 9025.75757280129
[11.616667272523] 9307.47799231717
[11.6333339400589] 9606.89111512294
[11.6500006075948] 10009.0245445929
[11.6666672751307] 10098.6425900262
[11.6833339426666] 10318.1623456229
[11.7000006102026] 9927.90854193406
[11.7166672777385] 9804.5098943234
[11.7333339452744] 10122.6208890854
[11.7500006128103] 9506.76775160773
[11.7666672803462] 9841.08747732468
[11.7833339478821] 10030.3652095881
[11.800000615418] 10411.8133757608
[11.8166672829539] 10526.6770635834
[11.8333339504898] 10020.3820044561
[11.8500006180257] 10172.7721903547
[11.8666672855616] 10421.8375470912
[11.8833339530975] 9597.62383303069
[11.9000006206334] 9732.62599216225
[11.9166672881693] 10047.5994211771
[11.9333339557052] 10238.7550828238
[11.9500006232411] 9966.76177250411
[11.966667290777] 9789.5281703281
[11.9833339583129] 9998.63365682392
[12.0000006258488] 9862.78915678965
[12.0166672933847] 7008.71963104498
[12.0333339609206] 6442.47794380025
[12.0500006284565] 6241.60327606686
[12.0666672959924] 6123.94570100743
[12.0833339635283] 6138.97393266857
[12.1000006310642] 6101.8230345357
[12.1166672986001] 6194.95052177745
[12.133333966136] 6239.77700768844
[12.1500006336719] 5916.43344463996
[12.1666673012078] 5541.54041741583
[12.1833339687437] 5525.98359707546
[12.2000006362796] 5519.55596446094
[12.2166673038155] 5445.99460070645
[12.2333339713514] 4794.42411058788
[12.2500006388873] 4799.77843504944
[12.2666673064232] 4844.09152205821
[12.2833339739591] 4914.86467816269
[12.300000641495] 4644.65212115408
[12.3166673090309] 4525.24761147718
[12.3333339765668] 4520.17977916316
[12.3500006441027] 4630.03943371891
[12.3666673116386] 4647.84192956784
[12.3833339791745] 4759.89163382534
[12.4000006467104] 4914.78151584427
[12.4166673142463] 4952.7264554603
[12.4333339817822] 5150.91502388708
[12.4500006493181] 5384.07023165561
[12.466667316854] 5371.96744708321
[12.4833339843899] 5306.82797999505
[12.5000006519258] 5537.77054942548
[12.5166673194617] 4883.46459875016
[12.5333339869976] 4998.72264576499
[12.5500006545335] 4913.56318024513
[12.5666673220694] 5051.45707006015
[12.5833339896053] 4138.10242463958
[12.6000006571412] 4159.80323330578
[12.6166673246771] 4199.4422234988
[12.633333992213] 4252.74095251087
[12.6500006597489] 4306.16989670495
[12.6666673272848] 4396.94939461611
[12.6833339948207] 4511.01239969243
[12.7000006623566] 4485.99957965181
[12.7166673298925] 4486.33451629385
[12.7333339974284] 4607.21981468798
[12.7500006649643] 4750.23992746287
[12.7666673325002] 3445.82298952784
[12.7833340000361] 3208.78772081499
[12.800000667572] 3226.94661392023
[12.8166673351079] 2908.9535756776
[12.8333340026438] 2756.44697097932
[12.8500006701797] 2713.50883294243
[12.8666673377156] 2550.4470627919
[12.8833340052515] 2305.76330948836
[12.9000006727874] 2244.32996630249
[12.9166673403233] 2212.62196400801
[12.9333340078592] 2188.46685612434
[12.9500006753951] 2192.89656401587
[12.966667342931] 2179.98653924011
[12.9833340104669] 2208.65159013489
[13.0000006780028] 2256.40451779895
[13.0166673455387] 2325.44073530734
[13.0333340130746] 2403.22877072246
[13.0500006806105] 2412.38013238256
[13.0666673481464] 2255.93202416408
[13.0833340156823] 1791.6398185126
[13.1000006832182] 1778.55826672573
[13.1166673507541] 1730.97578950045
[13.13333401829] 1626.34953082939
[13.1500006858259] 1562.39027072287
[13.1666673533618] 1550.31819409145
[13.1833340208977] 1572.35377216118
[13.2000006884336] 1614.03193590318
[13.2166673559695] 1621.03405820085
[13.2333340235054] 1543.75451924986
[13.2500006910414] 1578.50334595992
[13.2666673585773] 1430.97208189977
[13.2833340261132] 1453.10926628796
