[0.0399999991059303] 0.0128989859536617
[0.116424698382616] 1.84516688086379
[0.140790099278092] 0.851651048382791
[0.156970299780369] 1.07839758282535
[0.191052200272679] 1.33187693332911
[0.206578399986029] 1.61208785524832
[0.224504800513387] 1.91902661190397
[0.240115000866354] 2.25270036480651
[0.261203900910914] 5.61334827398241
[0.29912990052253] 3.41411105200677
[0.31573719996959] 3.85471109057107
[0.331327499821782] 9.1381485824968
[0.362360899336636] 5.3369006347566
[0.380979598499835] 5.88442695898266
[0.398158597759902] 6.45868485462415
[0.413497298024595] 7.05967432168109
[0.429790197871625] 7.68739536015346
[0.446314898319542] 8.34186355143902
[0.464698598720133] 9.02304835643736
[0.481137699447572] 9.73096473285113
[0.496450199745595] 10.4656126806804
[0.513081300072372] 11.226992199925
[0.52970250044018] 12.0151032905851
[0.546889799647033] 12.8299459526606
[0.563613899983466] 13.6715201861516
[0.581021900288761] 14.539846562031
[0.598090999759734] 15.4349057567306
[0.614492299966514] 16.3567195886571
[0.631130100227892] 17.3053123711434
[0.646495300345123] 18.2805955830263
[0.663082401268184] 19.2826602404239
[0.680402000434697] 20.3115100858558
[0.697278200648725] 21.3671488620166
[0.714122501201928] 22.4494269455608
[0.730828401632607] 23.558441590314
[0.747165000997484] 24.6943000303872
[0.764496500603855] 25.8569000219286
[0.778604600578547] 55.3084527520696
[0.812093800865114] 29.5050320902665
[0.828348401002586] 30.7745359373512
[0.844727001152933] 32.0708399433643
[0.860916000790894] 33.3939478511747
[0.878155400045216] 34.7436726097949
[0.894768199883401] 36.1202012702124
[0.91139919962734] 37.5235375752964
[0.928235800005496] 38.9536179271527
[0.946054299362004] 28.5809922069602
[0.960820799693465] 19.6040711805999
[0.978691399097443] 20.6412634768349
[0.995649598538876] 21.705228163657
[1.01170949824154] 22.7959294116881
[1.02810309827328] 23.9134727460623
[1.04550139792264] 25.0577576319047
[1.06201359815896] 26.228728811373
[1.0779801979661] 27.4264955525286
[1.09405239857733] 28.6509460921225
[1.11067859828472] 29.9021356879966
[1.12881569750607] 31.1801245883107
[1.14526549726725] 32.4849165359337
[1.16111009754241] 33.8163270433433
[1.1787775978446] 35.1745405980619
[1.19544129818678] 36.5595609429583
[1.21169959753752] 37.9713253346272
[1.22933879680932] 39.4098337730684
[1.24482299666852] 40.875086258282
[1.26121359597892] 42.3670827902679
[1.27758239675313] 43.8858233690262
[1.29433139692992] 45.4313079945568
[1.31106359604746] 47.0035366668599
[1.32774649653584] 48.6025093859353
[1.34421999659389] 50.228226151783
[1.36074269656092] 51.8807646799833
[1.37894879747182] 53.5600497503765
[1.3952795965597] 55.2660011519038
[1.41199659649283] 40.9587349306094
[1.42790759634227] 28.5427975610623
[1.44513089675456] 29.7917297284876
[1.46176099684089] 31.0673216917785
[1.47771259676665] 32.3697140980512
[1.49410909693688] 33.6989106901747
[1.51208489667624] 35.054723565001
[1.52833739574999] 36.4373406256782
[1.54418359603733] 37.8467656150751
[1.56132279615849] 39.2829346512444
[1.57728529628366] 40.7458477341861
[1.59412269573659] 42.2355048639001
[1.61259389575571] 43.7519060403865
[1.62907339539379] 45.2950512636453
[1.64577429462224] 46.8649405336764
[1.66160449478775] 48.4615738504799
[1.67822359409183] 50.0849512140558
[1.69431859347969] 51.7351502308447
[1.71060729306191] 53.4120957898267
[1.72902099322528] 55.1157077890821
[1.74559049401432] 56.8460638351098
[1.76102209370583] 58.6031639279099
[1.77723099384457] 60.3870080674824
[1.7954377932474] 62.197511161241
[1.8109862934798] 27.6122031898994
[1.829011593014] 6.77486204895513
[1.84389969334006] 7.39006654272816
[1.86146119423211] 8.03199909744581
[1.87804519385099] 8.70066322357889
[1.89401439391077] 9.39605892112741
[1.91237679310143] 0.678396932748456
[1.9282936938107] 1.94513328578796
[1.94598199427128] 1.63602316001925
[1.96116419415921] 1.35364084365574
[1.97744949441403] 1.09799009870767
[1.99548799451441] 14.9747222598835
[2.01176679413766] 44.4349740611215
[2.02752869483083] 42.9066774919629
[2.04495049547404] 41.4049861145031
[2.06243129540235] 39.9302483140782
[2.07856919523329] 38.4821851329179
[2.09478299599141] 37.0609316830523
[2.11237059626728] 35.6663553477556
[2.12841679621488] 34.2985862484493
[2.14527069684118] 32.9575587006111
[2.16189929749817] 31.6432727042411
[2.1784353973344] 30.3557282593392
[2.19429199676961] 29.0949835646898
[2.21152999717742] 27.8608640239399
[2.22842019703239] 26.6535999369808
[2.24486259650439] 25.4730749063019
[2.26084649655968] 24.3193421403703
[2.27870379667729] 38.8177752704651
[2.29518579598516] 56.3382799667597
[2.31125309597701] 54.615569939022
[2.32778359670192] 52.9196874388726
[2.34512289706618] 51.2506287230935
[2.36110849771649] 49.6082380595908
[2.37859159801155] 47.9926686850376
[2.39553709793836] 46.4038433572568
[2.41184619721025] 44.8418343277008
[2.42824149783701] 43.3065668496129
[2.44434779789299] 41.7979711667867
[2.4610859984532] 40.316119530733
[2.47792139928788] 38.8610119414516
[2.49500640016049] 37.4326483989425
[2.51110100094229] 36.0310289032059
[2.52860600035638] 48.2197183381068
[2.54511020053178] 62.5329716671258
[2.5622705006972] 60.7173885335214
[2.57857300061733] 58.9285519421101
[2.5947144003585] 57.1665434714232
[2.61170739959925] 55.4312790475087
[2.6287086000666] 53.7227586703666
[2.64455749932677] 52.0409045045089
[2.6612920993939] 50.3858734685928
[2.67882249969989] 48.7575864794489
[2.69449219945818] 47.1560435370775
[2.71151589881629] 45.5812446414784
[2.72823899891227] 44.033118195628
[2.74524789955467] 42.5118086412549
[2.76117489952594] 41.0171049305063
[2.77830449957401] 39.5493538189039
[2.79421370010823] 38.1083442587696
[2.81261490006] 36.694010891486
[2.82800079975277] 35.3064215709746
[2.84415809903294] 33.9456391604908
[2.86175479833037] 32.6115983014752
[2.87856549862772] 31.3042989939277
[2.89490679930896] 30.0237412378483
[2.91168509889394] 28.7699829060584
[2.92843019869179] 27.542850380094
[2.94424649793655] 26.3425726559944
[2.96172629762441] 25.1690339881752
[2.97858709748834] 24.0222872591403
[2.994255698286] 22.902225456317
[3.01138339843601] 21.808902709774
[3.02868269849569] 20.7423190195113
[3.04459399823099] 19.702522277832
[3.06226159911603] 18.6895087422163
[3.07810279820114] 17.7031384781003
[3.09410389792174] 16.7435514200479
[3.11160489823669] 15.8107438255392
[3.12765039782971] 14.9046078149768
[3.14544759783894] 14.0253106315577
[3.16154919844121] 13.1726862795476
[3.17846359778196] 12.3468351537667
[3.19543539825827] 11.5477351793743
[3.21217509824783] 10.7753667763973
[3.22867249790579] 10.0297128596576
[3.24449199717492] 9.31080822320655
[3.26123329717666] 8.61861932039756
[3.27867659647018] 7.95319366455078
[3.29450529720634] 7.31448374234606
[3.31196189764887] 6.70250539155677
[3.32875759806484] 6.11725861218292
[3.3444078983739] 5.55874340422451
[3.36218089889735] 5.02695976768155
[3.37871949840337] 4.52190770255402
[3.39501469861716] 4.04358720884193
[3.41138869803399] 3.59199828654528
[3.42885569762439] 3.16713613525098
[3.44478959683329] 2.76901066763276
[3.46160299610347] 2.39762094814796
[3.47836769651622] 2.05295831151307
[3.4951416971162] 1.73502724629361
[3.51216219644994] 1.44382451131423
[3.52853209618479] 1.17935397144902
[3.5444721961394] 0.941615626697967
[3.56198689620942] 0.7306117826829
[3.57765599619597] 0.546339510083271
[3.5951873967424] 0.388797967935261
[3.61093649733812] 0.257987624012912
[3.62808549683541] 0.153910268874029
[3.64544269721955] 0.0765646527367498
[3.66152559686452] 0.0259506964826218
[3.67827249597758] 0.00199420237975823
[3.69532379601151] 0.00489097174389166
[3.71133679617196] 0.0344278656811885
[3.72890789527446] 0.0906965144970684
[3.74468759540468] 0.173696913872845
[3.7616444947198] 0.28342929805558
[3.77792849484831] 0.41989269155647
[3.79507349524647] 0.583087656472799
[3.81151169445366] 0.773014192804567
[3.82738979440182] 0.989670958835632
[3.8447897946462] 1.23306048207451
[3.86071379389614] 1.50318157672882
[3.87833749409765] 1.80003424279857
[3.8944147946313] 2.12361848028377
[3.91141659487039] 2.4739342891844
[3.92949919495732] 6.10574229073245
[3.96167209465057] 3.68527114437893
[3.97854959499091] 4.14251323894132
[3.99479989428073] 4.62648690491915
[4.01191619504243] 5.13719214231241
[4.02868679445237] 5.67462895112112
[4.04499759431928] 6.23879733134527
[4.06175329443067] 6.82969728298485
[4.07787939440459] 7.44732880603988
[4.09551459457725] 8.09169190051034
[4.11082099471241] 8.76278656639624
[4.12746439408511] 9.46061280369759
[4.14544669445604] 10.1851706124144
[4.1619013948366] 10.9364599925466
[4.1785504957661] 11.7144809440942
[4.19444869551808] 12.5192334670573
[4.21159339603037] 13.3507175614359
[4.22801639605314] 14.208953562782
[4.24430889543146] 15.0939433422245
[4.26219549495727] 16.0056456049206
[4.27917319443077] 16.9441473066108
[4.2947498941794] 17.9094312305388
[4.31090709473938] 18.9014073021535
[4.32833379413933] 19.9201680910774
[4.34553979430348] 20.9656185326166
[4.36139629501849] 22.0379068377661
[4.37889639567584] 23.1368847955309
[4.3949390957132] 24.2626549559936
[4.41228479612619] 25.415112273884
[4.42835979629308] 26.5943086480547
[4.44543709699064] 27.8003009676759
[4.46189929638058] 29.0329767019721
[4.47791629564017] 30.2924508769065
[4.49496149551123] 31.5787272353482
[4.51211269479245] 32.8916238811798
[4.52862389478832] 34.2313227105187
[4.54448009561747] 35.5976987164759
[4.56092919502407] 24.8070243171242
[4.57749339472502] 15.7439056949535
[4.59513369482011] 16.6747485399246
[4.61102499533445] 17.6324347942427
[4.62875499483198] 18.6168135507323
[4.6451668953523] 19.6279766700463
[4.66139679495245] 20.6658297964605
[4.67802319582552] 21.7305200775154
[4.69529759604484] 22.8219003656704
[4.71221219655126] 23.9400725020387
[4.72880439739674] 25.0849321503192
[4.74495419766754] 26.2565308548801
[4.76146319787949] 27.4549251504068
[4.77836679760367] 28.6800032150932
[4.79477789718658] 29.9318793659331
[4.81212919671088] 31.210436790745
[4.82781759742647] 32.5157332718372
[4.84477409813553] 33.8478315818356
[4.8624979974702] 35.2067354636092
[4.87822799663991] 36.5923833921552
[4.89482379611582] 38.0047753674735
[4.91216609533876] 39.4439113895642
[4.92806089576334] 40.9097914584272
[4.94604609627277] 42.4024155740626
[4.96154409646988] 43.9217837364704
[4.9780701957643] 45.4679686997843
[4.99552149511874] 47.040826203418
[5.01188499480486] 48.640427753824
[5.02893869392574] 50.2667733510025
[5.04474899359047] 51.9199407398701
[5.06181749328971] 53.5998546709307
[5.07859529368579] 55.3065151441842
[5.09546509385109] 57.0398406714958
[5.11164999380708] 58.7999102455797
[5.12874149344862] 60.5867238664359
[5.14458299428225] 62.4002815340646
[5.16147209517658] 64.2408426852198
[5.17830989509821] 66.1078044627793
[5.19538959488273] 68.0016857404262
[5.21090049482882] 69.922313560266
[5.22824499569833] 71.8696879222989
[5.24415089562535] 73.8438088265248
[5.26120629534125] 75.8450521347113
[5.27794789522886] 77.8724806878017
[5.29488099552691] 79.9268437140854
[5.31217279471457] 82.0079532825621
[5.32815889455378] 84.115611480549
[5.34542509540915] 86.2504120460944
[5.36146999523044] 88.4117612411501
[5.37839829549193] 42.4147820142098
[5.3947814963758] 8.66972413659823
[5.41156359575689] 4.49147961910614
[5.42871989496052] 4.9948730972319
[5.44453059509397] 5.52499957592954
[5.46124869585037] 6.08185762604262
[5.47755549661815] 6.66544724757114
[5.4946017973125] 7.27576844051509
[5.5120264980942] 7.91280602946063
[5.52882609888911] 0.759783303041786
[5.5447222981602] 20.4979336117394
[5.56203129887581] 19.4644070349459
[5.57868839800358] 18.4575218153186
[5.59469619765878] 17.4774658659298
[5.61148459836841] 16.5241439827951
[5.62865879759192] 15.5975561659143
[5.64450139738619] 14.6977024152875
[5.66177839785814] 13.8245827309147
[5.67889739759266] 12.9782165477009
[5.69432399794459] 36.7689500564011
[5.71173299849033] 73.0229560286971
[5.7285708989948] 71.0599125550361
[5.74496109969914] 69.1236156235682
[5.76091199927032] 67.2140652342932
[5.77780859917402] 65.3314358070493
[5.79459839873016] 63.4753760066815
[5.81153799965978] 61.6460627485067
[5.82789149880409] 59.8435794993129
[5.84509499929845] 58.0678402968915
[5.86176699958742] 56.3188451412425
[5.87768729962409] 54.5964345849352
[5.89475530013442] 52.9008515422465
[5.91205530054867] 51.2320922699582
[5.92785480059683] 49.5900010639161
[5.94464530050755] 47.9747311328538
[5.96158250048757] 46.3862052485638
[5.97788229957223] 44.8244956485287
[5.99494550004601] 43.2895275999617
[6.01222250051796] 41.7812313606264
[6.02767650038004] 40.2996791680634
[6.04459420032799] 38.8448710222729
[6.06139820069075] 37.4168069232546
[6.07755960151553] 36.0154868710088
[6.09535390138626] 34.6409108655353
[6.11086220107973] 33.2931411629834
[6.12907860055566] 31.9721130118996
[6.1448370013386] 30.677826412284
[6.16156470216811] 29.4102813641366
[6.17840370163321] 28.1695351331728
[6.19504920206964] 26.9554159222462
[6.21269310265779] 25.7681502989726
[6.22796320263296] 24.6076237319794
[6.24478520173579] 23.4738884966646
[6.26157780084759] 22.3668387946673
[6.2774301012978] 21.286577929277
[6.29435540083796] 20.2329565595137
[6.31147290114313] 19.2061713115545
[6.32822370063514] 18.206168662553
[6.34539480041713] 17.2329000798054
[6.36188940051943] 16.2862784776662
[6.37789240013808] 15.3664805223234
[6.39488500077277] 19.6273552535858
[6.41172040160745] 24.173875459499
[6.42766380216926] 23.0502949278161
[6.44516280200332] 21.9534004032612
[6.46197720151395] 20.8831956285285
[6.47830680105835] 19.8398765819438
[6.49489190150052] 18.8231979786651
[6.51175570208579] 17.8333495594852
[6.5287952022627] 16.8702352065593
[6.54416990187019] 15.9337687818625
[6.56106860097498] 15.0241250563413
[6.57888240087777] 14.1412153970741
[6.59441240131855] 13.2850987940401
[6.61135800182819] 12.4556934753855
[6.62860000133514] 11.6530197281463
[6.64515700191259] 10.8770775523226
[6.66154200211167] 10.1278497793537
[6.67826140299439] 9.40537137005595
[6.69563320279121] 8.70960861101776
[6.71211630292237] 8.04059396824596
[6.72774190269411] 7.39829622313846
[6.74533700197935] 6.78275939694868
[6.76081720180809] 6.19392604206223
[6.77768110111356] 5.63183830864727
[6.79485910199583] 5.09648214664776
[6.81105140224099] 4.58785755606368
[6.82838770188391] 4.10596453689504
[6.84533330239356] 8.93062548525631
[6.86167320236564] 15.427912301413
[6.87796730175614] 14.5330383647233
[6.89541080221534] 13.6648984942876
[6.91233720257878] 12.823550646317
[6.92789040226489] 12.0089144273152
[6.94564830232412] 11.2210097797288
[6.96158560272306] 10.4598367035578
[6.97755720186979] 9.72537837483105
[6.99512230139226] 9.01765286492446
[7.01093310210854] 8.33667575038999
[7.02861920278519] 7.68244516014238
[7.04479100275785] 7.0549305647437
[7.06132580246776] 6.45414754076046
[7.07805250305682] 5.88009608819266
[7.09415420237929] 5.3327762070403
[7.11157900188118] 4.81218789730337
[7.12842140253633] 4.31833115898189
[7.14497480262071] 3.85120599207585
[7.16236130241305] 3.41081239658524
[7.17820870224386] 2.99714570270044
[7.19540310185403] 2.61021991985035
[7.21081000193954] 2.25002103860606
[7.22872880101204] 1.91655372877722
[7.24551090039313] 1.60981799036381
[7.26157299987972] 1.32981071279391
[7.27842950075865] 1.07653842905893
[7.29490410163999] 0.849997716739381
[7.31107610091567] 0.65018748832199
[7.32874450087547] 0.477111006346604
[7.34548350051045] 0.330764281086717
[7.36177680082619] 0.211150000607462
[7.37814100086689] 0.118267059634862
[7.39449240081012] 0.0521157016769007
[7.41227290034294] 0.012696186369051
[7.42818910069764] 2.34314765135695E-05
[7.44510370120406] 0.0140618661737008
[7.4607682004571] 0.0548469284815671
[7.47787010110915] 0.122363565692851
[7.49507390148938] 0.216611910627762
[7.51194750145078] 0.337592389460497
[7.52766460180283] 0.485304751557123
[7.54448870196939] 0.659747901438095
[7.56134130246937] 0.860923874137825
[7.57851310260594] 1.08882891544636
[7.59537530317903] 1.34346677957365
[7.61128340288997] 1.62483621511637
[7.62873270362616] 1.93293722207454
[7.64443280361593] 2.26776980044815
[7.6625711042434] 2.6293339502372
[7.67812600452453] 3.01762967144168
[7.69531720411032] 3.43265696406161
[7.71090090367943] 3.87441582809697
[7.72869050409645] 4.34290626354777
[7.74432420451194] 4.83812827041402
[7.76152280438691] 5.3600818486957
[7.77855590451509] 5.90876699839282
[7.79504350479692] 6.48418371950538
[7.81104090530425] 7.08633201203338
[7.82858360465616] 7.71521187597682
[7.84491680469364] 8.3708233113357
[7.86202590446919] 9.05316631811002
[7.87864680495113] 5.66453239999828
[7.8944597048685] 2.8635853911511
[7.91188470553607] 3.26823002477067
[7.92847960535437] 3.69959761810605
[7.9447759045288] 4.15770165927825
[7.96207580436021] 4.64254889579752
[7.97807160485536] 5.15411670349567
[7.99555900413543] 5.69241608260927
[8.01114770397544] 6.25744703313831
[8.02889830432832] 6.84920955508278
[8.04466770403087] 7.46770364844269
[8.0611381046474] 8.11292931321805
[8.07832390442491] 8.78488654940884
[8.0944377053529] 9.48357535701507
[8.11143400520086] 10.2089957360367
[8.12891000509262] 10.9611476864739
[8.1443373048678] 11.7400312083264
[8.1618623053655] 12.5456463015944
[8.17785310465842] 13.3779929662778
[8.19483210425824] 14.2370915580541
[8.21087620500475] 15.1229229686505
[8.22797310445458] 16.0355520074445
[8.24415350425988] 16.9749398343556
[8.26102130394429] 17.9410426193208
[8.278440204449] 18.9339289143682
[8.29507020395249] 19.9535060692579
[8.31096220482141] 20.9998197853565
[8.32824170496315] 22.0729714456247
[8.34470680449158] 23.1727607791545
[8.36150350514799] 24.299339860474
[8.37747830431908] 25.4526579980738
[8.3939570048824] 26.632715191954
[8.41171870473772] 27.839568371448
[8.42886710446328] 29.0731049254537
[8.44459640514106] 30.3334399602609
[8.46157490555197] 31.6205772187386
[8.47807940561324] 32.9343346842797
[8.49426650535315] 34.2748943734914
[8.51167380530387] 35.642131199158
[8.52783980499953] 37.0362384063192
[8.5443275058642] 38.4570896602527
[8.5614870050922] 39.9046849609585
[8.57778680417687] 41.3790243084368
[8.59406120423228] 42.8801783561066
[8.61152060423046] 44.4080070448108
[8.62826520483941] 45.9625066315057
[8.64421040471643] 47.5438221660734
[8.66138930525631] 49.1519573915575
[8.67864360567182] 50.7867622673512
[8.69549980480224] 52.4483893294819
[8.71125790569931] 54.1367629338056
[8.72800510656089] 55.8518830803223
[8.74485110584646] 57.593667886249
[8.76212560664862] 59.3621967389481
[8.77828690689057] 61.1574696384196
[8.79433740768582] 62.9794865846634
[8.81183890718967] 64.8285081983777
[8.82863990683109] 66.7042813454755
[8.84440080728382] 68.6066272873431
[8.86142130661756] 70.5357197714038
[8.87822220753878] 57.9435914988862
[8.89561010804027] 45.4781093765819
[8.9114032080397] 47.0511130220548
[8.92876140866429] 48.6509632577945
[8.94476280827075] 50.2774835303426
[8.96190670784563] 51.9308256027289
[8.97839310858399] 53.6109142173082
[8.99457490909845] 55.3177493740804
[9.01180090848356] 57.0512495767616
[9.02833270933479] 58.8114938262152
[9.04448980931193] 60.5984821224411
[9.06110810954124] 62.4122144654393
[9.07814801018685] 64.2529503164114
[9.09479650948197] 66.1200867611915
[9.11167580913752] 68.0141427223571
[9.12859000917524] 69.9349452257156
[9.14423840958625] 71.8824942712672
[9.16134440992028] 73.8567898590118
[9.17813631054014] 75.8582078833133
[9.19500850979239] 77.8858111036243
[9.21189700905234] 79.9403488134267
[9.2276096092537] 34.6539303679019
[9.24482350889593] 7.91780142330947
[9.26186270918697] 8.58180423744489
[9.27884001005441] 9.27252534031868
[9.29432180989534] 0.674492499273704
[9.31131501030177] 37.3804502199637
[9.32855201046914] 35.9798823595047
[9.34578711073846] 34.6059925786976
[9.36137661058456] 33.2589090687979
[9.37796391081065] 60.7557323207147
[9.39506081026047] 99.7179433611454
[9.4117706110701] 97.4217235167744
[9.42782561015338] 95.1518292223336
[9.44483441021293] 92.9091074533062
[9.46219771075994] 90.6931322264718
[9.47806491050869] 88.5039035418304
[9.49503650981933] 86.3416219134815
[9.51224871072918] 84.2056857991265
[9.5277534108609] 82.0966967410641
[9.54450811073184] 80.0144542251946
[9.56119251064956] 77.9589582515182
[9.57763751037419] 75.9300207835622
[9.5948664098978] 73.9280203897506
[9.61157470941544] 71.9529495836468
[9.6275435090065] 70.0046203290112
[9.64475440979004] 68.0830326258438
[9.66162881068885] 66.1880109143676
[9.67819701135159] 64.3197357450845
[9.69502591155469] 62.4782071179943
[9.7104938114062] 60.6634250330972
[9.72822671104223] 58.8755550682545
[9.74487851094455] 57.1143451135431
[9.76171151082963] 55.3797186184675
[9.77775301132351] 53.6719202068634
[9.79461001139134] 51.9909461355128
[9.81096601206809] 50.3366395605553
[9.82859571184963] 48.7090795277909
[9.84466931130737] 47.1082660372194
[9.86138861160725] 45.534199088841
[9.87804801110178] 43.986950242077
[9.89498211164027] 42.466304818663
[9.91143551189452] 40.9726156248071
[9.92757281195372] 39.5056001660414
[9.94467871170491] 38.0653953227447
[9.96096071135253] 36.6518667098426
[9.97890541050583] 35.2650821437128
[9.99466221127659] 33.9050416243554
[10.011688712053] 32.5718067298003
[10.0286794127896] 31.2653133867134
[10.0445139119402] 29.9855615950946
[10.0621057124808] 28.732551354944
[10.0774608124048] 27.5062826662615
[10.0945379119366] 26.3067555290472
[10.1120896115899] 25.1339699433011
[10.1278309114277] 23.9879787537502
[10.1449232120067] 22.8687266204797
[10.1617437116802] 21.776163193892
[10.1776804123074] 20.710390420747
[10.194516312331] 19.6714045583503
[10.2109891120344] 18.6592018641823
[10.228002011776] 17.6737332362682
[10.2451447118074] 16.7149104504206
[10.2612693123519] 15.7829553145275
[10.2780934125185] 14.8776901328238
[10.2948979120702] 13.999159017374
[10.3118717111647] 13.1474206516941
[10.3286596108228] 12.3223936725481
[10.3453062102199] 11.5240982648174
[10.3615345098078] 10.7525344285023
[10.3789144102484] 10.0076850971964
[10.3944500098005] 9.28958502740716
[10.4114134097472] 8.59820071003196
[10.4285510098562] 7.93357960207504
[10.4451963091269] 7.29567424653214
[10.4619903089479] 6.68450046240469
[10.4776041088626] 6.10005824969267
[10.4945626081899] 5.54234760839608
[10.5118141090497] 5.01136929331736
[10.5278781084344] 4.50712175587071
[10.5457862084731] 4.02960578983951
[10.5621341085061] 3.57882139522374
[10.5776645084843] 3.15476378099586
[10.594856007956] 2.75744284105852
[10.6117942081764] 2.38685763986908
[10.6288157077506] 2.04299953091507
[10.644505106844] 1.7258729933765
[10.6621121065691] 1.43547479546353
[10.6790822064504] 1.17180879266473
[10.695376005955] 0.934874984980098
[10.7110435059294] 0.724675812160804
[10.7282713064924] 0.541208047751589
[10.7446068068966] 0.384471123020489
[10.761189407669] 0.254465319704737
[10.7788975080475] 0.151192544195766
[10.795107007958] 0.0746514836168348
[10.8122207084671] 0.0248420496033309
[10.8275634087622] 0.00169026118249882
[10.8444657083601] 0.00538439125430845
[10.861764607951] 0.0357171199745321
[10.8773469077423] 0.0927816188978525
[10.8947919076309] 0.176577844315062
[10.9120968068019] 0.287106061885156
[10.9275906067342] 0.424364440965308
[10.945237306878] 0.588355049467289
[10.9621839076281] 0.77907728429637
[10.9777225079015] 0.996533783258435
[10.9952800078318] 1.24071947276594
[11.0117775080726] 1.51163341727625
[11.0287194075063] 1.80928193776709
[11.0448553068563] 2.13366178341676
[11.0615167068318] 2.484773427248
[11.0781748062] 2.86261664249469
[11.0952512053773] 3.26719142915681
[11.1109957052395] 3.69849259974035
[11.1277620056644] 4.15652471804788
[11.1443762062117] 4.64129359526123
[11.1611905070022] 5.15279404389003
[11.178142006509] 5.69102606393426
[11.1948814066127] 1.79750931118861
[11.2120458064601] 0.0646593192581761
[11.2288886057213] 0.136820649745362
[11.2445396063849] 0.235713688081461
[11.2614637063816] 0.361338028905395
[11.2779576061293] 0.5136948883004
[11.2957109054551] 0.692782559058635
[11.3113699061796] 0.89860180123231
[11.3275528056547] 1.13115404923975
[11.3458794048056] 1.39043659016807
[11.361576504074] 1.67645070251184
[11.3788558049127] 1.98919638627104
[11.3944759052247] 2.32867338418146
[11.4122248049825] 2.69488219128107
[11.4279003050178] 3.08782256979612
[11.4450701046735] 3.50749451972661
[11.4613163042814] 3.95389804107253
[11.4787213038653] 4.42704448477161
[11.4944365043193] 4.92691177264351
[11.5109422039241] 5.45351063193084
[11.5284465048462] 6.00684106263361
[11.5454929042608] 6.58690306475182
[11.561730004847] 7.19369663828547
[11.5783858057112] 7.82722178323456
[11.5952313058078] 8.48747849959909
[11.6122225057334] 3.88745613236097
[11.6282655056566] 0.991650810952827
[11.6444857064635] 1.23526917802906
[11.6618181057274] 1.50562343362299
[11.6776669062674] 1.80270626267021
[11.6949207056314] 2.1265204172887
[11.7117696050555] 2.47707061503206
[11.7279598042369] 2.85435300788959
[11.7443106044084] 3.25836272680317
[11.7617303039879] 3.68910401713219
[11.7782012037933] 4.14658237162985
[11.7945436034352] 4.63078131203656
[11.8106735032052] 5.1417173166119
[11.8280868027359] 5.67938489260268
[11.8453843034804] 6.2437840400089
[11.861336203292] 6.83491475883056
[11.8780131042004] 7.45277704906766
[11.8951145038009] 8.0973709107202
[11.9111315030605] 8.76869634378818
[11.928162002936] 9.4667533482716
[11.9454083032906] 10.1915419241705
[11.9608925031498] 10.9430620714847
[11.9781984025612] 11.7213137902145
[11.995615103282] 12.5262970803597
[12.0114729041234] 13.3580119419203
[12.0275846039876] 14.2164787158326
[12.0454920036718] 15.1016992732257
[12.0610472038388] 16.013632308488
[12.0781130045652] 16.9523647988972
[12.094982104376] 17.9178795223124
[12.1121550034732] 18.9100863826461
[12.1277256030589] 19.9290298041888
[12.1446169037372] 20.9747592013155
[12.1612551044673] 22.0472783167206
[12.1780897043645] 23.1464870739728
[12.1946685034782] 24.2724348875054
[12.2126092035323] 25.4251217573183
[12.2279533036053] 26.6045476834115
[12.2446052040905] 27.8107126657851
[12.2613547034562] 29.0436748518841
[12.2781714033335] 30.3033191943832
[12.2954248040915] 31.5897025931627
[12.3118181042373] 32.9028869384201
[12.3276201039553] 34.2428759730246
[12.3444558046758] 35.6094802833395
[12.3612609039992] 37.0028892830014
[12.3783461041749] 38.4231067148794
[12.395344004035] 39.8700681935297
[12.4108979040757] 41.3437737189524
[12.428058504127] 42.8442232911475
[12.4442027034238] 44.3714169101149
[12.4611446028575] 45.9253545758547
[12.4776804028079] 47.5060362883669
[12.4954105028883] 49.1134620476514
[12.511574502103] 50.7476318537083
[12.5287348022684] 52.4086238164746
[12.5443058023229] 54.0963623214338
[12.5612561022863] 55.8107667631702
[12.5781314028427] 57.551915251679
[12.5948396036401] 59.3198077869602
[12.6121985027567] 61.1144443690137
[12.6277422029525] 62.9358249978395
[12.6450164038688] 64.7840365172597
[12.6618263032287] 36.115532541764
[12.6776668038219] 14.2569758221525
[12.6945872046053] 15.143384794821
[12.7122555039823] 16.0565787584346
[12.7276922035962] 16.996551270393
[12.7450326029211] 17.9632146139629
[12.7619650028646] 18.9566590008326
[12.7776656020433] 19.9768881735217
[12.7945946026593] 19.7548074538645
[12.8121551033109] 8.10025722513092
[12.827636603266] 1.47474890920137
[12.8440039027482] 1.76890613020672
[12.8610642030835] 2.0897963557459
[12.8783574029803] 2.4374139414613
[12.8944818023592] 2.81176699798382
[12.9114929027855] 1.46593921200659
[12.9280263036489] 16.5861756897357
[12.9447957035154] 15.6578252282925
[12.9612937029451] 14.7561673861928
[12.9780814033002] 13.881286304706
[12.9950802028179] 13.0331587654728
[13.0110865030438] 12.2117828973642
[13.0279268026352] 11.417138600671
[13.0447330027819] 10.6492258753933
[13.0617726035416] 9.90804472153104
[13.0775861032307] 9.19359513908421
[13.0943792033941] 8.50587712805282
[13.1109646037221] 7.84489068843686
[13.1276973038912] 7.21063582023635
[13.1444878038019] 6.60309866070747
[13.1618673037738] 6.02230755903292
[13.1778822038323] 5.46826143258752
[13.1948597040027] 14.0680942788094
[13.2126883044839] 35.2717380783583
[13.2284441050142] 49.1003816023294
[13.2445983048528] 47.4931716918945
[13.2620276045054] 45.912705828232
[13.278327004984] 44.3590558728029
[13.2952892053872] 42.8321474688419
[13.3110500052571] 41.331911250134
[13.3281629048288] 39.8584190781985
[13.3444737046957] 38.4116709530354
[13.3617255054414] 36.9916668746446
[13.3789947051555] 35.5984068430262
[13.3951210044324] 34.2318908581801
[13.4110673051327] 32.8921808002342
[13.4288163054734] 31.5792122937564
[13.444534804672] 30.2929853387468
[13.4616739042103] 29.0334999352053
[13.478376403451] 27.800756083132
[13.4954716041684] 26.5947537825268
[13.5109499040991] 25.4154930333898
[13.5283565036952] 24.2630269825459
[13.5452062040567] 23.1372999879823
[13.5615736041218] 22.038312049699
[13.57865200378] 20.9660137635656
[13.594540502876] 19.9205533419736
[13.611391203478] 18.9018763907079
[13.6291438043118] 17.9098421824165
[13.644261604175] 16.9445914444514
[13.6613118033856] 16.0061204342928
[13.6784582026303] 15.0943206116863
[13.695161903277] 14.20936027688
[13.7110925037414] 13.3510723770887
[13.7279643043876] 12.5195579677893
[13.744877204299] 11.7147948420097
[13.7620067037642] 10.9367632876456
[13.7779627032578] 10.1854460873874
[13.7947861030698] 9.46087829954922
[13.8115986026824] 8.76302611322171
[13.8274168018252] 8.09192209190951
[13.8445517010987] 7.44753583966852
[13.8619988001883] 6.82990964470721
[13.8787818010896] 6.2389868235496
[13.8948413003236] 5.67480967261329
[13.9121305011213] 5.13736409309243
[13.9279781002551] 4.62665008498701
[13.9450643006712] 4.14266764829702
[13.9621096998453] 3.68541678302248
[13.9776556994766] 3.25489748916337
[13.9948055986315] 2.8511097667197
[14.0112995989621] 2.47405361569147
[14.0279427990317] 2.12372903607869
[14.045103598386] 1.80013602788134
[14.0620963983238] 1.50327459109943
[14.0772689981386] 1.23314491294429
[14.0949111981317] 0.989746599502787
[14.1121854977682] 0.773081043320367
[14.1281264973804] 0.583144815606033
[14.1454968964681] 0.419941251545113
[14.1614220971242] 0.283468566216969
[14.1788123967126] 0.173728041379213
[14.1945654964074] 0.0907192361872422
[14.2110115969554] 0.0344421625663256
[14.2277920963243] 0.00487345168930109
[14.2453402960673] 0.00213122692287726
[14.2612644964829] 0.0259597477132029
[14.2784805959091] 0.0765801991947672
[14.2952428953722] 0.153932492445279
[14.3109346954152] 0.258016653305226
[14.3278155950829] 0.388831870009982
[14.3455970948562] 0.546378638639709
[14.3614984946325] 0.730657031247375
[14.3784440951422] 0.941668304042224
[14.3945181956515] 1.17940981231755
[14.4108188962564] 1.44388305560484
[14.427354096435] 1.73509142339618
[14.4442697959021] 2.05302836292051
[14.4615190951154] 2.39769612969394
[14.4784932946786] 2.76909595100005
[14.4952442953363] 3.16722734372161
[14.5108884954825] 3.5920903078586
[14.5287440950051] 4.04368484341103
[14.5443474948406] 4.5220109503789
[14.5611770953983] 5.02706862876221
[14.5782164949924] 5.55885787856096
[14.5955536942929] 6.11737869977514
[14.6111735943705] 6.70263109240477
[14.627290694043] 7.31461505644984
[14.6444817949086] 7.95333059191034
[14.661756394431] 8.61877769878629
[14.6777302939445] 9.31095637707767
[14.694238293916] 10.0298666267845
[14.7115365937352] 10.7754907389171
[14.7284098938107] 11.5478635077598
[14.7441869936883] 12.3469678480178
[14.7615102939308] 13.1728037596913
[14.7777233943343] 14.0253914465502
[14.7948447950184] 14.9047119522293
[14.8127248957753] 15.8108081791506
[14.8276992961764] 16.7435955698893
[14.8445413969457] 17.7031838754483
[14.8613792974502] 18.6895087422163
[14.8778500966728] 19.7026180626126
[14.8943752963096] 20.7424172993051
[14.9118552971631] 21.8090538722463
[14.9277370963246] 22.9023803614837
[14.9446459971368] 24.0224987897382
[14.9617169965059] 25.169304639101
[14.9776511956006] 26.3428495447442
[14.9955183956772] 27.5431901321572
[15.0114623960108] 28.7702143979259
[15.0285046957433] 30.0240368406521
[15.0450345948339] 31.3046612032049
[15.0610214956105] 32.611906380509
[15.0779272951186] 33.9459534776397
[15.0958318952471] 35.3066780150693
[15.1114063952118] 21.5164336441376
[15.1274548955262] 10.9571472122407
[15.1448897961527] 11.7358910263938
[15.1617582961917] 12.5413664119624
[15.1780821960419] 13.3735733689464
[15.1953676957637] 14.2325322497636
[15.2123820949346] 15.118223949401
[15.2277624951676] 16.0306700677102
[15.2449407959357] 16.9698724758637
[15.2618921967223] 17.935787350405
[15.2778849964961] 18.9284832333215
[15.2955530965701] 19.9479638671328
[15.3112263968214] 20.9941835572245
[15.3283514967188] 22.067091618781
[15.3457480976358] 23.1667881738686
[15.3610994974151] 24.2932769651816
[15.3788807978854] 25.4465073079627
[15.3946210974827] 26.626423527021
[15.4114943975583] 27.8331357251154
[15.4281822973862] 29.0665313042991
[15.4449013965204] 30.3266659397632
[15.4620423959568] 31.6136002970161
[15.4787660958245] 32.9273381189269
[15.4947067955509] 25.4892509062774
[15.5109262960032] 18.8028990026232
[15.5280356956646] 19.8189764325507
[15.544891894795] 20.8618514014233
[15.5622735945508] 21.9314654265763
[15.5783174941316] 5.05663844467747
[15.5941950948909] 0.0270237741537588
[15.6112581947818] 0.00231251350559683
[15.6278108945116] 0.00446009837274819
[15.6447082953528] 0.0332677118671687
[15.6615867959335] 0.0888072080680407
[15.6777321966365] 0.171078248081217
[15.695249796845] 0.280081014132749
[15.7111596977338] 0.41581552289842
[15.727691498585] 0.5782811626041
[15.7445643981919] 0.767478482436701
[15.7613263977692] 0.983410048612797
[15.7777464976534] 1.22607082312382
[15.7946449974552] 2.03456666277251
[15.8119915975258] 15.5785569404543
[15.8275705976412] 14.6792802211785
[15.8453102977946] 13.8067563664008
[15.8609938984737] 12.9609058171336
[15.8785853991285] 12.1418281780279
[15.8945800988004] 11.3495015322769
[15.9123676987365] 10.5839064579413
[15.9284733990207] 9.84502602787688
[15.9454693989828] 9.13287841663259
[15.9612731998786] 8.44747930393351
[15.978418298997] 13.433952047606
[15.9951168997213] 21.3101803568425
[16.0124112991616] 20.2560647345381
[16.0277995988727] 19.2286856734427
[16.0447876993567] 18.2279971081589
[16.0617996994406] 17.2541372348787
[16.0794800985605] 31.6935028985608
[16.1109698982909] 14.4928798615292
[16.12801699806] 13.625978662174
[16.1455056974664] 26.0212057759345
[16.1610541976988] 42.1998211590399
[16.1787111982703] 40.7107990990626
[16.1947210989892] 39.248588681221
[16.211908698082] 37.8131198148476
[16.2291107978672] 36.4043924999423
[16.2445763982832] 35.0223428840109
[16.2622496988624] 33.6670999196649
[16.2776743993163] 32.3385985067871
[16.2952877990901] 31.0368386453774
[16.3112329989672] 29.7618203354359
[16.3279369994998] 28.5136011913419
[16.3447443991899] 27.2920083699573
[16.3617525994778] 26.0972698335536
[16.3774961996824] 24.9292703534302
[16.394361699] 23.7880625536491
[16.4114592988044] 22.6735399385216
[16.4280389994383] 21.585806508665
[16.4455166999251] 20.5247118771076
[16.4614994004369] 19.4904540646821
[16.4783878996968] 18.4829791998782
[16.4956061001867] 17.5022384013282
[16.5115494001657] 16.5481438860588
[16.5281291007996] 15.6209163589228
[16.5448260009289] 14.7203790065832
[16.561809701845] 13.8465757204976
[16.5778857022524] 12.9995648532713
[16.5951684024185] 12.1792654828823
[16.6118699032813] 11.3856976839088
[16.6289406027645] 10.6188614563507
[16.644635302946] 9.87873984410544
[16.6619608029723] 9.16535105068033
[16.6776957027614] 8.47871078475873
[16.6951131019741] 7.81881717525539
[16.712127301842] 7.18563942846959
[16.7279612012208] 6.57919325309922
[16.7452270016074] 5.99947864914429
[16.7622637022287] 5.44649561660481
[16.7780881021172] 4.9202449033892
[16.7940229028463] 4.42072497469965
[16.811328202486] 3.94793661742554
[16.8283532019705] 3.50187983156687
[16.8454957026988] 3.08254988124784
[16.8607313027605] 2.68995655006759
[16.87873450201] 2.32409890248348
[16.8949036011472] 1.98496840228657
[16.9119641007856] 1.67256947350509
[16.9278497016057] 1.38689893950098
[16.9452489009127] 1.12796346539793
[16.9609779017046] 0.89575956271031
[16.9780030017719] 0.690286250960021
[16.9946186011657] 0.511546592159284
[17.0115501014516] 0.359536626072243
[17.0286203017458] 0.234258564556884
[17.0447753025219] 0.135712875227256
[17.0612957021222] 0.0638984218389922
[17.0784137016162] 0.0188157434431925
[17.0949061019346] 0.000401660910292367
[17.1109074028209] 0.0088418684674797
[17.1285038022324] 0.0439499036249846
[17.1455234019086] 0.105789927913065
[17.1608231021091] 0.194361699290432
[17.1782036023214] 0.309664986598806
[17.1942985029891] 0.451699528535102
[17.2120410026982] 0.62046462642914
[17.2286672024056] 0.815963268182607
[17.2449028016999] 1.03819117756962
[17.2618273021653] 1.28715187666081
[17.2777068028226] 1.56284414716743
[17.2945377035066] 1.86526430512459
[17.3116811038926] 2.19441915687639
[17.3285537036136] 2.55030581029132
[17.3443447044119] 2.93292403512169
[17.3612369047478] 3.34227383136749
[17.3778694039211] 3.77835519902874
[17.394631604664] 4.24116813810542
[17.410946005024] 4.73072438239615
[17.4279572041705] 5.2470010879988
[17.4453151049092] 5.79000936501689
[17.4616208048537] 6.35974921345041
[17.4785488052294] 6.95622063329938
[17.495090004988] 7.57942362456379
[17.5112314047292] 8.22935818724363
[17.5286198044196] 8.90602432133892
[17.5449953051284] 9.60942202684964
[17.5620282059535] 10.3395513037758
[17.5777242062613] 11.0964121521174
[17.5950280064717] 11.8800045718745
[17.6123447073624] 12.6903285630469
[17.6279384074733] 13.5273841256349
[17.645181006752] 14.3911917251826
[17.6612032065168] 15.281753232819
[17.6783413058147] 16.1990922327386
[17.6953954054043] 17.1431677938672
[17.7114540049806] 18.1139339951624
[17.7277741050348] 19.1114814312023
[17.745844504796] 20.1357654284511
[17.7613012045622] 21.1867363234051
[17.7781814038754] 22.2645431065757
[17.7952698040754] 23.3690889460267
[17.8111715037376] 24.5004272479564
[17.8278116043657] 25.6584524475329
[17.8449345044792] 26.8432726047758
[17.861223904416] 28.0547771644779
[17.8778075035661] 29.2930791770341
[17.8947655037045] 30.5580630968616
[17.9120382033288] 31.8497860729694
[17.9276988040656] 33.1683102446841
[17.9445519037545] 34.5136393548746
[17.9619990028441] 35.8855832425179
[17.9786022026092] 21.8685517385602
[17.9946015030146] 11.1328237703874
[18.0119665022939] 11.9176881728054
[18.0286897029728] 12.7292751465284
[18.0444904025644] 13.5675936916668
[18.0620661024004] 14.4326643032327
[18.0780778024346] 15.3244677336188
[18.0950591024011] 16.2430257252709
[18.1109109017998] 17.1883625155606
[18.1276745013893] 18.160389887169
[18.1451069004834] 19.1591985523701
[18.1614558007568] 20.1847922536836
[18.1784927006811] 21.2371747338038
[18.1952803004533] 22.3161968251516
[18.2125944010913] 23.4219554777083
[18.2277275007218] 24.554557621741
[18.2448286004364] 25.7139013172418
[18.2620288003236] 26.8999306038022
[18.2783548999578] 28.1127561546164
[18.2946627996862] 29.3522648013022
[18.3118229992688] 30.6185125042684
[18.3277194984257] 31.911560214241
[18.3449515979737] 33.231411674089
[18.3622389975935] 22.7525744133454
[18.3773673977703] 14.0732950286765
[18.3950911983848] 2.06764830506384
[18.4121662992984] 0.747394452232079
[18.4275853997096] 0.560865250822758
[18.4450836004689] 0.40106662095252
[18.4619915997609] 0.268000659826335
[18.4787679994479] 0.161666265027252
[18.4951995993033] 0.0820636367197918
[18.5110801989213] 0.0291920682693202
[18.52856799867] 0.0029969440616644
[18.544801899232] 0.00366209880995794
[18.5615992983803] 0.0309595688709123
[18.5782798985019] 0.0850097846442961
[18.5947874980047] 0.165791423087514
[18.612132598646] 0.273304860485768
[18.627518998459] 2.95487295135217
[18.6446205992252] 15.5498670763627
[18.661004498601] 14.6514104679227
[18.6788667980582] 13.7796879257367
[18.6946507971734] 12.9347188521133
[18.711327297613] 12.1165013759237
[18.7276003975421] 20.1335141461532
[18.744600597769] 29.898359771003
[18.7612007986754] 28.6471922700293
[18.7781579978764] 27.4228228221473
[18.795080197975] 26.2251371764869
[18.8122195973992] 25.0542470887303
[18.8277072971687] 23.9101488161832
[18.8448242964223] 22.7927355934225
[18.8609078964218] 21.7021116907999
[18.8795461962] 40.2391521170794
[18.912043296732] 18.590612828848
[18.927705896087] 17.6069364185678
[18.9453111952171] 16.6500405958213
[18.9623056957498] 15.7198360604525
[18.9780820952728] 14.8164303833692
[18.994280195795] 13.9397776671176
[19.011574995704] 13.0897979673755
[19.028708695434] 12.2665913704623
[19.0450582960621] 11.4701358632374
[19.0611816952005] 10.7004119274279
[19.0785967959091] 9.95740253955591
[19.0947418967262] 18.9211374996303
[19.1120353965089] 30.5515025905624
[19.1285327961668] 29.2866559028625
[19.1449362961575] 28.048548271443
[19.1620742967352] 26.8371796963038
[19.1776174968109] 25.6525501774449
[19.1944620972499] 24.4947131148365
[19.2109537972137] 23.3635604609735
[19.228838997893] 22.2591468633909
[19.2454576985911] 21.1814723220887
[19.2609041985124] 20.1305852468358
[19.2782792989165] 19.1064818951127
[19.2954413983971] 18.1090207799571
[19.3108603982255] 17.1383433883311
[19.3287114975974] 16.1944459777151
[19.3446359978989] 15.277219374846
[19.3621775982901] 14.3868328927856
[19.3788573974743] 13.5231184659351
[19.3943400979042] 12.6861777827799
[19.4122993983328] 11.8759885097461
[19.4280687980354] 11.0925308081278
[19.4452008977532] 10.3357873340137
[19.4609413985163] 9.60579339892138
[19.4789504986256] 8.90251493873802
[19.4952344987541] 8.22598477017164
[19.5109990984201] 7.57620102213696
[19.5283573977649] 6.95313337270636
[19.5450257975608] 6.35679729469121
[19.5608986970037] 5.78719278809149
[19.5781184975058] 5.24431985290721
[19.5954926982522] 4.72817848913837
[19.6117807980627] 4.23876869678497
[19.6287304982543] 3.77609047584701
[19.6448508985341] 3.34014382632449
[19.6607310976833] 2.93092413028535
[19.6784872971475] 2.54844577978659
[19.6949148979038] 2.19269380552944
[19.7110753972083] 1.86367317253826
[19.7282599974424] 1.56138099006035
[19.7452559974045] 1.28582425255584
[19.7609236966819] 1.036998875808
[19.7785204965621] 0.814905070475589
[19.7943137958646] 0.619542836558622
[19.8119565956295] 0.450911325009303
[19.8277267962694] 0.309012426959676
[19.8446915969253] 0.193845117947717
[19.8608192969114] 0.10540891717491
[19.8776536975056] 0.0437046126170348
[19.8953802976757] 0.00873209013342136
[19.9112038984895] 0.000546002182893753
[19.9285757988691] 0.0189425408844035
[19.9454875979573] 0.0641320201150268
[19.9615476988256] 0.136053213459364
[19.9776059985161] 0.234705723913777
[19.9953231979162] 0.360090595614013
[20.0122892986983] 0.512207331087559
[20.0276108989492] 0.69105487923742
[20.0443243989721] 0.89663399880272
[20.0615341989323] 1.12894612280116
[20.0731532992795] 5.04801916398494
[20.1261569997296] 2.32550496748445
[20.1431985991076] 2.69147365197568
[20.1591102993116] 3.08417390788236
[20.1781305996701] 3.50360573520447
[20.1942562991753] 3.94976913394203
[20.2045204993337] 9.34495474975847
[20.2472523991019] 5.44864875864732
[20.2617452992126] 6.00173844304663
[20.2792249983177] 6.58155969886138
[20.2963914992288] 7.18811252609157
[20.3132977997884] 7.8213969247372
[20.3293757000938] 8.4814286059991
[20.3474159995094] 9.16817677117069
[20.3627979997545] 9.88165650775773
[20.3788520991802] 10.6218678157602
[20.3958677984774] 11.3888106951781
[20.4133748989552] 12.1824851460115
[20.4304432980716] 13.0028911682602
[20.4468521978706] 13.8500488390055
[20.4638086985797] 14.7239393285709
[20.4795170985162] 15.6245839614712
[20.4969432987273] 16.5519626606256
[20.5127683989704] 17.506120570004
[20.5297636985779] 18.4870150405914
[20.5466755982488] 19.4946460723877
[20.5635713990778] 20.529062551941
[20.5791320987046] 21.5902180877747
[20.5961142983288] 22.6781640616246
[20.6133716981858] 23.7927989575837
[20.62931419909] 24.9342267867469
[20.6468455996364] 26.1023410428315
[20.6624527992681] 27.297250727308
[20.6801944999024] 28.5188443435181
[20.6966703990474] 29.7671770160086
[20.7128688981757] 31.0423088596435
[20.7300267973915] 32.3442436172918
[20.7462380966172] 33.6727972013177
[20.7628523958847] 35.0281536993571
[20.7792911967263] 36.4103168542788
[20.795932197012] 37.8192240559729
[20.8125873962417] 39.2548753044393
[20.8294798964635] 40.7172705996782
[20.8469278970733] 42.2064099416893
[20.8631577966735] 43.7222933304729
[20.8800926962867] 45.2649207660288
[20.8962590964511] 46.8342922483571
[20.9137373967096] 48.4304077774577
[20.9294931972399] 50.0532673533307
[20.9457586975768] 51.7029485582607
[20.9631776968017] 53.3793763053836
[20.9793459968641] 24.2927451683499
[20.996664297767] 6.05517517550152
[21.0132188973948] 6.6375090985166
[21.0299388980493] 7.24659243423957
[21.046313197352] 7.88239344255999
[21.0623256964609] 8.54492602229584
[21.0798301966861] 9.23417377984879
[21.0965147959068] 9.95016887872043
[21.1128358962014] 10.6928955490075
[21.1296689966694] 11.46235379071
[21.1467172959819] 12.258543603828
[21.1626293966547] 13.0814649883614
[21.1798499962315] 13.9311582158625
[21.1968696964905] 14.80756475011
[21.2125089960173] 15.7107254863949
[21.2296056961641] 16.6406643028604
[21.2467711968347] 3.11185315076727
[21.2625181963667] 0.32003625018733
[21.2806167965755] 4.30609214455944
[21.2962482972071] 12.706361558412
[21.3122336966917] 11.8955174055372
[21.3292731968686] 11.1114048240779
[21.3464395971969] 10.3540064548433
[21.3637803969905] 9.62335763990995
[21.3787850970402] 8.91942428460607
[21.395950996317] 8.24223923619866
[21.4125554962084] 7.59180062360247
[21.4294585967436] 6.96807809433085
[21.4467763965949] 20.0743723586202
[21.4625728959218] 39.7222304820316
[21.4793220954016] 38.2780457213521
[21.4960019951686] 36.8605370053847
[21.5137686943635] 35.4697723361896
[21.5291801942512] 34.1057517137669
[21.5465389946476] 32.7685369018291
[21.5633948938921] 31.4580636413593
[21.5791976945475] 30.1743319323577
[21.5972233945504] 28.9173417748243
[21.6124146943912] 27.687093168759
[21.6295148944482] 26.4835861141619
[21.64626559522] 25.3068206110329
[21.6632684944198] 24.1568496897817
[21.680440695025] 23.0336178248108
[21.6959456950426] 21.9371250161203
[21.7130836956203] 20.8673219759949
[21.7301453948021] 19.8243565675803
[21.7457678951323] 18.8081745130767
[21.7633794955909] 17.8186354343779
[21.7802883964032] 16.8558797095902
[21.7970828972757] 15.9199035961938
[21.8127285968512] 15.0105988449723
[21.8297962974757] 14.1281332905128
[21.8459014967084] 13.2723403456912
[21.8629461973906] 12.4433207749462
[21.8792807981372] 11.6410524295134
[21.8969575986266] 10.865515655496
[21.9130160994828] 10.1166932937922
[21.9297317992896] 9.39462028630078
[21.9466023985296] 8.69926293852768
[21.9635050985962] 8.03065369756223
[21.9794359989464] 7.38876136371982
[21.9958466980606] 6.77362992987764
[22.0130687989295] 6.18520198625629
[22.0298432987183] 5.62351965464768
[22.046973599121] 5.08856889445451
[22.0631693992764] 8.41209591843653
[22.0803439989686] 12.4303455666013
[22.0963368993253] 11.6285025812176
[22.112993599847] 10.8533911672494
[22.1297567002475] 10.1050113246965
[22.1472378000617] 9.38336305355915
[22.1624344997108] 8.68844635383721
[22.1802797988057] 8.0202612255307
[22.1966091990471] 7.37879301424255
[22.2131233997643] 6.76408568316401
[22.2303046006709] 6.17608186209691
[22.2458238005638] 5.61482364314725
[22.2632392011583] 5.08029699561303
[22.2790938019753] 4.57250191949424
[22.2967853024602] 4.0914384147909
[22.3125793021172] 3.63710712453579
[22.3296694029123] 3.20950672368238
[22.3464269023389] 2.80863789424441
[22.3635132014751] 2.43450063622188
[22.37992240116] 2.08709494961479
[22.3956570010632] 1.76642083442314
[22.413690501824] 1.47247829064693
[22.4291516020894] 1.20526731828616
[22.4468905013055] 0.964787917340828
[22.4637502022088] 0.751041256628724
[22.4791674017906] 0.564023956308183
[22.4966174010187] 2.48166250331454
[22.5136690009385] 5.66769142274279
[22.5288127008826] 5.13060362893884
[22.5470137000084] 4.6202345631973
[22.5636979993433] 4.1365970688712
[22.579268399626] 3.67969179274681
[22.5962731000036] 3.24951740227064
[22.6134907994419] 2.84607003261638
[22.6294660996646] 2.46936333556462
[22.6464561000466] 2.11938365933477
[22.6633375007659] 1.79613532857957
[22.6804606001824] 1.49961571791803
[22.6962772998959] 1.22982807642987
[22.7135693989694] 0.986772630055867
[22.7296499982476] 0.770451746445843
[22.7462215982378] 0.580862562739021
[22.7635671980679] 0.418003930491473
[22.7795597985387] 0.281877271014423
[22.796403799206] 0.172483015948906
[22.812516098842] 0.089820129109452
[22.8292468991131] 0.0338889789805492
[22.846604898572] 0.00466267524062769
[22.8634708989412] 0.00227575958411563
[22.879687698558] 0.026458045367161
[22.8968994989991] 0.0774344008689813
[22.9127752985805] 0.155142584052676
[22.9299826994538] 0.259582666194335
[22.9457352999598] 0.390753347495121
[22.9633259996772] 0.548655986734303
[22.9790957998484] 0.733290053023559
[22.9967998992652] 0.944655815603149
[23.012843599543] 1.18275461636905
[23.0297788996249] 1.44758367770329
[23.0468325987458] 1.73914431045296
[23.0627850983292] 2.05743627280026
[23.0791967976838] 2.40246002889035
[23.096131997183] 2.77421535639587
[23.1127993967384] 3.17270225531684
[23.129988996312] 3.59792072565324
[23.1469060964882] 4.04987076740508
[23.1635671965778] 4.52855238057236
[23.1792556960136] 5.03396556515509
[23.1961374953389] 5.56611032115325
[23.2133066952229] 6.12498664856685
[23.2294857949018] 6.71059454739589
[23.2469242941588] 7.32293401764036
[23.2631829939783] 7.96200505930028
[23.2795421946794] 8.62780767237564
[23.2962987944484] 9.32034185686643
[23.3125087935477] 10.0396076127727
[23.3295180927962] 10.7855872228101
[23.3469618931413] 11.5583154978522
[23.3621920933947] 12.3577753443096
[23.3795054936782] 13.1839667621825
[23.3967446936294] 14.0369099635354
[23.4124233936891] 14.9165859837085
[23.4295402942225] 15.8230592012405
[23.4465677933767] 16.7562248134345
[23.4624512931332] 17.7161699058779
[23.479414193891] 18.7028515595302
[23.4961130945012] 19.7162697743915
[23.5136667946354] 20.7563753939467
[23.5293310945854] 21.823315887741
[23.5466395942494] 22.9169954378158
[23.5626995945349] 24.0374669433804
[23.5797599954531] 25.1846258535807
[23.5971839958802] 26.3585792144586
[23.6130342958495] 27.5592174847843
[23.6289538955316] 28.7866527009755
[23.6462336955592] 30.0407703314268
[23.6630761949345] 31.3216270181583
[23.67997939419] 32.629284393508
[23.6961935935542] 33.9637462003448
[23.7134258942679] 35.3248237986118
[23.7289737947285] 36.7127058283659
[23.7459258940071] 38.1273960324761
[23.7630230933428] 39.5688302833587
[23.7790999934077] 41.0370085810137
[23.7960634939373] 42.531930925441
[23.813673093915] 44.0535973166407
[23.8295085933059] 45.6020077546127
[23.8464732933789] 47.1771622393571
[23.8632883932441] 48.7790607708739
[23.8807507939637] 39.0327162669273
[23.8961617937312] 30.0515453522577
[23.9130373941734] 31.3327387963654
[23.9303105948493] 32.640687377454
[23.9472480947152] 33.9752542237984
[23.9629859952256] 35.3366242647171
[23.9804185954854] 36.7248012430791
[23.9962452957407] 38.1397222682135
[24.0126115949824] 39.5813873401203
[24.0294412942603] 41.0497964587994
[24.0470539936796] 42.5449496242509
[24.0636237943545] 44.0668468364747
[24.0804807944223] 45.6154880954709
[24.0961664943025] 47.1908734012395
[24.1137717934325] 48.7930027537805
[24.1295355940238] 50.4218761530938
[24.145967294462] 20.9026762089052
[24.1633475953713] 1.81144865630927
[24.1802374953404] 0.258937102065858
[24.1962655959651] 0.389962258533247
[24.2133767968044] 4.68410479122215
[24.2293060971424] 24.3425998110324
[24.2465950967744] 23.2150064595335
[24.2634692965075] 22.1142029031471
[24.2793462956324] 21.0400369253766
[24.2962700957432] 19.9927089864213
[24.3137915963307] 18.972117608675
[24.3304132958874] 33.4492755170213
[24.3462215950713] 51.6754880663939
[24.362471495755] 50.0261722472787
[24.3799501964822] 48.4037555982359
[24.3969011968002] 46.8080829959654
[24.4132384965196] 45.2390818696294
[24.4298635972664] 43.6968986085849
[24.4465693971142] 42.1813192435366
[24.4623132972047] 40.6926953990769
[24.4795089969411] 39.2307455260307
[24.4964850964025] 37.7956060321303
[24.5134442960843] 36.3871430049476
[24.5305090965703] 35.0054240245372
[24.5471543958411] 33.6504490908992
[24.5626489957795] 32.3222795457405
[24.5802145963535] 31.0208515520499
[24.5965626956895] 29.7461651098274
[24.6138197956607] 28.4982202190731
[24.6302599953488] 27.277016879787
[24.646815395914] 26.082555091969
[24.6638152962551] 24.9148348556191
[24.6792483963072] 23.7739087791415
[24.6961513962597] 22.6597217589442
[24.7135740965605] 21.5722236817528
[24.7296479959041] 20.511516021681
[24.7469682954252] 19.4775950360345
[24.7624045955017] 18.4704569822934
[24.7802302958444] 17.4900529948063
[24.7964663961902] 16.5362953220319
[24.8124296953902] 15.6094045902428
[24.8300299951807] 17.9797725315439
[24.8457892956212] 20.3680537881155
[24.8628030950204] 19.3378017193463
[24.8800765955821] 18.3343324112939
[24.8969397963956] 17.357552217436
[24.9138484960422] 16.4075085847871
[24.9292739965022] 15.4842439703934
[24.9463241957128] 14.5876516078788
[24.9632320962846] 13.717896959286
[24.9802936967462] 12.8748545247363
[24.9960323963314] 12.0585636426695
[25.0139266960323] 11.2690043320181
[25.0296321958303] 10.5061765927821
[25.0468574967235] 9.77008042496163
[25.0636626966298] 9.06071582855657
[25.0797662958503] 8.37808280356694
[25.0957586951554] 7.7221822869615
[25.1132857948542] 7.09301236582181
[25.1290947943926] 6.49056027199461
[25.1462501939386] 5.91485411738088
[25.1635317932814] 5.3658795341826
[25.179052493535] 4.84363652239975
[25.1964727928862] 4.34812508203234
[25.2133007934317] 3.87934521308037
[25.2296666940674] 3.43729691554384
[25.2460700934753] 3.02198018942275
[25.2634664932266] 2.6333950347171
[25.2801819937304] 2.27154145142688
[25.2968031940982] 1.93641967415039
[25.3127888934687] 1.62802921420059
[25.3299239939079] 1.34637052128357
[25.3470882931724] 1.09144318467418
[25.3634845940396] 0.863247419480217
[25.3791524944827] 0.66178336284765
[25.3963532941416] 0.487050838649594
[25.4125962937251] 0.339049846886049
[25.4302437929437] 0.217780466231609
[25.4460777929053] 0.123242386682336
[25.4636458931491] 0.0554358875810852
[25.4795035934076] 0.014361231956408
[25.4963900940493] 5.26941979866983E-06
[25.5137772941962] 0.0124076688904045
[25.5296462951228] 0.051529209062235
[25.5466783950105] 0.117382509792385
[25.5632958943024] 0.209967721420854
[25.57940869499] 0.329284757841492
[25.5962541950867] 0.475332805433171
[25.6129780942574] 0.1570113924586
[25.6301915934309] 0.00534484241850919
[25.6459863940254] 0.0356147673342093
[25.6626465944573] 0.0926163652747665
[25.6798477945849] 0.176349770093724
[25.6967831952497] 0.286814766821408
[25.7128932951018] 0.424010663973862
[25.7296427944675] 0.58793744005613
[25.7464071949944] 0.778597910729736
[25.7636243952438] 0.995987404435283
[25.7794436952099] 1.24010980838196
[25.7956172944978] 1.51096378374407
[25.8127762945369] 1.80854933052163
[25.8301513949409] 2.13286644871462
[25.8461982952431] 2.48391513832306
[25.86301999446] 2.86169539934693
[25.8798505952582] 3.26620723178624
[25.896316495724] 3.69745063564099
[25.9131190953776] 4.15542561091118
[25.9299230957404] 4.64013215759681
[25.9467929964885] 5.15157027569788
[25.9623976964504] 5.68973916094546
[25.9795110970736] 6.25464038289647
[25.9961012974381] 6.84627317626291
[26.0127932969481] 7.46463754104479
[26.0293971970677] 8.10973347724212
[26.0465931966901] 8.78156098485488
[26.0638048965484] 9.48012006388308
[26.0795248970389] 10.2054107143267
[26.0962609965354] 5.48842593215522
[26.1137021966279] 2.04374949189858
[26.129478296265] 2.38766617117929
[26.1462879963219] 2.75831634997215
[26.1636596955359] 3.15569810018044
[26.1793251950294] 3.57981652538868
[26.1960945948958] 4.0306617302754
[26.2138562947512] 4.50824423386078
[26.2291491944343] 5.01255289342592
[26.2461516950279] 5.54359233053401
[26.2630269955844] 6.10136409394909
[26.2803093958646] 6.6858674287796
[26.2969088964164] 7.29710233502556
[26.3124430961907] 7.93506881268695
[26.329705895856] 8.59976686176378
[26.3471352960914] 9.29119648225605
[26.3636690955609] 10.0093576741638
[26.379470994696] 10.7542504374869
[26.3974361941218] 11.5258747722255
[26.4127331944183] 12.3242306783795
[26.4299579942599] 13.149318155949
[26.4457606943324] 14.0011573912416
[26.4627785934135] 14.8797294453543
[26.4796348931268] 15.7850771857848
[26.495947192423] 16.7171161249571
[26.5136080915108] 17.6759559265629
[26.5298417909071] 18.6615322893776
[26.54705419112] 19.6738930708962
[26.5634963912889] 20.7129438036354
[26.5790333915502] 21.7788318027742
[26.5958798918873] 22.8714097531338
[26.61368429102] 23.9907796075859
[26.6292393906042] 25.1368369180709
[26.6460460899398] 26.3096332848363
[26.6636423906311] 23.4567975440295
[26.6779644908383] 20.5174780678935
[26.6972580915317] 21.5783880512463
[26.7132835919037] 22.6659882180684
[26.728935492225] 23.7803274411708
[26.745925991796] 24.921459583682
[26.7631759913638] 26.0892781669099
[26.7802566913888] 27.2838921647344
[26.7964101908728] 28.5051901080878
[26.8124947911128] 29.7532859612256
[26.8296708902344] 31.0280632647045
[26.8469511894509] 32.3295796244638
[26.8624318893999] 33.65789763676
[26.8796184901148] 35.0130210444622
[26.8969611898065] 16.1054277337389
[26.9125115899369] 4.3631241920998
[26.9294258905575] 4.85945238905518
[26.9469953896478] 5.38252553899841
[26.9622558895499] 5.93233026035708
[26.9797981902957] 6.50886655313118
[26.9956390894949] 7.11213441732073
[27.0137601885945] 7.74213385292572
[27.0293520884588] 8.39886388278683
[27.0457935882732] 9.08232642224175
[27.0627979887649] 9.79252053311211
[27.0803376892582] 0.254722640288422
[27.0970202898607] 4.40025221976524
[27.1124853901565] 3.92859087951277
[27.1294489894062] 3.48366111067574
[27.1457535885274] 3.06546291325415
[27.1633327882737] 2.673996287248
[27.1804448887706] 2.30926123265729
[27.1963186878711] 1.97125774948202
[27.2129657883197] 1.65998583772219
[27.2298046890646] 9.86907723371405
[27.2467911895365] 30.0873293173499
[27.2637233901769] 28.832229853404
[27.2804653905332] 27.6038694457384
[27.2958854902536] 29.3654187773354
[27.3128676898777] 31.0201905203285
[27.329872790724] 29.7455178019591
[27.3470958899707] 28.4976442333136
[27.36274969019] 27.2764533702575
[27.3791569899768] 26.0820040586696
[27.3959725908935] 24.9142962985497
[27.4133402910084] 23.7733826977201
[27.4298339914531] 22.6592081531708
[27.4457823913544] 21.5717225522094
[27.4636657908559] 20.5110273677856
[27.479223690927] 19.4771188572049
[27.4966196902096] 18.4699932779477
[27.5124334897846] 17.4896017649444
[27.5291286893189] 16.535856567818
[27.5458556897938] 15.6089783099305
[27.5631232894957] 14.7087902431376
[27.5803193897009] 13.8353362425987
[27.5963129904121] 12.9886746364718
[27.6127272900194] 12.1687245353314
[27.6292178891599] 11.3755060056064
[27.6460297890007] 10.6090190472969
[27.663345489651] 9.86924671244924
[27.679981989786] 9.15620719642175
[27.6956692896783] 8.4699161997487
[27.712911689654] 7.81037279364867
[27.7268280899152] 18.1099012787436
[27.7603654898703] 19.9547591955634
[27.7759607899934] 18.9351965559472
[27.793643290177] 17.9422765766503
[27.8091278905049] 16.9761401090072
[27.8261407902464] 16.0367834104982
[27.8431367902085] 15.1240978375499
[27.8603900903836] 14.2382518557206
[27.876063589938] 13.379078246915
[27.8935841908678] 12.5466781699288
[27.9101286912337] 11.7410293971261
[27.9257518909872] 10.9621121957389
[27.9429713916034] 10.2099093277939
[27.9599716924131] 9.4844558929326
[27.975789392367] 8.78571803891828
[27.9928026925772] 8.11372837058298
[28.0097301919013] 7.46845645194665
[28.0265895910561] 6.84994463062597
[28.0427959915251] 6.25814963755604
[28.0599740911275] 5.69307334382214
[28.0771433915943] 6.2158715209853
[28.0939450915903] 6.80866518046517
[28.1093259919435] 6.21869636660907
[28.1266761925071] 5.6554591241684
[28.1433434933424] 5.11895345314318
[28.1595330927521] 4.60919093562919
[28.1771506927907] 4.12614778373975
[28.1928455922753] 3.66984137062403
[28.2098534926772] 3.24026104971793
[28.2263269927353] 2.83741230022727
[28.242806693539] 2.46129089033641
[28.2592343930155] 2.11190559552418
[28.2769983932376] 1.78925209763481
[28.292576293461] 1.49332992616298
[28.3103808937594] 1.22413932610659
[28.3266839934513] 0.981677624891127
[28.3424746943638] 0.765949446696254
[28.3600709950551] 0.576952984729473
[28.376308995299] 0.414688568872679
[28.3926817951724] 0.2791559332713
[28.4105017958209] 0.170355733408087
[28.4263698952273] 0.0882869463037554
[28.4426733953878] 0.0329498036590263
[28.4596707960591] 0.00431902730316525
[28.4759238967672] 0.00251595342170008
[28.492755596526] 0.0273090446419428
[28.5097179962322] 0.00248834654124511
[28.5263667954132] 0.00203766066559297
[28.5431293947622] 0.0048218732339658
[28.5594095950946] 0.034243914093246
[28.5771947959438] 0.090397729259593
[28.593477695249] 0.173283281495104
[28.609177694656] 0.282900139034654
[28.6267911950126] 0.419248950047411
[28.6438209945336] 0.582329018634489
[28.6599101936445] 0.772140658637007
[28.6763129932806] 0.988686552149609
[28.6934794941917] 1.23196164683055
[28.7102855937555] 1.50196500713719
[28.726394594647] 1.79870293280147
[28.7435339940712] 2.1221721842885
[28.7594234934077] 2.47237323329318
[28.7763531925157] 2.8493058537133
[28.7932911934331] 3.25297004554886
[28.8111193934456] 7.82384279796133
[28.8441444933414] 4.62434044841939
[28.8605421930552] 5.13493030222162
[28.876474192366] 5.67225172743929
[28.8926171921194] 6.2363047240724
[28.9092739913613] 5.79447575746599
[28.9259924907237] 5.22042603392083
[28.9434810914099] 5.7620945769595
[28.9634429905564] 13.2561118240701
[28.9731410909444] 7.54748038994148
[29.0143670924008] 8.19607213709969
[29.0296729924157] 8.87139545567334
[29.0475677931681] 9.57345034566242
[29.0627437932417] 10.3022368070669
[29.0798776941374] 11.0577548398869
[29.0968360947445] 11.8400044441223
[29.1127239940688] 12.6489856197732
[29.1296264948323] 13.4846983668394
[29.1464304951951] 14.3471631195353
[29.1630779961124] 15.2363817489895
[29.180249796249] 16.1523127630353
[29.1970601966605] 17.0950435120612
[29.2129212962463] 18.0645566806488
[29.23134789709] 39.144513632782
[29.2634425954893] 21.1334313220577
[29.2808772949502] 22.2099490691908
[29.298141294159] 41.9397745539391
[29.3304944951087] 21.5346050490625
[29.3458959953859] 22.6211661613779
[29.3627362949774] 23.7344162604131
[29.3795821955428] 24.8744592280418
[29.3972161961719] 26.0411886872025
[29.4133405955508] 27.2347135101445
[29.4303230950609] 28.4549223294307
[29.4473828943446] 29.7018702049972
[29.4635075936094] 30.9756171870977
[29.4807129940018] 32.276167018601
[29.4962621936575] 33.603335805703
[29.5139426933601] 34.9573074422078
[29.5300212940201] 36.3379555894353
[29.5470256945118] 37.745475369622
[29.5633175941184] 39.1797391965811
[29.5796871939674] 40.6407470703125
[29.5970375938341] 42.1284989908163
[29.6135536944494] 43.6430662372441
[29.6297732936218] 45.1843074989738
[29.6464205933735] 46.7522190329619
[29.6638047927991] 45.8302757798519
[29.6796716926619] 44.5590557414398
[29.6966435918584] 46.1163206307974
[29.7130133910105] 47.7002575435909
[29.7294945912436] 49.3109385031566
[29.7464218912646] 50.9483635094948
[29.7639384912327] 34.9680893160694
[29.7795006912202] 21.7170866284509
[29.7969865910709] 22.808140101959
[29.8143120910972] 23.9259791229852
[29.829534990713] 25.0705056714651
[29.8467919901013] 5.82854955155199
[29.8630424905568] 0.0237471882191347
[29.8814120907336] 50.8067062725968
[29.9136131908745] 39.7137306828809
[29.9294842910022] 38.2697018750769
[29.9472117908299] 36.8523491192609
[29.963966390118] 35.4617404102173
[29.9804483894259] 34.0979387520638
[29.9967005886137] 43.1376007916697
[30.0139449890703] 52.9508525112469
