[0.0199999995529652] 255.060010910034
[0.0399999991059303] 255.033277438928
[0.0902283992618322] 1273.82998495013
[0.131281898356974] 254.311815196459
[0.147011598106474] 254.098274871697
[0.163143098820001] 253.858248997782
[0.169160998892039] 253.591859196806
[0.190706198569387] 253.299273868587
[0.2095603980124] 252.980722223987
[0.221281997859478] 252.636489607143
[0.241573898121715] 252.266936206555
[0.256421798374504] 251.872501732858
[0.276944398414344] 251.453728807688
[0.291839099023491] 251.011258285908
[0.305781598668545] 250.545852644472
[0.326808799058199] 250.05840533797
[0.341820299159735] 249.549936120854
[0.357370099052787] 249.021633147398
[0.372440398670733] 248.474824905052
[0.392743598669767] 247.911022314408
[0.407895398326218] 247.331900018098
[0.428054898511618] 246.739305736349
[0.443043498788029] 246.135278978068
[0.457756099291146] 245.522027651978
[0.472378598991781] 244.901942099942
[0.492681599222124] 244.277581063637
[0.505692799109966] 243.651662329016
[0.52769269887358] 243.027053370758
[0.541190698742867] 242.406752641176
[0.557032598182559] 241.793866181359
[0.577525897882879] 241.191593587848
[0.59315959783271] 240.603190590458
[0.60733669763431] 240.031945663412
[0.626086498145014] 239.481133247617
[0.64083849824965] 238.954009072886
[0.655960898380727] 238.45373531358
[0.677585798781365] 237.983385266376
[0.691916498821229] 237.545859150364
[0.707292798906565] 237.143893462584
[0.727719198446721] 236.779986133672
[0.744611598085612] 236.456387172305
[0.758258598390967] 236.1750659208
[0.77293099835515] 235.937678310701
[0.795927598606795] 235.745548151688
[0.809656098950654] 235.599648420487
[0.825346598867327] 235.500591905324
[0.839661798905581] 235.448626528155
[0.8620640989393] 235.443621311342
[0.877854099031538] 235.463230534593
[0.892568599432707] 235.538056187055
[0.907086299266666] 235.579739819781
[0.923166399821639] 235.636298769764
[0.942883499898016] 235.737787726742
[0.957945599686354] 235.878289308222
[0.972747900057584] 236.053630940935
[0.993927699979395] 236.261272594295
[1.00904820021242] 236.499198148257
[1.02274640044197] 236.765499071551
[1.03882390027866] 237.058243444043
[1.05883590038866] 237.375401112372
[1.07513820007443] 237.71488111213
[1.0902333999984] 238.074456823502
[1.10556379938498] 238.4518969489
[1.12717409944162] 238.844853246417
[1.14074989920482] 239.250972796373
[1.16148539865389] 239.667898001318
[1.17493419861421] 240.09323851939
[1.18990829866379] 240.524632075364
[1.20853799907491] 240.959735105106
[1.22422439884394] 241.396246144438
[1.24470459902659] 241.831929217998
[1.2592078987509] 242.26459045038
[1.27397729922086] 242.692124843858
[1.28895809967071] 243.112483533981
[1.31097579933703] 243.523734600613
[1.32451219949871] 243.924002256895
[1.33999469969422] 244.311537015827
[1.3607401996851] 244.684682945865
[1.37666019937024] 245.041868315377
[1.39083159947768] 245.381643014816
[1.40559789910913] 245.702650490095
[1.42602149909362] 246.003655809214
[1.44233509898186] 246.28351759563
[1.45720379892737] 246.54120206157
[1.4737291992642] 246.77577365249
[1.49048299947754] 246.986427791483
[1.50758159998804] 247.172411357139
[1.52714620064944] 247.333003972461
[1.54212480084971] 247.467691082447
[1.55939450068399] 247.575611976918
[1.5763350003399] 247.657510421735
[1.59453150024638] 247.713171239355
[1.61083389958367] 247.742023741505
[1.62612579995766] 247.744030506003
[1.64211020013317] 247.718555355758
[1.65829779999331] 247.66629995668
[1.67455240013078] 247.58750755295
[1.68909080000594] 247.482505588658
[1.70605519926175] 247.351701030031
[1.72862929943949] 247.195617787614
[1.74489009892568] 247.014840582997
[1.76084459898993] 246.810099148725
[1.77834769943729] 246.582057728524
[1.79655049880967] 246.331605099213
[1.81139889918268] 246.059723593061
[1.82745929947123] 245.767470386705
[1.84252639906481] 245.455926045643
[1.85909489961341] 245.126924256782
[1.8741981992498] 244.781288308121
[1.89208599925041] 244.42045895366
[1.90792389912531] 244.045998569486
[1.92561359936371] 243.659530342735
[1.94142419891432] 243.262714882722
[1.95752919837832] 242.857329743083
[1.97308169864118] 242.445199255179
[1.99529959866777] 242.028217916961
[2.01286049885675] 241.60830829302
[2.02761219907552] 241.187491181171
[2.04384659929201] 240.767792057002
[2.05883219931275] 240.351269140511
[2.07571989903226] 239.939999362788
[2.09115239884704] 239.536064332692
[2.10778339859098] 239.141550336859
[2.12453169934452] 238.758510917513
[2.14028769917786] 238.388962194697
[2.15598129946738] 238.034868832955
[2.17825719993562] 237.698144041331
[2.19581570010632] 237.38062150673
[2.21192359924316] 237.084013293969
[2.22825219901279] 236.809965979047
[2.2443176987581] 236.559976449235
[2.26049439888448] 236.335405936394
[2.27577189914882] 236.137470661433
[2.29207509895787] 235.967237156532
[2.30700549902394] 235.826239731143
[2.32246809918433] 235.710651967181
[2.34533199947327] 235.630750931316
[2.35943499952555] 235.572765260653
[2.37706020008773] 235.543618058822
[2.39119999948889] 235.541442894506
[2.40768339950591] 235.56023350753
[2.42209889926016] 235.626335113866
[2.4441324993968] 235.700641533556
[2.46101119881496] 235.8075379958
[2.47598009835929] 235.933608648433
[2.49181849882007] 236.077768248181
[2.50626739859581] 236.24478344545
[2.52301429864019] 236.428741535517
[2.5433689984493] 236.62944605193
[2.55950619885698] 236.845465596235
[2.57615399826318] 237.075733636251
[2.59466199763119] 237.318907651208
[2.61090799700469] 237.573532853788
[2.62601599702612] 237.838056223447
[2.64193399669603] 238.110915384098
[2.65748409647495] 238.390524570787
[2.67561519611627] 238.675279307469
[2.69076329609379] 238.963593829194
[2.70604179659858] 239.253887048779
[2.72753829602152] 239.544619979001
[2.7429605955258] 239.834244277087
[2.75867049535736] 240.121272411313
[2.77472649514675] 240.404258949907
[2.78996969526634] 240.68181459437
[2.80703819543123] 240.952582790614
[2.82381309568882] 241.215281828912
[2.8396377954632] 241.46870016613
[2.8570131957531] 241.711673036859
[2.87226559594274] 241.943054386783
[2.88985119573772] 242.161815105903
[2.91257159598172] 242.367038350766
[2.92835549544543] 242.557844700098
[2.94368139561266] 242.733466999176
[2.95971349580213] 242.893334559725
[2.97591439587995] 243.036820560201
[2.99141529621556] 243.163377701197
[3.00821259571239] 243.272220116894
[3.02354319533333] 243.363553629292
[3.0393813950941] 243.437088216483
[3.06290949555114] 243.492239156876
[3.07878959551454] 243.528838050653
[3.09483949607238] 243.546786664588
[3.11146739590913] 243.545996120998
[3.12814449612051] 243.525909764929
[3.13908659573644] 243.487860761608
[3.16211449541152] 243.431442144807
[3.17759439582005] 243.356915869799
[3.19518399564549] 243.264637447311
[3.20958919590339] 243.154999810251
[3.22524419566616] 243.028503480301
[3.23970929579809] 242.885677045779
[3.25703879538924] 242.727156683774
[3.27275749528781] 242.553606638012
[3.29570429539308] 242.365794063222
[3.31278569577262] 242.164523536309
[3.32803849549964] 241.950683834093
[3.34544059587643] 241.725201155572
[3.35919809620827] 241.489090577425
[3.37689609546214] 241.243385887426
[3.39129739580676] 240.989214428801
[3.4073489960283] 240.727726933637
[3.43040209589526] 240.460120911754
[3.4450671961531] 240.187654684012
[3.46236199699342] 239.911609960137
[3.47808349691331] 239.633324583129
[3.49488239688799] 239.354108329349
[3.51020019687712] 239.075355175069
[3.52710069715977] 238.798440385468
[3.54125029733405] 238.524748581273
[3.55865929694846] 238.255664383209
[3.57341199694201] 237.992572412003
[3.59084639744833] 237.736838577287
[3.60714659746736] 237.489786688745
[3.6239381977357] 237.25271716719
[3.6395422979258] 237.02689301126
[3.6608112975955] 236.813516408543
[3.6768668978475] 236.61373809113
[3.69216889794916] 236.428615235654
[3.7093773977831] 236.259158241025
[3.72366369795054] 236.106251206286
[3.74076619837433] 235.969842675938
[3.7558172987774] 235.851911347842
[3.77854459872469] 235.745903662415
[3.79553719935939] 235.659636177874
[3.81150159938261] 235.591939451041
[3.82724859984592] 235.542963170641
[3.84264399949461] 235.512861703174
[3.85873159952462] 235.501789415141
[3.87368429917842] 235.509166262724
[3.8905195989646] 235.528120597794
[3.91270909877494] 235.569832297156
[3.92828679876402] 235.608002922568
[3.94363109907135] 235.663640351324
[3.95920769870281] 235.733423364792
[3.97519419901073] 235.816500608336
[3.98993469914421] 235.912161060502
[4.00599959865212] 236.0197170887
[4.02773799886927] 236.137578250205
[4.04353429889306] 236.267339665515
[4.05730729876086] 236.405245083135
[4.07351099886] 236.551294503063
[4.09608309855685] 236.704692703937
[4.11102339811623] 236.864541553396
[4.12610109802336] 237.029905496893
[4.14074609847739] 237.199853657658
[4.15588759863749] 237.373399025647
[4.17809769930318] 237.549573301905
[4.19547379948199] 237.727403509707
[4.21038209972903] 237.905916672326
[4.22672019992024] 238.08414449081
[4.24213449982926] 238.261123343976
[4.25872439984232] 238.435941066145
[4.27431980008259] 238.607666780545
[4.29063510010019] 238.775425743676
[4.30564570007846] 238.938371278676
[4.32215330004692] 239.095670742001
[4.34665580000728] 239.246556978924
[4.36173040000722] 239.390276868036
[4.37799169961363] 239.526147454521
[4.39301769947633] 239.653513850198
[4.41034239996225] 239.771683744702
[4.4257785002701] 239.880105160854
[4.44250590028241] 239.978282254745
[4.45734610036016] 240.065765960193
[4.47399829979986] 240.141910744563
[4.49019809952006] 240.2065715969
[4.50730609940365] 240.259973050295
[4.52651100000367] 240.301623938612
[4.54139739973471] 240.331365217579
[4.55860309954733] 240.349079942877
[4.57343859924003] 240.354707303462
[4.58993739914149] 240.348256654878
[4.6065026987344] 240.329218119899
[4.62391399871558] 240.298648875161
[4.64078779798001] 240.256240187663
[4.65692899748683] 240.202211912723
[4.67482439801097] 240.13685407225
[4.69027779810131] 240.060480077017
[4.70855269860476] 239.973468826614
[4.724079398904] 239.876245998359
[4.7416249983944] 239.769288725069
[4.75822239788249] 239.653111561744
[4.77561399852857] 239.528294552201
[4.79132839851081] 239.395422418031
[4.8069108990021] 239.255164080732
[4.82232069876045] 239.108207172896
[4.84481869917363] 238.955258038203
[4.86274069920182] 238.797074475834
[4.87805089913309] 238.634437673833
[4.88873319886625] 238.468166242427
[4.91249199863523] 238.299078791843
[4.92219489905983] 238.128031354488
[4.94620309909806] 237.955870607225
[4.96153659932315] 237.783485326872
[4.97836479917169] 237.611745579154
[4.9934472986497] 237.441535463116
[5.00994789926335] 237.273729722258
[5.02505909930915] 237.109189066759
[5.04112329985946] 236.948778884574
[5.05618759989738] 236.793322463702
[5.07309959968552] 236.643652447687
[5.09573329985142] 236.500540669028
[5.1120146997273] 236.364721538043
[5.12927369959652] 236.23694817614
[5.14476749952883] 236.117852082637
[5.16037479927763] 236.008083467941
[5.17531569860876] 235.908208342552
[5.19190359860659] 235.818731905924
[5.20715999836102] 235.740140646421
[5.22434659814462] 235.672280197542
[5.24587279837579] 235.616212413695
[5.26157549815252] 235.570501218655
[5.27760359784588] 235.536802543966
[5.29355599824339] 235.514279068309
[5.31053049769253] 235.503141291458
[5.32640989776701] 235.503379857867
[5.34274749737233] 235.515008800854
[5.35738399717957] 235.537855042828
[5.37562809791416] 235.571071906928
[5.39089149748906] 235.616567924422
[5.40760899707675] 235.667766146865
[5.43029719730839] 235.725124995983
[5.444660496898] 235.788597694049
[5.46193099673837] 235.857903574699
[5.47797489678487] 235.932677771661
[5.49378459714353] 236.012489929845
[5.50888569746166] 236.096886305296
[5.52540009748191] 236.18539444297
[5.54025329696015] 236.27748575455
[5.5575909963809] 236.372650362807
[5.57216019649059] 236.470294190608
[5.58993219677359] 236.569958816224
[5.60686399694532] 236.670863051611
[5.6230726968497] 236.772497019544
[5.64613579679281] 236.874304065067
[5.66031639650464] 236.975662044408
[5.67665929626673] 237.076051724796
[5.69057019660249] 237.174911773504
[5.7077993969433] 237.271732313306
[5.72298289695755] 237.365966044792
[5.74042299762368] 237.457131157372
[5.76290399767458] 237.544736484911
[5.77813029801473] 237.628328283454
[5.79485649848357] 237.707443453502
[5.80953289847821] 237.781693739919
[5.82631489913911] 237.850620720979
[5.8414789987728] 237.913873563727
[5.8568298984319] 237.971120146299
[5.8786286986433] 238.022065769015
[5.88871969887987] 238.066448476602
[5.91075419867411] 238.104085835924
[5.92630669847131] 238.134865580435
[5.94213169859722] 238.158427521636
[5.95720699848607] 238.174645359663
[5.97252649907023] 238.183659427699
[5.99466579873115] 238.185170348288
[6.01206209883094] 238.179659932021
[6.02705329889432] 238.16745562299
[6.04406749876216] 238.148365632511
[6.0596782984212] 238.122263660722
[6.07637249818072] 238.089294718577
[6.09217059798539] 238.049617850348
[6.10894379764795] 238.003466944672
[6.12414139788598] 237.951071212412
[6.13997549796477] 237.892669219978
[6.15572389774024] 237.828560344822
[6.17247749818489] 237.759095419899
[6.18947779806331] 237.684634633709
[6.20587389776483] 237.605589630252
[6.22396699851379] 237.522358020208
[6.23922589793801] 237.435407580851
[6.2557648983784] 237.345168667269
[6.28039359906688] 237.252137123373
[6.29518349887803] 237.156804115297
[6.31217659963295] 237.059665486951
[6.3275462994352] 236.961240471106
[6.34487169981003] 236.862048300535
[6.35893959971145] 236.762612885782
[6.37645360035822] 236.663458137392
[6.39097870048136] 236.565126677002
[6.40812660008669] 236.468119026292
[6.42410439951345] 236.372945062489
[6.44007709994912] 236.280119340592
[6.45586590049788] 236.190114315647
[6.47213920066133] 236.103411798244
[6.49495550058782] 236.020465532336
[6.51007540104911] 235.94171522856
[6.52790750050917] 235.86756317537
[6.54211410041898] 235.798392950129
[6.5600744006224] 235.734564741336
[6.5758056002669] 235.676396637537
[6.59168659988791] 235.624202049505
[6.60831709997728] 235.578214865874
[6.62524579977617] 235.538668975282
[6.64201329974458] 235.5057748775
[6.65766469947994] 235.479668227938
[6.67413759976625] 235.460456615369
[6.69025320000947] 235.448186817519
[6.70779369957745] 235.442456545934
[6.72280549956486] 235.443925366569
[6.73959859926254] 235.451802735833
[6.76356549933553] 235.466247697999
[6.77805509930477] 235.486404220658
[6.79570159921423] 235.512291014902
[6.81114729959518] 235.543725647594
[6.82733139954507] 235.580525685599
[6.84267039969563] 235.62247595137
[6.85833749966696] 235.669323845182
[6.87326249945909] 235.72078870067
[6.89068569988012] 235.776575818153
[6.9062855001539] 235.836348397996
[6.92307850066572] 235.899746251698
[6.94693170115352] 235.966423224078
[6.95541710127145] 236.03597234891
[6.97200620127842] 236.108014726602
[6.99495680164546] 236.182138713156
[7.01221720222384] 236.257923309026
[7.02683380199596] 236.33495219244
[7.04415740212426] 236.412785652763
[7.0595093020238] 236.491007368221
[7.07766480231658] 236.569182305952
[7.09391880221665] 236.64687075532
[7.10923700220883] 236.723656394553
[7.1261339019984] 236.799118224105
[7.14241230208427] 236.87284927775
[7.15916640218347] 236.944447267034
[7.17484860215336] 237.013519259048
[7.1912617017515] 237.079714420838
[7.20640950137749] 237.142667886131
[7.22378390142694] 237.202061566383
[7.23881070129573] 237.257553984185
[7.25535160163417] 237.308864473173
[7.27778040198609] 237.355740433621
[7.29397320235148] 237.397905876938
[7.31021510297433] 237.435173692214
[7.3248258032836] 237.467328701906
[7.34111770289019] 237.494221217285
[7.36267560301349] 237.515706227397
[7.3723556031473] 237.531283210562
[7.39399250270799] 237.540531167233
[7.40957850264385] 237.54341267523
[7.4248621026054] 237.540919422369
[7.44099950231612] 237.533533219241
[7.4582357024774] 237.520898555119
[7.47593610268086] 237.503080918821
[7.49378860276192] 237.479855777256
[7.50945510296151] 237.45135410806
[7.52864870289341] 237.417730277734
[7.54579620296136] 237.379166719413
[7.55627550324425] 237.335878610643
[7.57293680356815] 237.288095162287
[7.5897916033864] 237.236083007391
[7.61261630291119] 237.180113456771
[7.62755500338972] 237.120504598974
[7.6441306034103] 237.057555811453
[7.65843550348654] 236.991603893845
[7.67565680341795] 236.92302774574
[7.69051130348817] 236.852168844546
[7.70653330348432] 236.7794154454
[7.7286068033427] 236.705151125664
[7.74488010350615] 236.629778173794
[7.75947830313817] 236.553698878242
[7.77520010294393] 236.477301494145
[7.7912938031368] 236.401007021048
[7.80678120348603] 236.325227102951
[7.82430050428957] 236.250340639443
[7.84013100434095] 236.176759274525
[7.85660330485553] 236.104871263333
[7.8790800049901] 236.035055505456
[7.89472280489281] 235.967676867167
[7.91154420468956] 235.903081503649
[7.92814240511507] 235.841615570081
[7.94491280522197] 235.783587799463
[7.95975410519168] 235.729316280342
[7.97619660524651] 235.679044256898
[7.99051390541717] 235.633043039949
[8.00661200517789] 235.591537162587
[8.02816350478679] 235.5547511579
[8.044370805379] 235.52283939239
[8.06047480506822] 235.49597962142
[8.076737804804] 235.474293467081
[8.09316690452397] 235.457860451508
[8.10922710457817] 235.446746063521
[8.12468550400808] 235.440973691982
[8.14079910377041] 235.440482525846
[8.46321279974654] 4715.82381634715
[8.48769659968093] 236.394392650419
[8.51021969970316] 236.462589898934
[8.52622779924423] 236.530160325904
[8.5404985989444] 236.596739065058
[8.55697569902986] 236.661970605667
[8.57223769882694] 236.725504114778
[8.58892919914797] 236.786984081664
[8.60451619885862] 236.846097095553
[8.62148429872468] 236.902501679035
[8.63722559856251] 236.955912487976
[8.65969249792397] 237.006053533783
[8.67574169812724] 237.052648827868
[8.69087959825993] 237.095445770502
[8.70871719811112] 237.134229184141
[8.72326029790565] 237.168793246784
[8.74032819783315] 237.198964880841
[8.75559199787676] 237.224580364267
[8.77225729776546] 237.245513397198
[8.78745929757133] 237.261656390862
[8.8037900980562] 237.272246868305
[8.82670189812779] 237.277224018481
[8.84293089760467] 237.277224018481
[8.86015909723938] 237.27297660085
[8.87409339705482] 237.264509832223
[8.88714879704639] 237.25185645701
[8.90866639697924] 237.234413042529
[8.92690079659224] 237.212273144235
[8.9430013964884] 237.185563061993
[8.95825069630519] 237.1544371623
[8.98043519631028] 237.119045133885
[8.98661379609257] 237.079606832065
[9.00911849550903] 237.036314045522
[9.02312079491094] 236.989424051756
[9.03975669434294] 236.939175417176
[9.06116929417476] 236.885839452599
[9.07699829386547] 236.829696824389
[9.09109969390556] 236.771060943318
[9.10692479368299] 236.710254575704
[9.12152749346569] 236.647581776774
[9.14316659327596] 236.583398057254
[9.15894859330729] 236.518026183463
[9.17363869352266] 236.451835699446
[9.18977549346164] 236.385168082611
[9.205409493763] 236.31836948814
[9.22153289383277] 236.251809460078
[9.24452729383484] 236.185834153606
[9.26058079348877] 236.120799079451
[9.2760811932385] 236.057045715022
[9.29194389283657] 235.99490150441
[9.30758969299495] 235.934707925022
[9.32257369300351] 235.876769032087
[9.33880159305409] 235.821407591921
[9.36078199278563] 235.768880882025
[9.37679159315303] 235.71948360208
[9.3921224931255] 235.673473029586
[9.40820719301701] 235.631064342088
[9.42367079295218] 235.592486750449
[9.44017459312454] 235.557936721124
[9.45552599290386] 235.527577976158
[9.47204719251022] 235.501550848732
[9.48855409258977] 235.479995672029
[9.80690578417853] 4476.01978580407
[9.8242539842613] 235.955435135954
[9.83902448415756] 236.012747207345
[9.86249678349122] 236.07137373287
[9.87659668317065] 236.130949846258
[9.89316258346662] 236.191162136737
[9.90762068331242] 236.251669126897
[9.92590608354658] 236.312152728193
[9.94187098322436] 236.372257429899
[9.95790978288278] 236.431669821241
[9.98012818302959] 236.490067135904
[9.99505798285827] 236.547103218704
[10.011109683197] 236.602497403278
[10.0260166837834] 236.655945634401
[10.0424995841458] 236.707153212389
[10.0488320840523] 236.755858181971
[10.0719786845148] 236.801775199011
[10.0937701845542] 236.844689085963
[10.1092868847772] 236.884356598646
[10.1254574852064] 236.920576592833
[10.1409430853091] 236.95315260207
[10.1573086855933] 236.981906870992
[10.172142685391] 237.006708421965
[10.1946233860217] 237.027421599578
[10.2087982860394] 237.043934137287
[10.2247184854932] 237.055530335865
[10.2392593855038] 237.062130673175
[10.2554605850019] 237.063725793674
[10.2793310848065] 237.061583373767
[10.2937141847797] 237.055740835637
[10.3100107847713] 237.046212212602
[10.3240220849402] 237.032403427527
[10.341074784752] 237.01441739141
[10.3555220849812] 236.992342981935
[10.3722948851064] 236.966297143419
[10.3884868854657] 236.936429564588
[10.4056419851258] 236.902894611944
[10.4277660856023] 236.865898107485
[10.443759385962] 236.825617806575
[10.4590970859863] 236.782282920078
[10.4743507858366] 236.736117981084
[10.4902092861012] 236.687380267093
[10.5109264864586] 236.636350444468
[10.5278318859637] 236.583271757391
[10.5418686857447] 236.528448261088
[10.5590875856578] 236.472160621924
[10.5734201855958] 236.414722250669
[10.5913059860468] 236.356437202553
[10.6061629862525] 236.297614210573
[10.6230842866935] 236.238562007729
[10.6446201861836] 236.179598682568
[10.6593846864998] 236.121042323633
[10.6752915866673] 236.063187630607
[10.6904089865275] 236.006366725352
[10.708300686907] 235.950855596459
[10.7230182872154] 235.896972332474
[10.7401079875417] 235.844974210895
[10.7615387877449] 235.795141898087
[10.7773270877078] 235.747737349322
[10.7934900876135] 235.703017842099
[10.8086826875806] 235.661193876191
[10.8258817875758] 235.622494662461
[10.8406890872866] 235.587111989591
[10.8572184871882] 235.555218935172
[10.8722494868562] 235.526983899022
[10.8888784870505] 235.502542536549
[10.9113177871332] 235.482002436527
[10.9228445868939] 235.4654758655
[10.9397873869166] 235.453014278968
[10.958333987277] 235.444687843523
[10.9773719864897] 235.440533981346
[10.9922743863426] 235.440533981346
[11.0087442859076] 235.44468316575
[11.0245617860928] 235.452930079059
[11.0411344859749] 235.465223265773
[11.0623403857462] 235.481483203755
[11.0784847862087] 235.501583593141
[11.0941042862833] 235.525412167387
[11.1099203866906] 235.552823915539
[11.1250333865173] 235.583636404459
[11.1416314868256] 235.617685912103
[11.1584545867518] 235.654757260925
[11.1732311868109] 235.694644628926
[11.1906822868623] 235.737109449697
[11.2053542872891] 235.781913156829
[11.2287636869587] 235.828784439504
[11.2437880868092] 235.87746134245
[11.2598615870811] 235.927686588167
[11.2748901871964] 235.979165476973
[11.2910697874613] 236.03160798696
[11.3073271871544] 236.084714740673
[11.3234672877006] 236.138200393978
[11.3404591879807] 236.191770247191
[11.3619539872743] 236.245124922858
[11.3721294873394] 236.297960365754
[11.3938838872127] 236.35000526506
[11.4088416867889] 236.400955565548
[11.4239894868806] 236.45055398972
[11.4403540864587] 236.498519871212
[11.4554191869684] 236.544614643616
[11.471963386517] 236.588566996112
[11.4961399869062] 236.630138362293
[11.5107137868181] 236.669122920159
[11.5286515867338] 236.705314847709
[11.5440639867447] 236.738513000718
[11.5604150868021] 236.768548979366
[11.575923286844] 236.795259061609
[11.5915567865595] 236.818507592038
[11.6069752867334] 236.838158915243
[11.6234314865433] 236.854138186862
[11.639080486726] 236.865753096531
[11.6614149864763] 236.872919444341
[11.6722621861845] 236.875613841429
[11.690289485734] 236.875052508702
[11.7098368857987] 236.871226090615
[11.7276255865581] 236.864176687123
[11.7453863867559] 236.853923009317
[11.7630390864797] 236.839922435559
[11.7744862861] 236.822259165761
[11.7919639856555] 236.801026755375
[11.8108505853452] 236.776337470948
[11.8299890845083] 236.748350356752
[11.8381014843471] 236.717201068196
[11.8613231838681] 236.683053327325
[11.8786241835915] 236.646094245048
[11.8918896834366] 236.606534321138
[11.9133939840831] 236.564584055366
[11.9231049842201] 236.520486691915
[11.9464473845437] 236.474462086103
[11.9609981845133] 236.426739448792
[11.9777983841486] 236.377613479665
[11.992076584138] 236.327332100676
[12.010308184661] 236.276147911551
[12.0262464848347] 236.224364967518
[12.0442411848344] 236.172231190531
[12.0585425850004] 236.120031924725
[12.0752958846278] 236.06805719201
[12.0978628848679] 236.016568947658
[12.1066179848276] 235.965861891351
[12.130115385633] 235.916169911725
[12.1469033858739] 235.867778352915
[12.1638711863197] 235.820939814649
[12.1777051859535] 235.775902218881
[12.1942874863744] 235.732894776474
[12.2081716861576] 235.692132664974
[12.2256314856932] 235.653849773017
[12.2470487854443] 235.618237889284
[12.2623061849736] 235.585456058048
[12.27879448561] 235.555686712445
[12.284853185527] 235.529084218974
[12.3062171852216] 235.505770199728
[12.3202763856389] 235.485866276795
[12.3436567853205] 235.469451972313
[12.3578615854494] 235.456620841737
[12.3751477850601] 235.44741498502
[12.3897415851243] 235.441867146571
[12.4060151847079] 235.440010070801
[12.422051884234] 235.441825046617
[12.4371882844716] 235.447288685156
[12.4606285840273] 235.456358886464
[12.4760489840992] 235.46896548395
[12.4918011841364] 235.485028955478
[12.5068190842867] 235.504437034502
[12.5224929843098] 235.527086810022
[12.537389584817] 235.552819237766
[12.5533601846546] 235.581493984552
[12.5757560851052] 235.612933295017
[12.5923751853406] 235.646959413798
[12.6072875852697] 235.683371196666
[12.6226735855453] 235.721953466078
[12.6381429857574] 235.762491044487
[12.6534765856341] 235.804754721031
[12.6702547855675] 235.8485059293
[12.6925530857407] 235.893492069568
[12.70952208573] 235.939455864335
[12.7253986857831] 235.986158747192
[12.7423264859244] 236.033310696231
[12.7570158857852] 236.080668467269
[12.772881985642] 236.127970105034
[12.7879585856572] 236.174944298709
[12.8035461860709] 236.221357159658
[12.8275332865305] 236.266928021516
[12.8420109865256] 236.311427673421
[12.859391186852] 236.354603515646
[12.8736034869216] 236.396216981781
[12.8869478870183] 236.436057572055
[12.9097056877799] 236.473910108922
[12.9272082871757] 236.509559414837
[12.9428476872854] 236.54281837889
[12.9588042874821] 236.573523279038
[12.9743847874925] 236.601505715461
[12.9811766874045] 236.626601966115
[13.0117403869517] 236.64870912
[13.026049786713] 236.667691521706
[13.0425119865686] 236.683460293552
[13.0575694865547] 236.695921880083
[13.0739701865241] 236.704449459756
[13.0901085864753] 236.709005610387
[13.1062573869713] 236.709557587568
[13.1218526870944] 236.707256123389
[13.1385707873851] 236.702115251167
[13.1620328873396] 236.694167715313
[13.1766490871087] 236.683455615779
[13.1939242868684] 236.669459719795
[13.2080596871674] 236.652268905041
[13.2234281874262] 236.631962693655
[13.2388219875284] 236.608672063272
[13.2551120873541] 236.582504602664
[13.2788438871503] 236.553628711651
[13.2935682870448] 236.522184723413
[13.3101919870824] 236.488341037769
[13.3242467870004] 236.452294121173
[13.3411489878781] 236.414240440079
[13.3573451880366] 236.374371783169
[13.3751644873992] 236.332917361306
[13.3896060874686] 236.29008299649
[13.406923587434] 236.246116610675
[13.4223215873353] 236.201256770271
[13.4393840874545] 236.155723330594
[13.4626752878539] 236.109773569146
[13.4716708878987] 236.063641374561
[13.4941344885156] 236.017584024339
[13.5093059879728] 235.971835407117
[13.5261136884801] 235.92666215594
[13.5404128888622] 235.882279448354
[13.557966388762] 235.838921172993
[13.5716717885807] 235.796825896267
[13.588203788735] 235.756222829039
[13.6119347885251] 235.717303759992
[13.626487288624] 235.680288544442
[13.6454321891069] 235.645354937754
[13.6606668890454] 235.612685373063
[13.677638289053] 235.582466961278
[13.6915046889335] 235.554844713355
[13.7082546884194] 235.529944929155
[13.7228660886176] 235.507893908543
[13.7404188890941] 235.488808595837
[13.75546968868] 235.472773190946
[13.773054888472] 235.459876571551
[13.7952354885638] 235.450146804289
[13.8107978883199] 235.443654055751
[13.8263851883821] 235.440398325937
[13.8414330878295] 235.440403003709
[13.8575932872482] 235.443640022433
[13.8728360873647] 235.450104704335
[13.8917718878947] 235.459712849506
[13.9057411877438] 235.472417680219
[13.9231273876503] 235.488116285474
[13.9390408876352] 235.506733820908
[13.9549537873827] 235.528158019975
[13.9781535877846] 235.552234516176
[13.993066187948] 235.578827654101
[14.0100214877166] 235.607797100568
[14.0244484879076] 235.638965100216
[14.0425847871229] 235.67213986436
[14.0572161870077] 235.707152993185
[14.0734957866371] 235.743784631371
[14.0898588867858] 235.781842990238
[14.1062599867582] 235.821080147831
[14.1218530861661] 235.861308993241
[14.1437060860917] 235.902300315604
[14.1596632860601] 235.943815548512
[14.174401185941] 235.985620803329
[14.1908880858682] 236.027482191419
[14.2051701857708] 236.069179857463
[14.2217935849912] 236.110489268372
[14.2445085849613] 236.151157824418
[14.2604610850103] 236.190993736919
[14.2762961848639] 236.229758439466
[14.2924416847527] 236.267250787834
[14.3088305853307] 236.303260282248
[14.3234007852152] 236.337609167346
[14.3400501850992] 236.370110332219
[14.3621168853715] 236.400567310412
[14.3723418852314] 236.428825735426
[14.3936758851632] 236.454754629625
[14.4101837854832] 236.478199626508
[14.4258649852127] 236.499053137303
[14.4415934854187] 236.517184184373
[14.4574748850428] 236.532517923356
[14.4732595849782] 236.544960798797
[14.4886349844746] 236.55391873356
[14.5108247846365] 236.55934962769
[14.5277396850288] 236.561216059006
[14.5429300847463] 236.560584559689
[14.5594297843054] 236.557464485283
[14.5748581844382] 236.551883902426
[14.5902719846927] 236.543861522207
[14.6069750846364] 236.532910856265
[14.6230052839965] 236.51910207119
[14.6456321845762] 236.502486622481
[14.6601408841088] 236.483176776684
[14.6760444841348] 236.461280122572
[14.6912266840227] 236.436913604463
[14.7093887836672] 236.41020352222
[14.7244986835867] 236.381308920116
[14.74135198351] 236.35038416465
[14.7570764832199] 236.317583622323
[14.7731330837123] 236.283113115134
[14.7896438841708] 236.247122331811
[14.8053319840692] 236.209835805443
[14.821543184109] 236.171435969168
[14.843036683742] 236.132133322757
[14.8608609833755] 236.092147721529
[14.875995783601] 236.051689665256
[14.8918981836177] 236.010964975937
[14.9082824834622] 235.970193508892
[14.9235334829427] 235.929604474983
[14.9402664829977] 235.889399018437
[14.9565325831063] 235.849806350117
[14.9713716832921] 235.811018258706
[14.9939776835963] 235.77325459952
[15.0113369831815] 235.736697805698
[15.0257434831001] 235.701549021464
[15.0415682829916] 235.668000035501
[15.056254283525] 235.636209892082
[15.0740162832662] 235.60635634657
[15.0899587827735] 235.578575054374
[15.1053127832711] 235.553034415311
[15.1283419830725] 235.529842018155
[15.1429016827606] 235.509119484997
[15.1594220828265] 235.490974404608
[15.1751023828983] 235.475481621352
[15.1925842827186] 235.462734690685
[15.206785782706] 235.452780390332
[15.2237253831699] 235.445660820249
[15.2380712833256] 235.441394691527
[15.2552107833326] 235.440010070801
[15.2795317834243] 235.441497602526
[15.2947635836899] 235.445829220067
[15.3112288834527] 235.452972179014
[15.326578584034] 235.462879701639
[15.3426945838146] 235.475486299125
[15.3575847838074] 235.490698416017
[15.3745580837131] 235.508441207952
[15.3885794836096] 235.528593052838
[15.4067750838585] 235.551041684132
[15.4229610841721] 235.575651446422
[15.4390697842464] 235.602286684302
[15.4615873838775] 235.630764964634
[15.4754252838902] 235.660945954236
[15.4921113839373] 235.692661253292
[15.5059253843501] 235.725709717573
[15.5221984842792] 235.759913591717
[15.5437036845833] 235.795085764814
[15.5598909845576] 235.831025092638
[15.5747537845746] 235.867525753188
[15.5918373842724] 235.904377246693
[15.6074292846024] 235.941392462242
[15.6233202847652] 235.978356222292
[15.639105184935] 236.015072060387
[15.6549429846928] 236.051329476756
[15.6789548848756] 236.086922649398
[15.6930445847102] 236.121669145178
[15.7093829843216] 236.155386530958
[15.7237116843462] 236.187883018059
[15.7398900846019] 236.218985528888
[15.7620996842161] 236.248525663627
[15.7768462845124] 236.276330344687
[15.7940164846368] 236.302282627749
[15.8087612846866] 236.326214112995
[15.8252791846171] 236.34801253388
[15.8402849850245] 236.367565623858
[15.8564200848341] 236.384761116385
[15.8719110852107] 236.39951481155
[15.8884851848707] 236.411751864991
[15.9101622845046] 236.420901588435
[15.9269005847163] 236.42690784861
[15.9424731843174] 236.429733223335
[15.9574417839758] 236.429733223335
[15.9729091837071] 236.427572092337
[15.988651484251] 236.423249830342
[16.0119196842425] 236.416803859531
[16.025914283935] 236.408238857677
[16.0429790844209] 236.397124469689
[16.0576716843061] 236.383526184386
[16.0738371843472] 236.36750013504
[16.0899562845007] 236.349144554879
[16.1057660840452] 236.328567032675
[16.1224885843694] 236.305870479427
[16.1379920840263] 236.281185872773
[16.1609748844057] 236.254653545893
[16.1768083837815] 236.226404476425
[16.1945324833505] 236.196611741958
[16.2085227831267] 236.165401642356
[16.2252636831254] 236.13297999962
[16.2410012828186] 236.099501180248
[16.2569810831919] 236.065147617377
[16.2730800835416] 236.030111099689
[16.2898330832832] 235.994574060319
[16.304851683788] 235.958737643496
[16.3275298844092] 235.922774926808
[16.3452800842933] 235.886877698939
[16.3603969840333] 235.851242426343
[16.377847484313] 235.816079608791
[16.3935190839693] 235.781538935011
[16.4086442841217] 235.747826227003
[16.423862984404] 235.715119240131
[16.4390212842263] 235.683572340893
[16.4548093839549] 235.653372640199
[16.4775419840589] 235.624655793459
[16.4933216841891] 235.597594878262
[16.5077716843225] 235.572311516699
[16.5244329841807] 235.548932008634
[16.5395442843437] 235.527596687249
[16.5561834839173] 235.508380396906
[16.5776951839216] 235.491423470789
[16.5938008842058] 235.476758653305
[16.6115204845555] 235.464488855455
[16.62617848441] 235.454665532739
[16.6427586842328] 235.447326107338
[16.6578291836195] 235.442498645889
[16.6737848841585] 235.440206537255
[16.6893613836728] 235.440440425891
[16.7047410835512] 235.443209667343
[16.7270050840452] 235.448472161655
[16.7435670839623] 235.456195164419
[16.7584570841864] 235.46631786459
[16.7745141843334] 235.478779451121
[16.7898225844838] 235.49350507965
[16.805923785083] 235.510401194722
[16.8291927846149] 235.529374240883
[16.8432787847705] 235.550293240496
[16.859218084719] 235.573045927016
[16.8734030844644] 235.597501322807
[16.8914809841663] 235.623509739142
[16.9080605842173] 235.650930842839
[16.9246425847523] 235.679605589625
[16.9415797847323] 235.709370257455
[16.9580825846642] 235.740065802057
[17.2723821774125] 4484.8347912213
[17.2964725769125] 236.281209261636
[17.312580677215] 236.292936437851
[17.3189113773406] 236.301936472568
[17.3426499771886] 236.30814387697
[17.356509977486] 236.311535262194
[17.373071977403] 236.312091917147
[17.3935666773468] 236.310768107467
[17.4094205773436] 236.30755915538
[17.4236543769948] 236.302497805294
[17.4401817764156] 236.295602768302
[17.4548828764819] 236.286911466585
[17.4718654761091] 236.275984189506
[17.4954569763504] 236.262905136975
[17.5086075766012] 236.247730442265
[17.5250427760184] 236.230558338602
[17.5399814760312] 236.211482381441
[17.556443976704] 236.19060080401
[17.5766186765395] 236.168021195081
[17.5924673769623] 236.143883887835
[17.606965076644] 236.118305826591
[17.6228354764171] 236.091417988984
[17.6386139760725] 236.063388774834
[17.660560476128] 236.03435851732
[17.6769419754855] 236.004481582945
[17.690923275426] 235.973926371524
[17.7075573755428] 235.942847249559
[17.7220015758649] 235.911421972412
[17.7393254763447] 235.879814262129
[17.7560967770405] 235.848192518528
[17.7777809770778] 235.816706430336
[17.7938738772646] 235.785557141779
[17.808372377418] 235.754880308268
[17.8251773780212] 235.724863040711
[17.8389867781661] 235.695645672289
[17.8552597784437] 235.667387247275
[17.8759397785179] 235.640237454396
[17.891877678223] 235.614341304607
[17.905461078044] 235.589815742225
[17.9276858777739] 235.56681513375
[17.9440664774738] 235.545428356865
[17.9593753772788] 235.525786389205
[17.9747430770658] 235.507987463998
[17.9889333774336] 235.492106425606
[18.0049700778909] 235.478236829485
[18.0259287781082] 235.466430131135
[18.0428249780089] 235.456756497146
[18.0581157780252] 235.4492533497
[18.0737012783065] 235.443953433205
[18.0958928777836] 235.440875458754
[18.1110534779727] 235.440024104119
[18.1267131781206] 235.441399369299
[18.1402804781683] 235.444982543204
[18.1558351777494] 235.450745559198
[18.1714844773524] 235.458646317325
[18.194423276931] 235.46863803986
[18.2082973769866] 235.48065056021
[18.2241666773334] 235.494613711785
[18.2390113770962] 235.510438616904
[18.2550390772521] 235.528027042339
[18.2772818771191] 235.547299465954
[18.2928808764555] 235.568110876794
[18.3099324763753] 235.590358363861
[18.3249634765089] 235.613910949516
[18.3404574766755] 235.638632978352
[18.3604353768751] 235.66438879496
[18.3772659772076] 235.691024032839
[18.3906005774625] 235.718389003263
[18.4066590773873] 235.746334017505
[18.4282799777575] 235.774700031292
[18.4437222778797] 235.803332678123
[18.458619877696] 235.832068235955
[18.4736375780776] 235.860752338287
[18.4891762784682] 235.889225940846
[18.5105346785858] 235.917325321587
[18.5279007786885] 235.944900791784
[18.5415097787045] 235.971802662708
[18.5580117781647] 235.997890601179
[18.5720898783766] 236.023010240697
[18.5883286781609] 236.047035281397
[18.6098383786157] 236.069830067872
[18.6249220785685] 236.091287011348
[18.6414587781765] 236.111270456417
[18.6562448777258] 236.129682169851
[18.6767447777092] 236.146423918423
[18.6906692776829] 236.161397468906
[18.7069746777415] 236.174537332482
[18.7275972780772] 236.185778020334
[18.743254378438] 236.195058721414
[18.7586710783653] 236.20187423627
[18.7743463781662] 236.206191820493
[18.7882402781397] 236.207992762991
[18.810500277672] 236.207992762991
[18.8263722774573] 236.206360220311
[18.8414279771969] 236.203109168269
[18.8570333775133] 236.198253640183
[18.8777094776742] 236.191807669372
[18.893545077648] 236.183827389109
[18.9096497776918] 236.173891799847
[18.9258526773192] 236.162047679315
[18.940003477037] 236.148388582966
[18.9568128767423] 236.132989355165
[18.9717604769394] 236.115906129184
[18.9952520770021] 236.097265204887
[19.0122105772607] 236.077136748864
[19.0253518773243] 236.055661094297
[19.0417626770213] 236.032936474413
[19.0558152766898] 236.009084511303
[19.0725145773031] 235.984250215922
[19.0937846773304] 235.958564565905
[19.1087408778258] 235.932153861116
[19.1235136780888] 235.90516311251
[19.1392811783589] 235.877746686586
[19.1553295790218] 235.850040238753
[19.1767224795185] 235.82221216883
[19.1930765793659] 235.794384098906
[19.2068944792263] 235.766719751028
[19.2247416800819] 235.739359458376
[19.2388947801664] 235.712448231906
[19.2609460800886] 235.686131082572
[19.27666788036] 235.660553021328
[19.292356479913] 235.635854381355
[19.3099739793688] 235.612142751427
[19.3234149795026] 235.589553786952
[19.339398579672] 235.568199754476
[19.3607052797452] 235.548192920544
[19.3762460798025] 235.529640873928
[19.3906861795112] 235.512623136765
[19.4071016791277] 235.497256653373
[19.429157779552] 235.483583523707
[19.4430663790554] 235.471687947675
[19.4582405793481] 235.461626058549
[19.4734612791799] 235.453439956286
[19.4884440791793] 235.447171740838
[19.5105933789164] 235.442854156616
[19.5275056785904] 235.440496559164
[19.5423706783913] 235.440084915164
[19.557867678348] 235.441637935708
[19.5719079780392] 235.445136909704
[19.592851777561] 235.450544414971
[19.6081971772946] 235.457823029326
[19.62391517777] 235.466940008362
[19.6382834780961] 235.477820507713
[19.6604183781892] 235.490403716336
[19.6763692786917] 235.504614789865
[19.6899048788473] 235.52036485062
[19.7076899791136] 235.537574376465
[19.7214407790452] 235.556121745308
[19.7388297794387] 235.575927435013
[19.7550793793052] 235.596846434626
[19.7733816788532] 235.618775833147
[19.795122878626] 235.641594008485
[19.8093166784383] 235.665160627459
[19.8254412785172] 235.689354067978
[19.8410247783177] 235.714029319086
[19.8564233784564] 235.739055403149
[19.8766809785739] 235.764277953667
[19.8924709786661] 235.789584704093
[19.9076129784808] 235.814816610156
[19.9241442782804] 235.839833338674
[19.9388527781703] 235.864499234237
[19.954999578651] 235.888678641437
[19.9779630783014] 235.912245260411
[19.9921024781652] 235.935068113522
[20.0070118783042] 235.957025578679
[20.0276589784771] 235.97799135602
[20.0426525780931] 235.997862534543
[20.0575289782137] 236.016522169931
[20.0734870778397] 236.03387670673
[20.0940869781189] 236.049827911712
[20.1094487779774] 236.064296262742
[20.1234730780125] 236.077197559909
[20.138751778286] 236.088480347715
[20.1550456783734] 236.09806042625
[20.1768849780783] 236.105488729332
[20.1942724781111] 236.110727834781
[20.2082286779769] 236.113740320414
[20.2246762784198] 236.114488764049
[20.2386994785629] 236.113852586959
[20.2608789787628] 236.111794366961
[20.2759493784979] 236.108351526238
[20.2910588784143] 236.103528742562
[20.3063156781718] 236.097354082568
[20.3277577781118] 236.08986496844
[20.345974478405] 236.080668467269
[20.3596792784519] 236.069830067872
[20.3755992786027] 236.057410581295
[20.3901477786712] 236.043470818583
[20.4057406787761] 236.028090301873
[20.4303815793246] 236.011353231073
[20.4384657796472] 235.993357839412
[20.4612130802125] 235.974197682342
[20.4750497802161] 235.953975670865
[20.4898326802067] 235.932808749297
[20.5102562801912] 235.910790473094
[20.5274709798396] 235.888070530983
[20.5415073796175] 235.864756511737
[20.5577945793048] 235.840970037445
[20.5721311792731] 235.816842085745
[20.588523379527] 235.792498956499
[20.6105357795022] 235.768076305117
[20.6261497796513] 235.743705109235
[20.6421738802455] 235.719516346489
[20.6565392804332] 235.695622283425
[20.6733512808569] 235.672163253224
[20.6934152804315] 235.649265555749
[20.7094072806649] 235.62704613532
[20.7236385801807] 235.605626614025
[20.7394198803231] 235.585100547321
[20.761764280498] 235.565603590615
[20.7776158805937] 235.547210588272
[20.7933544800617] 235.530024451291
[20.8080252804793] 235.5141434129
[20.8242441802286] 235.499637639689
[20.8387406799011] 235.486572620476
[20.8559516794048] 235.475027877398
[20.8769125794061] 235.465073577046
[20.8926270795055] 235.456714397191
[20.9069390795194] 235.450025182199
[20.9232763792388] 235.445029320932
[20.9391601788811] 235.441740846708
[20.9625330795534] 235.440159759528
[20.9782298794016] 235.44030009271
[20.9927781792358] 235.442152490707
[21.0086672795005] 235.445702920204
[21.0227429792285] 235.450923314561
[21.0386136793531] 235.457780929372
[21.0596379796043] 235.466224309135
[21.0747269792482] 235.476201998351
[21.0901009789668] 235.48766254152
[21.1059256792068] 235.500531094279
[21.1281299795955] 235.514723456718
[21.1429125797004] 235.530155428928
[21.1591038801707] 235.546752166546
[21.1728103798814] 235.564410758571
[21.189361680299] 235.58301893846
[21.2108220807277] 235.602492506302
[21.2262931810692] 235.622700484461
[21.2409129808657] 235.64354463971
[21.2577820806764] 235.664898672187
[21.2728088810109] 235.686640959799
[21.293558280915] 235.708654558229
[21.3098573810421] 235.730817845386
[21.3236060813069] 235.752995165861
[21.3396508814767] 235.775078930882
[21.3600205816329] 235.796942840585
[21.377463282086] 235.818460595106
[21.3922831821255] 235.839529283447
[21.4072838826105] 235.860017927969
[21.4280104828067] 235.87983297322
[21.4441257826984] 235.898843441562
[21.460129682906] 235.916965133088
[21.4739457829855] 235.934090459023
[21.4898870824836] 235.950130541687
[21.5110489828512] 235.96500118117
[21.5271359831095] 235.978618177564
[21.541684483178] 235.990911364278
[21.558212983422] 236.001824608039
[21.5717000830919] 236.011283064483
[21.5882779830135] 236.019253989201
[21.6098290835507] 236.025297671558
[21.623607784044] 236.029362656053
[21.6397642833181] 236.031458298233
[21.6549448831938] 236.031551853687
[21.6781885833479] 236.030429188234
[21.6922960835509] 236.028104335191
[21.7082143831067] 236.024591327877
[21.7215942833573] 236.019904199609
[21.7439437834546] 236.014066339252
[21.7590913828462] 236.007101135669
[21.7759843831882] 235.998657755906
[21.7931444831192] 235.988782977689
[21.8070191829465] 235.977551645384
[21.8234867830761] 235.964991825625
[21.8382215830497] 235.951197073868
[21.8614325830713] 235.936237556703
[21.8774237837642] 235.920192796266
[21.8939012833871] 235.903146992467
[21.9086419837549] 235.885203056305
[21.9240942834876] 235.866454543235
[21.9390959832817] 235.846995008711
[21.956044383347] 235.826941397052
[21.9781098831445] 235.806396619256
[21.9934434834868] 235.78547294187
[22.009964783676] 235.764277953667
[22.0241243834607] 235.742928598963
[22.0415413840674] 235.721541822078
[22.0555192842148] 235.700229889556
[22.0730992839672] 235.679105067944
[22.0941330837086] 235.658274946012
[22.1097591836005] 235.637847112535
[22.1248159836978] 235.61793851183
[22.1396807841957] 235.598661410442
[22.1555684842169] 235.580100008281
[22.1780559844337] 235.562361894119
[22.1946921846829] 235.545535945638
[22.2097470848821] 235.529701684974
[22.2251497847028] 235.514952667581
[22.2389485845342] 235.501368415596
[22.2549869846553] 235.489000384519
[22.2767666848376] 235.477923418713
[22.2927538845688] 235.468188973678
[22.3094153841957] 235.459843827142
[22.3257895843126] 235.452920723514
[22.3456628844142] 235.447457084974
[22.3735350836068] 235.443480978161
[22.3868096834049] 235.441001758618
[22.4007863830775] 235.440024104119
[22.416037983261] 235.440552692437
[22.4244699832052] 235.442592201343
[22.4432774828747] 235.446095853112
[22.4662748826668] 235.451068325516
[22.4785051830113] 235.457448807509
[22.5008258828893] 235.465213910227
[22.5114391827956] 235.474307500399
[22.5297411829233] 235.484682800296
[22.5369438827038] 235.496269643329
[22.5634577833116] 235.509002540678
[22.5797295831144] 235.522801970209
[22.5962472828105] 235.537602443101
[22.6144432825968] 235.553301048356
[22.6255537830293] 235.569822941611
[22.6532146818936] 235.587055856319
[22.6714975815266] 235.604924948117
[22.6906691808254] 471.265426513945
[22.7128536812961] 235.661231298373
[22.7238876810297] 235.680555177487
[22.7410587808117] 235.699991323148
[22.7614414803684] 235.71941343549
[22.7815256807953] 235.738709247968
[22.7935128808022] 235.757789882901
[22.800321480725] 235.776547751517
[22.8251820812002] 235.794865909496
[22.8479704810306] 235.812674190249
[22.8621628805995] 235.829841616139
[22.8721841806546] 235.846298020575
[22.8949121804908] 235.861940492558
[22.9056276809424] 235.876689509951
[22.9300936814398] 235.890474906163
[22.9394344817847] 235.903203125739
[22.9596601817757] 235.914818035408
[22.9795250818133] 235.925268179669
[22.9983557816595] 235.934483391932
[23.0089059816673] 235.942412216696
[23.0294508817606] 235.948666398825
[23.0496699823998] 235.953185127275
[23.0584217826836] 235.955959046499
[23.076460282784] 235.956964767634
[23.0941055822186] 235.95694137877
[23.1130666821264] 235.955879524362
[23.1295876824297] 235.953783882183
[23.136313682422] 235.950677841096
[23.1584580820054] 235.946570756646
[23.1752517824061] 235.941476662151
[23.1931317825802] 235.935423624249
[23.2105822828598] 235.928074843303
[23.226729882881] 235.919486452585
[23.2425379832275] 235.909695874278
[23.2603754829615] 235.898754563881
[23.2741663828492] 235.886732687985
[23.2908557825722] 235.873677024318
[23.3053631829098] 235.859690483879
[23.3216923833825] 235.844819844395
[23.3376276833005] 235.829163339095
[23.3558386838995] 235.81279581234
[23.3755750837736] 235.795815497359
[23.3923565833829] 235.77830659406
[23.4102024831809] 235.760372013444
[23.4250463829376] 235.742100633192
[23.4421554827131] 235.723586008758
[23.4590688827448] 235.704949762233
[23.4753498826176] 235.686262060208
[23.4917544825003] 235.667644524774
[23.5077554825693] 235.649186033613
[23.5233579827473] 235.630994175497
[23.5388733823784] 235.613157828108
[23.5540850823745] 235.595756513582
[23.5768393818289] 235.578902498464
[23.5939774815924] 235.562679982664
[23.6107873818837] 235.547168488318
[23.6276512821205] 235.532452215334
[23.6431327816099] 235.51861068585
[23.6601688815281] 235.505714066455
[23.676386481151] 235.493827845968
[23.6932889809832] 235.483003479889
[23.7097351811826] 235.473301779264
[23.71642338112] 235.464774199591
[23.7453947807662] 235.457458163054
[23.7601393810473] 235.451391091834
[23.7769269808196] 235.446596374793
[23.7907977807336] 235.443097400797
[23.8069873810746] 235.440908203163
[23.8285579811782] 235.440028781892
[23.8459536815062] 235.440468492528
[23.8565921811387] 235.442213301753
[23.8769581811503] 235.445249176249
[23.8963613808155] 235.449566760472
[23.9062097808346] 235.455123954466
[23.9289260813966] 235.461873980504
[23.9405339816585] 235.469798127495
[23.9662399822846] 235.478844939939
[23.9779171822593] 235.488944251246
[23.9971045814455] 235.500044605916
[24.007159281522] 235.512089870675
[24.0247772810981] 235.524991167842
[24.0420256806538] 235.5386830086
[24.0591013804078] 235.553104581902
[24.0784205803648] 235.568148298976
[24.0953062800691] 235.583743993232
[24.1118789804168] 235.599788753668
[24.126698080916] 235.616207735923
[24.1425839806907] 235.632912062313
[24.1583799808286] 235.649794144067
[24.1762963808142] 235.666765103503
[24.1916679809801] 235.683717351847
[24.2068071807735] 235.70058072251
[24.2229651804082] 235.717256982265
[24.2461418798193] 235.73364322011
[24.2561587793753] 235.749669269456
[24.2789419796318] 235.765222863757
[24.2955877790228] 235.780233836422
[24.3111121794209] 235.794617987542
[24.3270170791075] 235.808291117209
[24.3426014790311] 235.821197092149
[24.3579887794331] 235.833251712454
[24.37284237938] 235.84439884485
[24.3945815796033] 235.854568322748
[24.4113812791184] 235.863708690647
[24.424717579037] 235.87177317082
[24.4416193794459] 235.878714985539
[24.4620867795311] 235.884178624079
[24.4727587797679] 235.888107953165
[24.4987556790002] 235.890479583935
[24.5110964789055] 235.891288838616
[24.5231360788457] 235.891218672025
[24.5423351787031] 235.890273761936
[24.5612722784281] 235.888440075028
[24.5780932782218] 235.885745677941
[24.589961878024] 235.882209281763
[24.6077524777502] 235.877830886495
[24.6269344780594] 235.872629203228
[24.6443465780467] 235.866622943053
[24.6617264784873] 235.859531439606
[24.6796363787726] 235.851378081752
[24.6976870791987] 235.842209647216
[24.7098913788795] 235.832082269273
[24.7258663792163] 235.821038047876
[24.7458584792912] 235.80915182739
[24.7623418793082] 235.796484418858
[24.7734120795503] 235.783105988873
[24.7954389797524] 235.76907734848
[24.8124912795611] 235.754492053132
[24.8306841799058] 235.739424947194
[24.8409365802072] 235.72395087503
[24.8581965803169] 235.70815871432
[24.875099980738] 235.692127987202
[24.8908062805422] 235.675952249129
[24.9115636805072] 235.659711022238
[24.9265126809478] 235.643488506438
[24.9423251803964] 235.627387612728
[24.9592963801697] 235.611492541019
[24.9773010807112] 235.595859424582
[24.9920414811932] 235.580591174417
[25.0092496816069] 235.565771990433
[25.0227517816238] 235.551467361449
[25.0431147813797] 235.537766165146
[25.0571075812913] 235.524724534797
[25.07625798136] 235.512421992538
[25.0898237815127] 235.500914671642
[25.1044417815283] 235.490268060927
[25.1255891816691] 235.480538293665
[25.1422175811604] 235.471762792038
[25.1569322813302] 235.46399768932
[25.1737524815835] 235.4572616966
[25.1885002814233] 235.451606269379
[25.2101492816582] 235.44705479652
[25.2246179813519] 235.443621311342
[25.2403673813678] 235.441319847163
[25.2553569809534] 235.440159759528
[25.2763143810444] 235.440150403982
[25.2934561804868] 235.441282424981
[25.3160300799645] 235.443527755888
[25.3278645803221] 470.898254099672
[25.3602173808031] 235.456873441464
[25.379515980836] 235.463417645502
[25.3889337810688] 235.470944181812
[25.4053373811767] 235.479401594893
[25.4226852804422] 235.488752462565
[25.4402272803709] 235.498950007099
[25.4579732799903] 235.509914706359
[25.4774969797581] 235.521595104846
[25.4930570796132] 235.533921035969
[25.5072193797678] 235.546812977591
[25.5265407799743] 235.560219474212
[25.5401364802383] 235.574046970379
[25.5595895801671] 235.588225299499
[25.5731282802299] 235.60266090612
[25.5922666802071] 235.617288301421
[25.606188680511] 235.632032641041
[25.6257840804756] 235.646786336207
[25.6407754803076] 235.661493253645
[25.6557669802569] 235.676055160129
[25.6771725802682] 235.690397211295
[25.6916816802695] 235.704444562779
[25.7065101801418] 235.718117692446
[25.7264354801737] 235.731337078158
[25.7417701799423] 235.744037231098
[25.7553590796888] 235.756157340221
[25.7756498795934] 235.76761788339
[25.7897360795178] 235.77835804956
[25.8095540795475] 235.788326383231
[25.8230050797574] 235.79746675113
[25.8431513798423] 235.805723019984
[25.8563195797615] 235.813067123158
[25.8758595800027] 235.819129516606
[25.8889409801923] 235.823891489237
[25.9072502800263] 235.827296907778
[25.9260056796484] 235.829345772231
[25.9389350796118] 235.83001469373
[25.9610657794401] 235.829953882685
[25.9742316794582] 235.829139950231
[25.9924059794284] 235.827596285233
[26.0052354792133] 235.825332243235
[26.0276065790094] 235.822347824238
[26.0459229792468] 235.818661739333
[26.0562133793719] 235.814283344066
[26.0774165787734] 235.809245382844
[26.0920495786704] 235.803557211214
[26.1070123789832] 235.79693348504
[26.1280501787551] 235.789430337593
[26.1432055793703] 235.781075835512
[26.1573602790013] 235.771921434295
[26.1725100791082] 235.762013911669
[26.1944617792033] 235.751409400908
[26.2094555795193] 235.740159357512
[26.2239546794444] 235.72833394807
[26.2452090792358] 235.71599398363
[26.2595846792683] 235.703204953008
[26.273519479204] 235.690051056113
[26.2948649791069] 235.676574392901
[26.3081042789854] 235.662877874371
[26.3220209791325] 235.649012956022
[26.3435529787093] 235.635059159993
[26.3568317787722] 235.621096008417
[26.3718237788416] 235.60719834566
[26.3907744791359] 235.593431660539
[26.4096659789793] 235.579880152963
[26.4222801793367] 235.566609311751
[26.4414894790389] 235.55368462572
[26.4551809788682] 235.541185617006
[26.4750528787263] 235.529168418883
[26.4939706786536] 235.517698520169
[26.5090310787782] 235.506827376363
[26.5243026786484] 235.496639187374
[26.5394482789561] 235.487143308748
[26.5576101792976] 235.478423940394
[26.5721925795078] 235.470509148949
[26.5946218795143] 235.463450389911
[26.6094937794842] 235.457271052145
[26.6239648796618] 235.451999202287
[26.6389009798877] 235.447662906974
[26.660961879883] 235.444290232841
[26.6751209800132] 235.44188117989
[26.6899999799207] 235.440459136982
[26.7107057794929] 235.440010070801
[26.7248007794842] 235.440557370209
[26.739397179801] 235.442072968571
[26.7610758799128] 235.444552188114
[26.7756706802174] 235.447971639974
[26.7917932798155] 235.452321968605
[26.8068640800193] 235.457561074054
[26.8221248802729] 235.463665567456
[26.8438760801218] 235.470607382176
[26.8587165796198] 235.478316351622
[26.8734443793073] 235.486773764703
[26.8886835789308] 235.495918810375
[26.9111048788764] 235.505700033137
[26.9262604787946] 235.516061299716
[26.9404203784652] 235.52694647684
[26.9613300785422] 235.538304109009
[26.9771284791641] 235.550035962996
[26.9917787793092] 235.562104616619
[27.0055290791206] 235.574435225515
[27.0275460793637] 235.586952945319
[27.0433043790981] 235.599582931668
[27.0580351790413] 235.612287762382
[27.0738382795826] 235.624955170913
[27.0907420790754] 235.637538379535
[27.1050865789875] 235.649971899431
[27.1266568792053] 235.66217153069
[27.1416394789703] 235.674076462267
[27.1574749788269] 235.685621205345
[27.1724366783164] 235.696754304424
[27.1949020782486] 235.707400915139
[27.2097805785015] 235.717514259764
[27.2245141784661] 235.727024171708
[27.2398193785921] 235.735893228789
[27.2613189788535] 235.744069975508
[27.2771863788366] 235.751516989681
[27.2910723788664] 235.758178138037
[27.3058384791948] 235.763735332031
[27.3287322786637] 235.768169860572
[27.3448261781596] 235.771425590386
[27.3594335783273] 235.773488488157
[27.3743477780372] 235.774358553883
[27.3898715786636] 235.774358553883
[27.4111990788952] 235.773745765656
[27.4261345793493] 235.772524866976
[27.4429767793044] 235.770705213387
[27.4588238797151] 235.768282127117
[27.4734926801175] 235.765283674802
[27.4900609795004] 235.761709856442
[27.511853880249] 235.757584060902
[27.5273609799333] 235.752910965952
[27.5421888800338] 235.747727993776
[27.5572069804184] 235.741763833556
[27.573180180043] 235.735051229699
[27.8515615887009] 4005.97578188113
[27.873842688743] 235.543285936958
[27.8897918886505] 235.532419470925
[27.9042085888796] 235.521922548937
[27.9256032886915] 235.511860659812
[27.940545888152] 235.502299292368
[27.9541009883396] 235.493261835469
[27.9701661881991] 235.484813777933
[27.9917882881127] 235.476997219714
[28.0068504880182] 235.469844905222
[28.0207487880252] 235.463398934411
[28.0407730876468] 235.457687373917
[28.0554002872668] 235.452733612605
[28.075110187754] 235.448579750428
[28.0885343877599] 235.445230465159
[28.1030144877732] 235.442699790116
[28.1222513881512] 235.440997080845
[28.1373910880648] 235.440136370664
[28.1582552879117] 235.440103626255
[28.1722217877395] 235.440912880936
[28.192065987736] 235.442554779162
[28.2060586875305] 235.445005932068
[28.2208112874068] 235.448261661882
[28.2417336869985] 235.452298579742
[28.2566848872229] 235.457074585691
[28.2712491871789] 235.462594357503
[28.288053387776] 235.468787728587
[28.3051333879121] 235.475635987852
[28.3219450884499] 235.483101713116
[28.3396474882029] 235.49113344888
[28.3582762884907] 235.499693772962
[28.37715288857] 235.508731229861
[28.3881838885136] 235.518185008532
[28.404744988773] 235.528003653475
[28.423978688661] 235.538145064737
[28.4432455883361] 235.548534397953
[28.4533591880463] 235.559120197623
[28.4714748882689] 235.569846330474
[28.4893068880774] 235.580656663235
[28.5065706884488] 235.591476351541
[28.5232588886283] 235.602253939893
[28.5399913885631] 235.61293797279
[28.5570531883277] 235.62347231696
[28.5742632881738] 235.633777450267
[28.5918526886962] 235.643811272756
[28.6088212886825] 235.653522328927
[28.6255415887572] 235.662840452189
[28.6431368882768] 235.671737575906
[28.6605779887177] 235.680148211261
[28.6702874884941] 235.688030258297
[28.6885874881409] 235.695341617062
[28.7059852881357] 235.702058898691
[28.7235565884039] 235.708125969911
[28.7411619881168] 235.71326216436
[28.7592491880059] 235.717416026537
[28.7752857878804] 235.720564167579
[28.7916096881963] 235.72267852085
[28.8077746881172] 235.723763764121
[28.823730988428] 235.723801186303
[28.8392376885749] 235.723342764576
[28.8542656884529] 235.722388498941
[28.87046208838] 235.720947744942
[28.8862875886261] 235.719020502581
[28.9097084887326] 235.716616127402
[28.9246532889083] 235.713739297178
[28.9392669890076] 235.710418078545
[28.9557720888406] 235.706657149276
[28.9708873885684] 235.702451831599
[28.9933849885128] 235.697848903241
[29.0078459884971] 235.692862397519
[29.0287876883522] 235.68724439248
[29.0437550884672] 235.681036988078
[29.0599901885726] 235.674263573176
[29.0747467884794] 235.666970925502
[29.0899844882078] 235.659205822784
[29.1110919886269] 235.650991653884
[29.1259006885812] 235.642384552075
[29.1405198886059] 235.633435972858
[29.1570551884361] 235.624178660641
[29.1787494886667] 235.614678104243
[29.1934298886918] 235.604976403617
[29.2075403891504] 235.59513436981
[29.2237018886954] 235.585189425003
[29.245090788696] 235.575211735787
[29.2608559885994] 235.565252757661
[29.275377788581] 235.555354590581
[29.289826088585] 235.545568690047
[29.3026360883377] 235.535965222648
[29.3253604886122] 235.526586288341
[29.3422845886089] 235.517469309305
[29.3616055888124] 235.508675096588
[29.3797537884675] 235.500250427915
[29.3888937882148] 235.49223272547
[29.407458988484] 235.484664089206
[29.4236302888021] 235.477586619077
[29.4410217888653] 235.471028381721
[29.4586850889027] 235.465040832637
[29.4749347888865] 235.45963332737
[29.4905525892973] 235.454847965875
[29.5071049891412] 235.450703459243
[29.5232402896509] 235.447204485247
[29.5388730899431] 235.444388466069
[29.562014689669] 235.44226007948
[29.5782343894243] 235.440838036573
[29.5973199894652] 235.440117659573
[29.6127398894168] 235.440089592937
[29.6284073898569] 235.440763192209
[29.6432278896682] 235.442138457389
[29.6575294891372] 235.444182644069
[29.6742383893579] 235.446914463339
[29.6901456895284] 235.450291815244
[29.7077247896232] 235.454300666467
[29.7251016898081] 235.458917628143
[29.7414473891258] 235.464109955865
[29.7589879892766] 235.469840227449
[29.774498689454] 235.476089731806
[29.7912678895518] 235.482821046753
[29.807508289814] 235.489978039018
[29.8277894896455] 235.497551353055
[29.8444449887611] 235.505470822273
[29.8767465888523] 235.513703702264
[29.8851975887083] 471.053083699
[29.909918488469] 235.539768251871
[29.9260433879681] 235.548749575498
[29.9408804881386] 235.557805743488
[29.9553224877454] 235.566880622569
[29.9756087874994] 235.575918079468
[29.9903242876753] 235.58487601423
[30.0110689881258] 235.593693615811
[30.0241735880263] 235.602333462029
[30.0429966882803] 235.610739419611
[30.0562782883644] 235.618869388602
[30.0757949883118] 235.626681269047
[30.09013108816] 235.634146994312
[30.110954888165] 235.641191720031
[30.1249881885014] 235.64780609066
[30.1391677884385] 235.653929295153
[30.1555033884943] 235.659551977965
[30.176484788768] 235.664641394687
[30.1907407888211] 235.6689262345
[30.2044628886506] 235.672369075224
[30.224083088804] 235.674946527994
[30.2391008888371] 235.676635203946
[30.2593212896027] 235.677439780854
[30.2730542896315] 235.677439780854
[30.2931477897801] 235.677046847946
[30.3069091895595] 235.676260982128
[30.326983589679] 235.67507750563
[30.3414561902173] 235.673510451768
[30.3548691901378] 235.671569176088
[30.3735479903407] 235.669258356364
[30.3875964903273] 235.666577992594
[30.4088302901946] 235.663551473643
[30.4241573899053] 235.660188155055
[30.4385512899607] 235.656502070151
[30.4584311898798] 235.652502574473
[30.4719361900352] 235.648199023569
[30.4929377897643] 235.643390273211
[30.5066996901296] 235.638095034489
[30.5264623900875] 235.632346051814
[30.5413732905872] 235.626185425139
[30.5599078908563] 235.61962251001
