[0.946054299362004] 6.54748599206471
[0.960820799693465] 25.3317584781119
[0.978691399097443] 25.257818993591
[0.995649598538876] 25.1839686209049
[1.01170949824154] 25.110218464614
[1.02810309827328] 25.0365776352997
[1.04550139792264] 24.9630613172643
[1.06201359815896] 24.889690768531
[1.0779801979661] 24.8164781365416
[1.09405239857733] 24.7434355687381
[1.11067859828472] 24.6705797678529
[1.12881569750607] 24.5979274366186
[1.14526549726725] 24.5254922409072
[1.16111009754241] 24.4532924018815
[1.1787775978446] 24.3813385485532
[1.19544129818678] 24.3096504205152
[1.21169959753752] 24.2382386467791
[1.22933879680932] 24.1671275222286
[1.24482299666852] 24.0963231205847
[1.26121359597892] 24.0258482183008
[1.27758239675313] 23.9557149628187
[1.29433139692992] 23.885940056871
[1.31106359604746] 23.81653868476
[1.32774649653584] 23.7475290676485
[1.34421999659389] 23.6789263898386
[1.36074269656092] 23.6107427987724
[1.37894879747182] 23.5430010709032
[1.3952795965597] 23.4757118352427
[1.41199659649283] 30.4488872852862
[1.42790759634227] 51.6618171575513
[1.44513089675456] 51.5123586359438
[1.46176099684089] 51.3675772919742
[1.47771259676665] 51.2276120800819
[1.49410909693688] 51.0925826782479
[1.51208489667624] 50.9625942580309
[1.52833739574999] 50.8377302313571
[1.54418359603733] 50.7181066496017
[1.56132279615849] 50.6038032980854
[1.57728529628366] 50.4949144685507
[1.59412269573659] 50.391519946318
[1.61259389575571] 50.2937067699189
[1.62907339539379] 50.2015510980685
[1.64577429462224] 50.11511458306
[1.66160449478775] 50.0344842634248
[1.67822359409183] 49.9597072850342
[1.69431859347969] 49.8908489267869
[1.71060729306191] 49.827956334554
[1.72902099322528] 49.7710839074178
[1.74559049401432] 49.7202679114331
[1.76102209370583] 49.6755554924711
[1.77723099384457] 49.6369684101647
[1.7954377932474] 49.6045356773577
[1.8109862934798] 34.3556485748233
[1.829011593014] 107.30488160682
[1.84389969334006] 107.014796566154
[1.86146119423211] 106.751071971357
[1.87804519385099] 106.514031446594
[1.89401439391077] 106.304046140911
[1.91237679310143] 77.4159978282485
[1.9282936938107] 113.520792549722
[1.94598199427128] 113.284874060567
[1.96116419415921] 113.079568788032
[1.97744949441403] 112.905956505643
[1.99548799451441] 38.9412097123984
[2.01176679413766] 66.2894991114996
[2.02752869483083] 66.2068104216943
[2.04495049547404] 66.134991638032
[2.06243129540235] 66.0740002190529
[2.07856919523329] 66.0238940909164
[2.09478299599141] 65.9847504885023
[2.11237059626728] 65.9566080292504
[2.12841679621488] 65.9395101577803
[2.14527069684118] 65.9334761828121
[2.16189929749817] 65.9385109315256
[2.1784353973344] 65.9546144039209
[2.19429199676961] 65.981767291278
[2.21152999717742] 66.0199406305172
[2.22842019703239] 66.0690958041987
[2.24486259650439] 66.1291652318027
[2.26084649655968] 66.2000765056297
[2.27870379667729] 36.7139940985266
[2.29518579598516] 31.2840925521435
[2.31125309597701] 31.2271881793517
[2.32778359670192] 31.1724926732069
[2.34512289706618] 31.1200420149491
[2.36110849771649] 31.0698653003137
[2.37859159801155] 31.021978196235
[2.39553709793836] 30.9764053221814
[2.41184619721025] 30.9331712976214
[2.42824149783701] 30.8922962657561
[2.44434779789299] 30.8537936553866
[2.4610859984532] 30.8176836097143
[2.47792139928788] 30.783988510074
[2.49500640016049] 30.7527150708661
[2.51110100094229] 30.7238811971587
[2.52860600035638] 9.43511043755051
[2.54511020053178] 0.720426077629687
[2.5622705006972] 0.720282933411399
[2.57857300061733] 0.720140988580004
[2.5947144003585] 0.720000190988246
[2.61170739959925] 0.719860644930636
[2.6287086000666] 0.719722246112664
[2.64455749932677] 0.71958509882884
[2.6612920993939] 0.719449098784652
[2.67882249969989] 0.719314350274614
[2.69449219945818] 0.719180749004212
[2.71151589881629] 0.719048347120703
[2.72823899891227] 0.718917144624087
[2.74524789955467] 0.718787245808876
[2.76117489952594] 0.718658442086045
[2.77830449957401] 0.718530942044619
[2.79421370010823] 0.718404641390086
[2.81261490006] 0.718279592269702
[2.82800079975277] 0.718155690388955
[2.84415809903294] 0.718033092189613
[2.86175479833037] 0.717911693377163
[2.87856549862772] 0.717791493951607
[2.89490679930896] 0.717672493912943
[2.91168509889394] 0.717554797555684
[2.92843019869179] 0.717438352732574
[2.94424649793655] 0.717323003001845
[2.96172629762441] 0.717209113394289
[2.97858709748834] 0.71709637102637
[2.994255698286] 0.716984828045343
[3.01138339843601] 0.716874640892978
[3.02868269849569] 0.716765548832994
[3.04459399823099] 0.716657812601671
[3.06226159911603] 0.71655127575724
[3.07810279820114] 0.716446094741471
[3.09410389792174] 0.716342113112595
[3.11160489823669] 0.716239330870611
[3.12765039782971] 0.716137904457289
[3.14544759783894] 0.716037729578115
[3.16154919844121] 0.715938858380347
[3.17846359778196] 0.715841186569472
[3.19543539825827] 0.715744818440002
[3.21217509824783] 0.715649701844681
[3.22867249790579] 0.715555836783508
[3.24449199717492] 0.715463327550997
[3.26123329717666] 0.715372017705379
[3.27867659647018] 0.715282063688423
[3.29450529720634] 0.715193309058359
[3.31196189764887] 0.715105962404212
[3.32875759806484] 0.715019815136959
[3.3444078983739] 0.71493497155111
[3.36218089889735] 0.714851431646667
[3.37871949840337] 0.714769247570885
[3.39501469861716] 0.714688262881996
[3.41138869803399] 0.714608686169024
[3.42885569762439] 0.714530308842945
[3.44478959683329] 0.714453235198272
[3.46160299610347] 0.714377517382259
[3.47836769651622] 0.714303103247652
[3.4951416971162] 0.714229940647194
[3.51216219644994] 0.714158186022653
[3.52853209618479] 0.714087682932262
[3.5444721961394] 0.714018431376019
[3.56198689620942] 0.713950587795694
[3.57765599619597] 0.71388410004403
[3.5951873967424] 0.71381881167926
[3.61093649733812] 0.713754931290406
[3.62808549683541] 0.713692302435702
[3.64544269721955] 0.713631081556915
[3.66152559686452] 0.713571060065021
[3.67827249597758] 0.713512550843557
[3.69532379601151] 0.713455241008986
[3.71133679617196] 0.713399287003076
[3.72890789527446] 0.713344636678571
[3.74468759540468] 0.713291394329984
[3.7616444947198] 0.713239403515546
[3.77792849484831] 0.713188768529769
[3.79507349524647] 0.71313954151991
[3.81151169445366] 0.713091618191456
[3.82738979440182] 0.713044946397151
[3.8447897946462] 0.712999786873275
[3.86071379389614] 0.712955826736293
[3.87833749409765] 0.712913326722485
[3.8944147946313] 0.712872078242825
[3.91141659487039] 0.712832237739083
[3.92949919495732] 1.42555027298707
[3.96167209465057] 0.712720746905313
[3.97854959499091] 0.712686329716216
[3.99479989428073] 0.712653164061269
[4.01191619504243] 0.712621458529495
[4.02868679445237] 0.712591056679126
[4.04499759431928] 0.712562010657419
[4.06175329443067] 0.712534424758886
[4.07787939440459] 0.712508090394501
[4.09551459457725] 0.712483164006035
[4.11082099471241] 0.712459645593485
[4.12746439408511] 0.712437378715085
[4.14544669445604] 0.712416571959859
[4.1619013948366] 0.712397068886037
[4.1785504957661] 0.712378973788133
[4.19444869551808] 0.712362234518891
[4.21159339603037] 0.71234685107831
[4.22801639605314] 0.712332927760903
[4.24430889543146] 0.712320255977645
[4.26219549495727] 0.71230904431756
[4.27917319443077] 0.712299240633393
[4.2947498941794] 0.712290740630631
[4.31090709473938] 0.712283648603787
[4.32833379413933] 0.712277860258348
[4.34553979430348] 0.712273532036083
[4.36139629501849] 0.712270559642479
[4.37889639567584] 0.712268943077537
[4.3949390957132] 0.712268786635768
[4.41228479612619] 0.712269933875405
[4.42835979629308] 0.712272541238215
[4.44543709699064] 0.712276452282431
[4.46189929638058] 0.712281771302564
[4.47791629564017] 0.712288498298615
[4.49496149551123] 0.712296685417839
[4.51211269479245] 0.712306124071213
[4.52862389478832] 0.71231702284776
[4.54448009561747] 0.712329329600225
[4.56092919502407] 5.42376367221114
[4.57749339472502] 23.2739237845835
[4.59513369482011] 23.2198385062286
[4.61102499533445] 23.1667382560166
[4.62875499483198] 23.1146198509704
[4.6451668953523] 23.0635010255675
[4.66139679495245] 23.0134027387359
[4.67802319582552] 22.9643427249531
[4.69529759604484] 22.9163371064714
[4.71221219655126] 22.8694084544442
[4.72880439739674] 22.8235728911236
[4.74495419766754] 22.7788497632125
[4.76146319787949] 22.7352551929632
[4.77836679760367] 22.6928069148533
[4.79477789718658] 22.6515226633601
[4.81212919671088] 22.6114169485109
[4.82781759742647] 22.5725107292337
[4.84477409813553] 22.5348152911051
[4.8624979974702] 22.4983483686025
[4.87822799663991] 22.4631228595279
[4.89482379611582] 22.429158110584
[4.91216609533876] 22.3964637951223
[4.92806089576334] 22.365056035395
[4.94604609627277] 22.3349461169787
[4.96154409646988] 22.3061501621258
[4.9780701957643] 22.2786794564128
[4.99552149511874] 22.2525436731912
[5.01188499480486] 22.2277557102629
[5.02893869392574] 22.2043268532043
[5.04474899359047] 22.182266775367
[5.06181749328971] 22.1615883745527
[5.07859529368579] 22.1422964874372
[5.09546509385109] 22.1244040118223
[5.11164999380708] 22.107917396609
[5.12874149344862] 22.0928398662476
[5.14458299428225] 22.0791843185401
[5.16147209517658] 22.0669572023873
[5.17830989509821] 22.0561601300145
[5.19538959488273] 22.0468027747731
[5.21090049482882] 22.0388851366632
[5.22824499569833] 22.0324152768107
[5.24415089562535] 22.027394807441
[5.26120629534125] 22.0238285652298
[5.27794789522886] 22.0217117135013
[5.29488099552691] 22.0210555378323
[5.31217279471457] 22.0218552015469
[5.32815889455378] 22.0241107046452
[5.34542509540915] 22.0278252715777
[5.36146999523044] 22.0329940656687
[5.37839829549193] 7.94220064078911
[5.3947814963758] 94.5691028412408
[5.41156359575689] 104.254973211528
[5.42871989496052] 104.400987132127
[5.44453059509397] 104.579470522761
[5.46124869585037] 104.789989381064
[5.47755549661815] 105.032258524698
[5.4946017973125] 105.305874412866
[5.5120264980942] 105.610364978976
[5.52882609888911] 11.9372393781526
[5.5447222981602] 89.3943186761006
[5.56203129887581] 89.3543224626462
[5.57868839800358] 89.338546260501
[5.59469619765878] 89.3470557294027
[5.61148459836841] 89.3798574100653
[5.62865879759192] 89.4369055174908
[5.64450139738619] 89.5181150223975
[5.66177839785814] 89.6233551105054
[5.67889739759266] 89.7524491825368
[5.69432399794459] 18.0798512914044
[5.71173299849033] 25.9200290679392
[5.7285708989948] 25.8827626274974
[5.74496109969914] 25.8474125506076
[5.76091199927032] 25.813949481843
[5.77780859917402] 25.7823827720862
[5.79459839873016] 25.7527311231026
[5.81153799965978] 25.725007626128
[5.82789149880409] 25.6992235022216
[5.84509499929845] 25.6753899724425
[5.86176699958742] 25.6535219982032
[5.87768729962409] 25.6336289303862
[5.89475530013442] 25.6157145093446
[5.91205530054867] 25.5997936964908
[5.92785480059683] 25.5858683620013
[5.94464530050755] 25.5739478567587
[5.96158250048757] 25.5640340509396
[5.97788229957223] 25.5561325550735
[5.99494550004601] 25.5502489796902
[6.01222250051796] 25.5463814546131
[6.02767650038004] 25.5445337201952
[6.04459420032799] 25.5447020360835
[6.06139820069075] 25.546890142631
[6.07755960151553] 25.5510905591316
[6.09535390138626] 25.5573051557618
[6.11086220107973] 25.5655283219921
[6.12907860055566] 25.5757525771162
[6.1448370013386] 25.5879741807812
[6.16156470216811] 25.6021875224573
[6.17840370163321] 25.6183795109089
[6.19504920206964] 25.6365426654298
[6.21269310265779] 25.6566695053138
[6.22796320263296] 25.6787469393252
[6.24478520173579] 25.7027637464048
[6.26157780084759] 25.7287049651403
[6.2774301012978] 25.7565593744725
[6.29435540083796] 25.786312012989
[6.31147290114313] 25.8179441789246
[6.32822370063514] 25.85144465122
[6.34539480041713] 25.8867909877567
[6.36188940051943] 25.9239644867694
[6.37789240013808] 25.9629539271989
[6.39488500077277] 17.8265569305176
[6.41172040160745] 14.8013881031994
[6.42766380216926] 14.7796797437991
[6.44516280200332] 14.7586002598964
[6.46197720151395] 14.73815810696
[6.47830680105835] 14.7183553988572
[6.49489190150052] 14.6991974202561
[6.51175570208579] 14.680688398891
[6.5287952022627] 14.6628293916956
[6.54416990187019] 14.6456288541388
[6.56106860097498] 14.6290899570213
[6.57888240087777] 14.6132137572769
[6.59441240131855] 14.5980055395735
[6.61135800182819] 14.5834653039111
[6.62860000133514] 14.5696004488251
[6.64515700191259] 14.5564099173817
[6.66154200211167] 14.5438979373155
[6.67826140299439] 14.5320697932945
[6.69563320279121] 14.5209212575842
[6.71211630292237] 14.5104586717863
[6.72774190269411] 14.5006830928344
[6.74533700197935] 14.4915987484629
[6.76081720180809] 14.4832014109375
[6.77768110111356] 14.4754942510589
[6.79485910199583] 14.4684825534952
[6.81105140224099] 14.4621610335783
[6.82838770188391] 14.4565349759763
[6.84533330239356] 2.28802560405796
[6.86167320236564] 1.8335711323583
[6.87796730175614] 1.83540068887847
[6.89541080221534] 1.83723236420633
[6.91233720257878] 1.83906443450462
[6.92789040226489] 1.84089689977333
[6.94564830232412] 1.84273015498288
[6.96158560272306] 1.84456341019243
[6.97755720186979] 1.8463970603724
[6.99512230139226] 1.8482311055228
[7.01093310210854] 1.85006574312882
[7.02861920278519] 1.85190038073485
[7.04479100275785] 1.85373521582608
[7.06132580246776] 1.85557064337295
[7.07805250305682] 1.85740607091982
[7.09415420237929] 1.8592418934371
[7.11157900188118] 1.8610779134396
[7.12842140253633] 1.8629139334421
[7.14497480262071] 1.86475054590023
[7.16236130241305] 1.86658715835836
[7.17820870224386] 1.86842357333128
[7.19540310185403] 1.87026038327462
[7.21081000193954] 1.87209739070317
[7.22872880101204] 1.87393439813173
[7.24551090039313] 1.87577160304549
[7.26157299987972] 1.87760861047404
[7.27842950075865] 1.8794458153878
[7.29490410163999] 1.88128302030156
[7.31107610091567] 1.88312022521533
[7.32874450087547] 1.88495743012909
[7.34548350051045] 1.88679463504285
[7.36177680082619] 1.8886316424714
[7.37814100086689] 1.89046845241474
[7.39449240081012] 1.89230545984329
[7.41227290034294] 1.89414226978663
[7.42818910069764] 1.89597888224477
[7.44510370120406] 1.8978154947029
[7.4607682004571] 1.8996517121906
[7.47787010110915] 1.90148792967831
[7.49507390148938] 1.90332394968081
[7.51194750145078] 1.90515957471289
[7.52766460180283] 1.90699519974497
[7.54448870196939] 1.90883042980662
[7.56134130246937] 1.91066546238307
[7.57851310260594] 1.9125000999891
[7.59537530317903] 1.91433473759512
[7.61128340288997] 1.91616898023072
[7.62873270362616] 1.91800243292549
[7.64443280361593] 1.91983588562025
[7.6625711042434] 1.92166894334459
[7.67812600452453] 1.92350180358372
[7.69531720411032] 1.92533407136722
[7.71090090367943] 1.92716574669508
[7.72869050409645] 1.92899722453774
[7.74432420451194] 1.93082810992476
[7.76152280438691] 1.93265840285616
[7.77855590451509] 1.93448830081713
[7.79504350479692] 1.93631780380768
[7.81104090530425] 1.9381467143426
[7.82858360465616] 1.93997522990709
[7.84491680469364] 1.94180295553075
[7.86202590446919] 1.94362989121356
[7.87864680495113] 2.08033158937266
[7.8944597048685] 9.64002981366742
[7.91188470553607] 9.62047526970099
[7.92847960535437] 9.60098820094781
[7.9447759045288] 9.58157810960445
[7.96207580436021] 9.56222820575756
[7.97807160485536] 9.5429582943725
[7.99555900413543] 9.52375347945056
[8.01114770397544] 9.50463289138142
[8.02889830432832] 9.48558291804261
[8.04466770403087] 9.4666201871058
[8.0611381046474] 9.44773054115829
[8.07832390442491] 9.42893542027446
[8.0944377053529] 9.41021768300898
[8.11143400520086] 9.39159748691114
[8.12891000509262] 9.37305836321926
[8.1443373048678] 9.35462223529382
[8.1618623053655] 9.33627208735381
[8.17785310465842] 9.31802795189708
[8.19483210425824] 9.29987592278172
[8.21087620500475] 9.28183353274468
[8.22797310445458] 9.26388632732317
[8.24415350425988] 9.24605421656543
[8.26102130394429] 9.22832158744504
[8.278440204449] 9.21070828983391
[8.29507020395249] 9.1931993800653
[8.31096220482141] 9.17581342947558
[8.32824170496315] 9.15853616300415
[8.34470680449158] 9.1413867028667
[8.36150350514799] 9.12434961317957
[8.37747830431908] 9.10744517738356
[8.3939570048824] 9.09065801705843
[8.41171870473772] 9.07400713950075
[8.42886710446328] 9.05747844200982
[8.44459640514106] 9.04108965659455
[8.46157490555197] 9.02482795540281
[8.47807940561324] 9.00871101513954
[8.49426650535315] 8.99272484370429
[8.51167380530387] 8.97688645386456
[8.52783980499953] 8.96118434563666
[8.5443275058642] 8.94563486879335
[8.5614870050922] 8.93022535721568
[8.57778680417687] 8.91497332730217
[8.59406120423228] 8.89986433626155
[8.61152060423046] 8.88491706811987
[8.62826520483941] 8.87011713104555
[8.64421040471643] 8.85548376817188
[8.66138930525631] 8.84100141848567
[8.67864360567182] 8.82668988528531
[8.69549980480224] 8.81253426595099
[8.71125790569931] 8.79855187728731
[8.72800510656089] 8.784730302615
[8.74485110584646] 8.77108742110331
[8.76212560664862] 8.7576072053957
[8.77828690689057] 8.74430870771636
[8.79433740768582] 8.73117960346658
[8.81183890718967] 8.71823585224852
[8.82863990683109] 8.70546395464784
[8.84440080728382] 8.69288165523199
[8.86142130661756] 8.68047488811296
[8.87822220753878] 17.2787699599869
[8.89561010804027] 35.9626231619287
[8.9114032080397] 35.9239135504014
[8.92876140866429] 35.8895229173176
[8.94476280827075] 35.8593318271511
[8.96190670784563] 35.8334275627806
[8.97839310858399] 35.8118284551655
[8.99457490909845] 35.7945580726824
[9.01180090848356] 35.7816295088735
[9.02833270933479] 35.7730637134069
[9.04448980931193] 35.768863304991
[9.06110810954124] 35.7690466145852
[9.07814801018685] 35.7736031673556
[9.09479650948197] 35.7825512942615
[9.11167580913752] 35.7958752830522
[9.12859000917524] 35.8135751337275
[9.14423840958625] 35.8356403714535
[9.16134440992028] 35.8620631401048
[9.17813631054014] 35.8928251087219
[9.19500850979239] 35.9279105650539
[9.21189700905234] 35.9672907033074
[9.2276096092537] 13.3808289803848
[9.24482350889593] 108.637416155139
[9.26186270918697] 108.746738874419
[9.27884001005441] 108.896346797525
[9.29432180989534] 7.63233862292799
[9.31131501030177] 77.477548906629
[9.32855201046914] 77.4522954717838
[9.34578711073846] 77.4477310299478
[9.36137661058456] 77.4638851849676
[9.37796391081065] 13.9946196636448
[9.39506081026047] 6.58173851577063
[9.4117706110701] 6.58299902183853
[9.42782561015338] 6.58439017448578
[9.44483441021293] 6.58594405793107
[9.46219771075994] 6.58764576976735
[9.47806491050869] 6.58949771762312
[9.49503650981933] 6.59149797539559
[9.51224871072918] 6.59364558003333
[9.5277534108609] 6.59594342069058
[9.54450811073184] 6.59838860821311
[9.56119251064956] 6.60098210565232
[9.57763751037419] 6.60372391300823
[9.5948664098978] 6.606612104178
[9.61157470941544] 6.60964812373876
[9.6275435090065] 6.6128319716905
[9.64475440979004] 6.61616172193041
[9.66162881068885] 6.6196378559842
[9.67819701135159] 6.62326037385186
[9.69502591155469] 6.62702831248199
[9.7104938114062] 6.63094070882317
[9.72822671104223] 6.63499900745252
[9.74487851094455] 6.63920128226723
[9.76171151082963] 6.6435475332673
[9.77775301132351] 6.64803727892702
[9.79461001139134] 6.65267051924639
[9.81096601206809] 6.6574458096483
[9.82859571184963] 6.66236315013275
[9.84466931130737] 6.66742302222545
[9.86138861160725] 6.67262301829787
[9.87804801110178] 6.67796217529862
[9.89498211164027] 6.6834429008562
[9.91143551189452] 6.6890623058164
[9.92757281195372] 6.69481990865351
[9.94467871170491] 6.70071570936754
[9.96096071135253] 6.70674874490707
[9.97890541050583] 6.7129185337464
[9.99466221127659] 6.71922363130843
[10.011688712053] 6.72566403759315
[10.0286794127896] 6.73223975260056
[10.0445139119402] 6.73894885022785
[10.0621057124808] 6.74579036742361
[10.0774608124048] 6.75276430418784
[10.0945379119366] 6.75987017899484
[10.1120896115899] 6.76710654726749
[10.1278309114277] 6.7744724459544
[10.1449232120067] 6.78196835658125
[10.1617437116802] 6.78959187151955
[10.1776804123074] 6.79734299076928
[10.194516312331] 6.80522075127903
[10.2109891120344] 6.81322370847171
[10.228002011776] 6.82135089929589
[10.2451447118074] 6.8296028052773
[10.2612693123519] 6.8379784633645
[10.2780934125185] 6.8464749844033
[10.2948979120702] 6.85509236839368
[10.3118717111647] 6.86383061533564
[10.3286596108228] 6.87268828065208
[10.3453062102199] 6.88166343824019
[10.3615345098078] 6.89075608809995
[10.3789144102484] 6.89996623023138
[10.3944500098005] 6.90929001242884
[10.4114134097472] 6.91872887926944
[10.4285510098562] 6.92828138617607
[10.4451963091269] 6.93794560704593
[10.4619903089479] 6.9477210603533
[10.4776041088626] 6.95760774609818
[10.4945626081899] 6.96760229360066
[10.5118141090497] 6.97770518438643
[10.5278781084344] 6.98791593692979
[10.5457862084731] 6.99823262512793
[10.5621341085061] 7.00865380440374
[10.5776645084843] 7.0191785117058
[10.594856007956] 7.02980674703412
[10.6117942081764] 7.04053610276019
[10.6288157077506] 7.05136561583259
[10.644505106844] 7.06229528625132
[10.6621121065691] 7.07332270638787
[10.6790822064504] 7.08444787624223
[10.695376005955] 7.0956688697116
[10.7110435059294] 7.10698520527027
[10.7282713064924] 7.11839495681542
[10.7446068068966] 7.12989716129565
[10.761189407669] 7.14149181871096
[10.7788975080475] 7.15317603990713
[10.795107007958] 7.16495030640985
[10.8122207084671] 7.17681172906492
[10.8275634087622] 7.18876030787232
[10.8444657083601] 7.20079507978065
[10.861764607951] 7.21291411868711
[10.8773469077423] 7.22511694306597
[10.8947919076309] 7.23740162681444
[10.9120968068019] 7.24976816993251
[10.9275906067342] 7.26221320174025
[10.945237306878] 7.27473816681478
[10.9621839076281] 7.28734113905328
[10.9777225079015] 7.30001971082724
[10.9952800078318] 7.31277340061094
[11.0117775080726] 7.32560172687869
[11.0287194075063] 7.33850228200198
[11.0448553068563] 7.35147458445509
[11.0615167068318] 7.36451815271232
[11.0781748062] 7.37763106067086
[11.0952512053773] 7.39081138222789
[11.1109957052395] 7.40405863585771
[11.1277620056644] 7.41737234003463
[11.1443762062117] 7.43075056865581
[11.1611905070022] 7.44419187714416
[11.178142006509] 7.45769578397397
[11.1948814066127] 3.58630448963221
[11.2120458064601] 13.6237779610128
[11.2288886057213] 13.664240211268
[11.2445396063849] 13.7049560610332
[11.2614637063816] 13.7459405857922
[11.2779576061293] 13.7871903519985
[11.2957109054551] 13.8286967757868
[11.3113699061796] 13.8704538484509
[11.3275528056547] 13.9124589948313
[11.3458794048056] 13.9547036310623
[11.361576504074] 13.997181748438
[11.3788558049127] 14.0398899134121
[11.3944759052247] 14.0828221172788
[11.4122248049825] 14.1259689177858
[11.4279003050178] 14.1693311733197
[11.4450701046735] 14.2128968664686
[11.4613163042814] 14.2566625636863
[11.4787213038653] 14.3006231146535
[11.4944365043193] 14.3447733690507
[11.5109422039241] 14.3891064597855
[11.5284465048462] 14.4336172365385
[11.5454929042608] 14.4782996906038
[11.561730004847] 14.5231503884351
[11.5783858057112] 14.5681624629399
[11.5952313058078] 14.6133273302527
[11.6122225057334] 10.4812252566725
[11.6282655056566] 20.7525873847112
[11.6444857064635] 20.7120676047168
[11.6618181057274] 20.6728186497198
[11.6776669062674] 20.6348468268723
[11.6949207056314] 20.598171307904
[11.7117696050555] 20.5628097897963
[11.7279598042369] 20.528778494782
[11.7443106044084] 20.4960936450939
[11.7617303039879] 20.4647685134679
[11.7782012037933] 20.4348193221371
[11.7945436034352] 20.4062637680825
[11.8106735032052] 20.3791121745434
[11.8280868027359] 20.3533778142557
[11.8453843034804] 20.3290783842006
[11.861336203292] 20.3062227328688
[11.8780131042004] 20.2848241329963
[11.8951145038009] 20.2648914330737
[11.9111315030605] 20.2464408553339
[11.928162002936] 20.229479773519
[11.9454083032906] 20.2140126118744
[11.9608925031498] 20.200055592633
[11.9781984025612] 20.1876146147884
[11.995615103282] 20.176697052083
[12.0114729041234] 20.1673102782588
[12.0275846039876] 20.1594587175613
[12.0454920036718] 20.1531526932294
[12.0610472038388] 20.1483922052633
[12.0781130045652] 20.1451831526567
[12.094982104376] 20.1435314344032
[12.1121550034732] 20.1434385252515
[12.1277256030589] 20.1449058999498
[12.1446169037372] 20.1479350332467
[12.1612551044673] 20.1525259251422
[12.1780897043645] 20.1586829998815
[12.1946685034782] 20.1664018332194
[12.2126092035323] 20.1756824251559
[12.2279533036053] 20.186521826194
[12.2446052040905] 20.1989200363337
[12.2613547034562] 20.2128711565814
[12.2781714033335] 20.2283707626917
[12.2954248040915] 20.2454188546646
[12.3118181042373] 20.2640036345125
[12.3276201039553] 20.2841251022355
[12.3444558046758] 20.3057699850975
[12.3612609039992] 20.3289382830987
[12.3783461041749] 20.3536152487546
[12.395344004035] 20.3797964578198
[12.4108979040757] 20.4074745365522
[12.428058504127] 20.4366347374674
[12.4442027034238] 20.4672667373263
[12.4611446028575] 20.4993631623866
[12.4776804028079] 20.532909265164
[12.4954105028883] 20.5678976719162
[12.511574502103] 20.6043106856621
[12.5287348022684] 20.6421379831624
[12.5443058023229] 20.6813648169328
[12.5612561022863] 20.7219764394889
[12.5781314028427] 20.7639581033463
[12.5948396036401] 20.8072935862721
[12.6121985027567] 20.8519725650273
[12.6277422029525] 20.8979714436368
[12.6450164038688] 20.9452828483583
[12.6618263032287] 16.7362940248943
[12.6776668038219] 72.3773283853932
[12.6945872046053] 72.520458901103
[12.7122555039823] 72.6831614718337
[12.7276922035962] 72.8653137753099
[12.7450326029211] 73.0666788123512
[12.7619650028646] 73.2869932505348
[12.7776656020433] 73.5259621575472
[12.7945946026593] 71.5413794639845
[12.8121551033109] 63.4004540393166
[12.827636603266] 89.660412278923
[12.8440039027482] 89.9152008380502
[12.8610642030835] 90.1991395782138
[12.8783574029803] 90.5117326270671
[12.8944818023592] 90.8524539195592
[12.9114929027855] 28.5683642338228
[12.9280263036489] 73.293527607168
[12.9447957035154] 73.2752945879067
[12.9612937029451] 73.2781646460918
[12.9780814033002] 73.302096103221
[12.9950802028179] 73.347067500915
[13.0110865030438] 73.4130305578215
[13.0279268026352] 73.499867252856
[13.0447330027819] 73.6074595649343
[13.0617726035416] 73.7356465562143
[13.0775861032307] 73.8842404658801
[13.0943792033941] 74.0530052517632
[13.1109646037221] 74.2416780487215
[13.1276973038912] 74.4499959916127
[13.1444878038019] 74.677626475563
[13.1618673037738] 74.9242315311039
[13.1778822038323] 75.189451730388
[13.1948597040027] 50.7477468588647
[13.2126883044839] 10.1935908466899
[13.2284441050142] 2.18538634998299
[13.2445983048528] 2.18583115718211
[13.2620276045054] 2.18629345012023
[13.278327004984] 2.18677394105384
[13.2952892053872] 2.1872732685091
[13.3110500052571] 2.18779127285447
[13.3281629048288] 2.18832795408995
[13.3444737046957] 2.18888331221554
[13.3617255054414] 2.1894571875997
[13.3789947051555] 2.19004958024244
[13.3951210044324] 2.1906603305122
[13.4110673051327] 2.19128991730361
[13.4288163054734] 2.19193786172206
[13.444534804672] 2.19260432339908
[13.4616739042103] 2.19328914270313
[13.478376403451] 2.19399247926574
[13.4954716041684] 2.1947141734554
[13.5109499040991] 2.19545422527208
[13.5283565036952] 2.19621247508425
[13.5452062040567] 2.19698908252346
[13.5615736041218] 2.1977840475897
[13.57865200378] 2.19859721065143
[13.594540502876] 2.19942857170865
[13.611391203478] 2.20027797112983
[13.6291438043118] 2.20114540891495
[13.644261604175] 2.20203120432711
[13.6613118033856] 2.20293503810323
[13.6784582026303] 2.20385659098021
[13.695161903277] 2.20479666111577
[13.7110925037414] 2.20575429072066
[13.7279643043876] 2.20673011832105
[13.744877204299] 2.2077236650223
[13.7620067037642] 2.20873493082444
[13.7779627032578] 2.20976391572744
[13.7947861030698] 2.2108109389944
[13.8115986026824] 2.21187536209916
[13.8274168018252] 2.21295734467324
[13.8445517010987] 2.21405752524283
[13.8619988001883] 2.21517462675558
[13.8787818010896] 2.21630960700076
[13.8948413003236] 2.21746166782064
[13.9121305011213] 2.21863176700448
[13.9279781002551] 2.2198187871315
[13.9450643006712] 2.22102320709631
[13.9621096998453] 2.22224486726738
[13.9776556994766] 2.22348392727624
[13.9948055986315] 2.22474006785982
[14.0112995989621] 2.22601312938658
[14.0279427990317] 2.22730375038267
[14.045103598386] 2.22861081342732
[14.0620963983238] 2.22993511667823
[14.0772689981386] 2.23127618124077
[14.0949111981317] 2.23263432637803
[14.1121854977682] 2.23400907319539
[14.1281264973804] 2.23540058132439
[14.1454968964681] 2.2368091700281
[14.1614220971242] 2.23823372188575
[14.1788123967126] 2.23967503505504
[14.1945654964074] 2.24113326916751
[14.2110115969554] 2.24260730680237
[14.2277920963243] 2.24409810574888
[14.2453402960673] 2.24560502748087
[14.2612644964829] 2.24712823162987
[14.2784805959091] 2.24866771819589
[14.2952428953722] 2.25022348717894
[14.3109346954152] 2.25179505968438
[14.3278155950829] 2.25338275497531
[14.3455970948562] 2.25498641342017
[14.3614984946325] 2.25660587538744
[14.3784440951422] 2.25824114087711
[14.3945181956515] 2.25989205025763
[14.4108188962564] 2.26155876316056
[14.427354096435] 2.26324111995436
[14.4442697959021] 2.26493896100747
[14.4615190951154] 2.26665228631991
[14.4784932946786] 2.26838093626013
[14.4952442953363] 2.27012507045967
[14.5108884954825] 2.27188436965545
[14.5287440950051] 2.27365899347902
[14.5443474948406] 2.27544862266729
[14.5611770953983] 2.27725277832565
[14.5782164949924] 2.27907257787487
[14.5955536942929] 2.28090706352572
[14.6111735943705] 2.28275655454127
[14.627290694043] 2.2846205720269
[14.6444817949086] 2.2864994352457
[14.661756394431] 2.28839266530305
[14.6777302939445] 2.29030074109356
[14.694238293916] 2.29222318372261
[14.7115365937352] 2.29415983355868
[14.7284098938107] 2.29611085023329
[14.7441869936883] 2.29807639337799
[14.7615102939308] 2.30005582446661
[14.7777233943343] 2.30204946276224
[14.7948447950184] 2.3040569890018
[14.8127248957753] 2.30607856281683
[14.8276992961764] 2.30811386494425
[14.8445413969457] 2.31016273575252
[14.8613792974502] 2.31222581376779
[14.8778500966728] 2.31430230083237
[14.8943752963096] 2.31639187768319
[14.9118552971631] 2.31849550210947
[14.9277370963246] 2.32061221632198
[14.9446459971368] 2.32274217995227
[14.9617169965059] 2.32488555263186
[14.9776511956006] 2.32704201509769
[14.9955183956772] 2.3292114077182
[15.0114623960108] 2.33139389012495
[15.0285046957433] 2.33358914305485
[15.0450345948339] 2.33579716650791
[15.0610214956105] 2.33801812011565
[15.0779272951186] 2.34025168461501
[15.0958318952471] 2.34249786000598
[15.1114063952118] 4.00604418348808
[15.1274548955262] 29.5901237280431
[15.1448897961527] 29.4921312992884
[15.1617582961917] 29.3962386754867
[15.1780821960419] 29.3024971704232
[15.1953676957637] 29.2109742428635
[15.2123820949346] 29.1216885199262
[15.2277624951676] 29.034678469383
[15.2449407959357] 28.9499866082448
[15.2618921967223] 28.8676574781423
[15.2778849964961] 28.7877335960862
[15.2955530965701] 28.71024533137
[15.3112263968214] 28.635239250244
[15.3283514967188] 28.5627558450993
[15.3457480976358] 28.4928275098491
[15.3610994974151] 28.4254927122652
[15.3788807978854] 28.3607818216411
[15.3946210974827] 28.2987333057486
[15.4114943975583] 28.239373484642
[15.4281822973862] 28.1827428507128
[15.4449013965204] 28.128859625537
[15.4620423959568] 28.0777582276472
[15.4787660958245] 28.0294670017175
[15.4947067955509] 32.5964171130913
[15.5109262960032] 44.2426225079115
[15.5280356956646] 44.127757829365
[15.544891894795] 44.0195993796391
[15.5622735945508] 43.9182162674933
[15.5783174941316] 16.7787159616927
[15.5941950948909] 65.3798896007339
[15.6112581947818] 65.3200301338305
[15.6278108945116] 65.2764176135509
[15.6447082953528] 65.2493359149434
[15.6615867959335] 65.2388375774586
[15.6777321966365] 65.2449369300374
[15.695249796845] 65.2676339726798
[15.7111596977338] 65.3068952711902
[15.727691498585] 65.3626873913725
[15.7445643981919] 65.4349195832669
[15.7613263977692] 65.5234915442859
[15.7777464976534] 65.6282886429009
[15.7946449974552] 16.1385933468951
[15.8119915975258] 49.2109315996118
[15.8275705976412] 49.2736316514738
[15.8453102977946] 49.3454535146008
[15.8609938984737] 49.426476010883
[15.8785853991285] 49.5165696093806
[15.8945800988004] 49.6156373889383
[15.9123676987365] 49.7235860180729
[15.9284733990207] 49.8403078066118
[15.9454693989828] 49.965684295365
[15.9612731998786] 50.0996077941597
[15.978418298997] 37.8684817889154
[15.9951168997213] 35.0626985125699
[16.0124112991616] 35.1536744791208
[16.0277995988727] 35.2486079435363
[16.0447876993567] 35.3474682851925
[16.0617996994406] 35.4501685430147
[16.0794800985605] 71.2234825310369
[16.1109698982909] 35.7806638275586
[16.12801699806] 35.8980612645083
[16.1455056974664] 5.2942458120711
[16.1610541976988] 2.94849295517816
[16.1787111982703] 2.94611797565714
[16.1947210989892] 2.94376928049445
[16.211908698082] 2.94144645247806
[16.2291107978672] 2.93915053463806
[16.2445763982832] 2.93688131836844
[16.2622496988624] 2.93463838645715
[16.2776743993163] 2.93242236472225
[16.2952877990901] 2.93023367037577
[16.3112329989672] 2.92807167759967
[16.3279369994998] 2.925937012212
[16.3447443991899] 2.92382967421276
[16.3617525994778] 2.92174945499593
[16.3774961996824] 2.91969698037956
[16.394361699] 2.91767204175764
[16.4114592988044] 2.91567484773618
[16.4280389994383] 2.91370560692121
[16.4455166999251] 2.91176452791874
[16.4614994004369] 2.90985077630469
[16.4783878996968] 2.90796581232121
[16.4956061001867] 2.90610901015023
[16.5115494001657] 2.90428036979175
[16.5281291007996] 2.90248030845781
[16.5448260009289] 2.90070903475442
[16.561809701845] 2.89896613146956
[16.5778857022524] 2.89725201581526
[16.5951684024185] 2.89556647918549
[16.6118699032813] 2.89391035600434
[16.6289406027645] 2.89228281184773
[16.644635302946] 2.89068468113973
[16.6619608029723] 2.88911596388035
[16.6776957027614] 2.88757603425152
[16.6951131019741] 2.88606593528334
[16.712127301842] 2.88458483255174
[16.7279612012208] 2.88313376908681
[16.7452270016074] 2.88171191046447
[16.7622637022287] 2.88031988250279
[16.7780881021172] 2.87895747659574
[16.7940229028463] 2.87762510995535
[16.811328202486] 2.8763223653696
[16.8283532019705] 2.87505007726255
[16.8454957026988] 2.87380761981616
[16.8607313027605] 2.87259499303041
[16.87873450201] 2.87141282272337
[16.8949036011472] 2.87026110889504
[16.9119641007856] 2.86913922572735
[16.9278497016057] 2.86804821625042
[16.9452489009127] 2.86698703743413
[16.9609779017046] 2.86595673230858
[16.9780030017719] 2.86495667505572
[16.9946186011657] 2.86398728288759
[17.0115501014516] 2.86304897301622
[17.0286203017458] 2.86214091101753
[17.0447753025219] 2.86126393131561
[17.0612957021222] 2.8604174080924
[17.0784137016162] 2.85960175855992
[17.0949061019346] 2.85881698271819
[17.1109074028209] 2.85806328917323
[17.1285038022324] 2.85734005210696
[17.1455234019086] 2.85664810594348
[17.1608231021091] 2.85598724207676
[17.1782036023214] 2.85535725190079
[17.1942985029891] 2.85475855262759
[17.2120410026982] 2.85419093565116
[17.2286672024056] 2.85365419236546
[17.2449028016999] 2.85314873998255
[17.2618273021653] 2.85267457850242
[17.2777068028226] 2.85223108210702
[17.2945377035066] 2.85181929382643
[17.3116811038926] 2.8514385878426
[17.3285537036136] 2.85108938136757
[17.3443447044119] 2.85077083997727
[17.3612369047478] 2.8504842153078
[17.3778694039211] 2.85022825572306
[17.394631604664] 2.8500035870411
[17.410946005024] 2.84981083507997
[17.4279572041705] 2.84964895680959
[17.4453151049092] 2.84951816083597
[17.4616208048537] 2.84941907297716
[17.4785488052294] 2.8493508588091
[17.495090004988] 2.84931414414984
[17.5112314047292] 2.84930872039336
[17.5286198044196] 2.84933417032762
[17.5449953051284] 2.8493913283767
[17.5620282059535] 2.8494791515105
[17.5777242062613] 2.84959868275912
[17.5950280064717] 2.84974908769848
[17.6123447073624] 2.84993099214665
[17.6279384074733] 2.85014377028555
[17.645181006752] 2.85038804793326
[17.6612032065168] 2.85066299066569
[17.6783413058147] 2.8509692243009
[17.6953954054043] 2.85130633162685
[17.7114540049806] 2.85167452124956
[17.7277741050348] 2.85207400177506
[17.745844504796] 2.85250414738528
[17.7613012045622] 2.85296516668624
[17.7781814038754] 2.85345705967795
[17.7952698040754] 2.8539798263604
[17.8111715037376] 2.85453325812757
[17.8278116043657] 2.85511735497947
[17.8449345044792] 2.85573253412813
[17.861223904416] 2.8563781697555
[17.8778075035661] 2.85705405325555
[17.8947655037045] 2.85776101905237
[17.9120382033288] 2.85849823272187
[17.9276988040656] 2.85926569426406
[17.9445519037545] 2.860064029497
[17.9619990028441] 2.86089219539058
[17.9786022026092] 4.61656233054231
[17.9946015030146] 30.1099914511019
[18.0119665022939] 30.0233545629718
[18.0286897029728] 29.9392217537756
[18.0444904025644] 29.8575939249728
[18.0620661024004] 29.7785582573487
[18.0780778024346] 29.7021463113071
[18.0950591024011] 29.6284064794674
[18.1109109017998] 29.5573703222337
[18.1276745013893] 29.4890799201445
[18.1451069004834] 29.4235710416577
[18.1614558007568] 29.3608794552311
[18.1784927006811] 29.3010388252955
[18.1952803004533] 29.2440765042011
[18.2125944010913] 29.1900303644327
[18.2277275007218] 29.1389277583403
[18.2448286004364] 29.090796038274
[18.2620288003236] 29.0456562445031
[18.2783548999578] 29.0035378334047
[18.2946627996862] 28.9644660533019
[18.3118229992688] 28.9284514243294
[18.3277194984257] 28.8955234028642
[18.3449515979737] 28.8656904050141
[18.3622389975935] 32.461902138221
[18.3773673977703] 50.1023650666983
[18.3950911983848] 21.6367041762473
[18.4121662992984] 62.4742985055378
[18.4275853997096] 62.4073291799038
[18.4450836004689] 62.354960426388
[18.4619915997609] 62.3172753533251
[18.4787679994479] 62.2943332426548
[18.4951995993033] 62.2861660154216
[18.5110801989213] 62.2927827919238
[18.52856799867] 62.3141790120122
[18.544801899232] 62.3503273147917
[18.5615992983803] 62.4011820987701
[18.5782798985019] 62.4666795218585
[18.5947874980047] 62.5467192607742
[18.612132598646] 62.6412009922348
[18.627518998459] 21.7008473874677
[18.6446205992252] 45.9236244328594
[18.661004498601] 46.0156096367086
[18.6788667980582] 46.1149557924039
[18.6946507971734] 46.2216577203637
[18.711327297613] 46.3356156587578
[18.7276003975421] 28.4171758106068
[18.744600597769] 25.4078899791376
[18.7612007986754] 25.4387255249387
[18.7781579978764] 25.4719280486871
[18.795080197975] 25.5074451783798
[18.8122195973992] 25.5452726205332
[18.8277072971687] 25.5853937541945
[18.8448242964223] 25.6277845713204
[18.8609078964218] 25.6724302977305
[18.8795461962] 51.48768813775
[18.912043296732] 25.8196494651447
[18.927705896087] 25.8730710547152
[18.9453111952171] 25.9286256665816
[18.9623056957498] 25.9862874459282
[18.9780820952728] 26.0460213040766
[18.994280195795] 26.1078106200737
[19.011574995704] 26.1716184584686
[19.028708695434] 26.2374171176731
[19.0450582960621] 26.3051733557811
[19.0611816952005] 26.374857624432
[19.0785967959091] 26.4464385284923
[19.0947418967262] 4.09522252718971
[19.1120353965089] 2.34981886393577
[19.1285327961668] 2.3485852294427
[19.1449362961575] 2.3473651534545
[19.1620742967352] 2.34616303959766
[19.1776174968109] 2.34498277556001
[19.1944620972499] 2.34382077087146
[19.2109537972137] 2.3426777018042
[19.228838997893] 2.34155272301799
[19.2454576985911] 2.34044634171698
[19.2609041985124] 2.33935872696921
[19.2782792989165] 2.33828987877468
[19.2954413983971] 2.33723945899729
[19.3108603982255] 2.33620780577315
[19.3287114975974] 2.33519491910225
[19.3446359978989] 2.33420096805264
[19.3621775982901] 2.33322578355627
[19.3788573974743] 2.33226970374923
[19.3943400979042] 2.33133255956349
[19.4122993983328] 2.33041435099903
[19.4280687980354] 2.32951524712391
[19.4452008977532] 2.32863524793813
[19.4609413985163] 2.32777418437363
[19.4789504986256] 2.32693239456652
[19.4952344987541] 2.32611004758484
[19.5109990984201] 2.32530663622444
[19.5283573977649] 2.32452266768948
[19.5450257975608] 2.3237579729119
[19.5608986970037] 2.3230125518917
[19.5781184975058] 2.32228674276498
[19.5954926982522] 2.32158020739565
[19.6117807980627] 2.32089311485174
[19.6287304982543] 2.32022546513327
[19.6448508985341] 2.31957742730827
[19.6607310976833] 2.31894900137675
[19.6784872971475] 2.31833984920261
[19.6949148979038] 2.31775064705805
[19.7110753972083] 2.31718071867087
[19.7282599974424] 2.31663074031326
[19.7452559974045] 2.31610037384912
[19.7609236966819] 2.31558928114238
[19.7785204965621] 2.31509830753325
[19.7943137958646] 2.31462711488564
[19.8119565956295] 2.31417536506347
[19.8277267962694] 2.31374356527087
[19.8446915969253] 2.31333154643979
[19.8608192969114] 2.31293947763828
[19.8776536975056] 2.31256702073026
[19.8953802976757] 2.3122145138518
[19.9112038984895] 2.31188195700292
[19.9285757988691] 2.31156901204751
[19.9454875979573] 2.31127584805363
[19.9615476988256] 2.31100297222542
[19.9776059985161] 2.31074970829068
[19.9953231979162] 2.31051673252161
[20.0122892986983] 2.31030319957797
[20.0276108989492] 2.31010995479999
[20.0443243989721] 2.30993615284745
[20.0615341989323] 2.30978297719667
[20.0731532992795] 6.92862650382423
[20.1261569997296] 2.30936791514074
[20.1431985991076] 2.30931415150173
[20.1591102993116] 2.30928016882423
[20.1781305996701] 2.30926613617632
[20.1942562991753] 2.30927205355797
[20.2045204993337] 4.61864199751528
[20.2472523991019] 2.30940984401645
[20.2617452992126] 2.30949539244835
[20.2792249983177] 2.30960089090981
[20.2963914992288] 2.30972633940085
[20.3132977997884] 2.30987190698951
[20.3293757000938] 2.3100369174036
[20.3474159995094] 2.3102220469153
[20.3627979997545] 2.31042695738853
[20.3788520991802] 2.31065181789134
[20.3958677984774] 2.31089645935567
[20.4133748989552] 2.31116088178152
[20.4304432980716] 2.3114450851689
[20.4468521978706] 2.3117490695178
[20.4638086985797] 2.31207283482823
[20.4795170985162] 2.31241655016823
[20.4969432987273] 2.31277970833366
[20.5127683989704] 2.31316247839257
[20.5297636985779] 2.313565029413
[20.5466755982488] 2.31398702325886
[20.5635713990778] 2.31442879806625
[20.5791320987046] 2.31489052290321
[20.5961142983288] 2.31537152149756
[20.6133716981858] 2.31587196291733
[20.62931419909] 2.31639184716253
[20.6468455996364] 2.31693151236926
[20.6624527992681] 2.31749045133337
[20.6801944999024] 2.31806883312292
[20.6966703990474] 2.31866648866984
[20.7128688981757] 2.3192835870422
[20.7300267973915] 2.31991995917194
[20.7462380966172] 2.32057577412711
[20.7628523958847] 2.32125069377161
[20.7792911967263] 2.32194505624155
[20.795932197012] 2.32265835433277
[20.8125873962417] 2.32339075711334
[20.8294798964635] 2.32414226458323
[20.8469278970733] 2.32491287674247
[20.8631577966735] 2.32570242452299
[20.8800926962867] 2.32651107699284
[20.8962590964511] 2.32733866508399
[20.9137373967096] 2.32818501972838
[20.9294931972399] 2.3290504790621
[20.9457586975768] 2.32993436681297
[20.9631776968017] 2.33083719018513
[20.9793459968641] 7.86219390654646
[20.996664297767] 51.1872802656866
[21.0132188973948] 51.0867165547877
[21.0299388980493] 50.995211877447
[21.046313197352] 50.9127550783086
[21.0623256964609] 50.8394350436094
[21.0798301966861] 50.7753295488067
[21.0965147959068] 50.7205052585782
[21.1128358962014] 50.6750066160425
[21.1296689966694] 50.6388891750975
[21.1467172959819] 50.6121899716755
[21.1626293966547] 50.5949275237423
[21.1798499962315] 50.587120349264
[21.1968696964905] 50.5887721518339
[21.2125089960173] 50.5998755242655
[21.2296056961641] 50.6204193557792
[21.2467711968347] 23.5703343586277
[21.2625181963667] 67.3425181429546
[21.2806167965755] 44.7603343071428
[21.2962482972071] 53.2322360798343
[21.3122336966917] 53.1510290122073
[21.3292731968686] 53.0799694480204
[21.3464395971969] 53.0190352621173
[21.3637803969905] 52.9682845128597
[21.3787850970402] 52.9277907408393
[21.395950996317] 52.8975771694005
[21.4125554962084] 52.8776708924457
[21.4294585967436] 52.8680951333195
[21.4467763965949] 12.7312255128808
[21.4625728959218] 17.693990527501
[21.4793220954016] 17.6723834104339
[21.4960019951686] 17.6518443063159
[21.5137686943635] 17.6323732151472
[21.5291801942512] 17.6139842065594
[21.5465389946476] 17.5966811177247
[21.5633948938921] 17.5804690648729
[21.5791976945475] 17.5653518851761
[21.5972233945504] 17.5513385320365
[21.6124146943912] 17.5384302845114
[21.6295148944482] 17.5266348169454
[21.64626559522] 17.515950850281
[21.6632684944198] 17.5063860588627
[21.680440695025] 17.4979417217481
[21.6959456950426] 17.4906229551668
[21.7130836956203] 17.4844259219465
[21.7301453948021] 17.4793595754892
[21.7457678951323] 17.4754200786227
[21.7633794955909] 17.4726112685191
[21.7802883964032] 17.4709318661211
[21.7970828972757] 17.4703844295436
[21.8127285968512] 17.4709651216141
[21.8297962974757] 17.4726739423329
[21.8459014967084] 17.4755108916998
[21.8629461973906] 17.4794734116
[21.8792807981372] 17.484560222976
[21.8969575986266] 17.4907700467706
[21.9130160994828] 17.4980977667539
[21.9297317992896] 17.5065395457536
[21.9466023985296] 17.5160928256551
[21.9635050985962] 17.5267537692858
[21.9794359989464] 17.5385147023014
[21.9958466980606] 17.5513769037593
[22.0130687989295] 17.5653275830851
[22.0298432987183] 17.5803654612215
[22.046973599121] 17.5964841428814
[22.0631693992764] 9.7614308778509
[22.0803439989686] 8.95236230359314
[22.0963368993253] 8.93776717521471
[22.112993599847] 8.92340911832302
[22.1297567002475] 8.90926517497025
[22.1472378000617] 8.8953508897164
[22.1624344997108] 8.88166626256146
[22.1802797988057] 8.8682131657182
[22.1966091990471] 8.85499534361215
[22.2131233997643] 8.84201404438514
[22.2303046006709] 8.82926989210809
[22.2458238005638] 8.81676663120654
[22.2632392011583] 8.80450363760957
[22.2790938019753] 8.79248527981361
[22.2967853024602] 8.78071093374774
[22.3125793021172] 8.76918371976659
[22.3296694029123] 8.75790551008289
[22.3464269023389] 8.74687630469666
[22.3635132014751] 8.73610047210435
[22.37992240116] 8.7255767641641
[22.3956570010632] 8.71530705308869
[22.413690501824] 8.70529445923271
[22.4291516020894] 8.69553960666709
[22.4468905013055] 8.68604311946276
[22.4637502022088] 8.67680686983246
[22.4791674017906] 8.66783210591805
[22.4966174010187] 0.752290688444722
[22.5136690009385] 2.49335199516584
[22.5288127008826] 2.49255967632459
[22.5470137000084] 2.4917892549853
[22.5636979993433] 2.49104151978674
[22.579268399626] 2.49031520030503
[22.5962731000036] 2.48961120398581
[22.6134907994419] 2.48892916785082
[22.6294660996646] 2.48826927338918
[22.6464561000466] 2.48763152060089
[22.6633375007659] 2.48701590948596
[22.6804606001824] 2.48642280302264
[22.6962772998959] 2.48585183823268
[22.7135693989694] 2.48530319660519
[22.7296499982476] 2.48477669665106
[22.7462215982378] 2.48427324581592
[22.7635671980679] 2.48379193665413
[22.7795597985387] 2.48333313214395
[22.796403799206] 2.48289665079624
[22.812516098842] 2.48248285558928
[22.8292468991131] 2.48209192801217
[22.846604898572] 2.48172332359754
[22.8634708989412] 2.48137722383452
[22.879687698558] 2.48105435467961
[22.8968994989991] 2.48075344570892
[22.9127752985805] 2.48047594883548
[22.9299826994538] 2.48022095661364
[22.9457352999598] 2.47998865053254
[22.9633259996772] 2.47977939357042
[22.9790957998484] 2.47959282274903
[22.9967998992652] 2.47942893806837
[23.012843599543] 2.4792881025067
[23.0297788996249] 2.47917031606402
[23.0468325987458] 2.47907521576207
[23.0627850983292] 2.47900280160085
[23.0791967976838] 2.47895379953686
[23.096131997183] 2.47892766510274
[23.1127993967384] 2.47892421680935
[23.129988996312] 2.47894399912407
[23.1469060964882] 2.47898646757952
[23.1635671965778] 2.47905216664308
[23.1792556960136] 2.47914055184738
[23.1961374953389] 2.47925234914891
[23.2133066952229] 2.4793870140803
[23.2294857949018] 2.47954472813068
[23.2469242941588] 2.47972530981091
[23.2631829939783] 2.47992894061013
[23.2795421946794] 2.4801554390392
[23.2962987944484] 2.48040516807639
[23.3125087935477] 2.48067758325431
[23.3295180927962] 2.48097341052947
[23.3469618931413] 2.48129192394536
[23.3621920933947] 2.48163348648024
[23.3795054936782] 2.4819980981341
[23.3967446936294] 2.48238575890694
[23.4124233936891] 2.48279610582052
[23.4295402942225] 2.4832296833422
[23.4465677933767] 2.48368594700462
[23.4624512931332] 2.48416525978603
[23.479414193891] 2.48466725870817
[23.4961130945012] 2.48519230674929
[23.5136667946354] 2.48574022242027
[23.5293310945854] 2.48631118721024
[23.5466395942494] 2.48690465665181
[23.5626995945349] 2.48752099372324
[23.5797599954531] 2.48816001693541
[23.5971839958802] 2.48882190777743
[23.6130342958495] 2.48950666624931
[23.6289538955316] 2.4902139293728
[23.6462336955592] 2.49094406012615
[23.6630761949345] 2.49169651404198
[23.67997939419] 2.49247201707679
[23.6961935935542] 2.49326966178496
[23.7134258942679] 2.49409017412299
[23.7289737947285] 2.49493282813437
[23.7459258940071] 2.49579834977562
[23.7630230933428] 2.49668637606847
[23.7790999934077] 2.49759636254554
[23.7960634939373] 2.49852903516336
[23.813673093915] 2.49948384945452
[23.8295085933059] 2.5004611683973
[23.8464732933789] 2.50146081050255
[23.8632883932441] 2.50248241279204
[23.8807507939637] 8.83855795842378
[23.8961617937312] 23.2278747024633
[23.9130373941734] 23.2147073932626
[23.9303105948493] 23.203576094849
[23.9472480947152] 23.1943907875573
[23.9629859952256] 23.1871925474814
[23.9804185954854] 23.1819915560074
[23.9962452957407] 23.178789510033
[24.0126115949824] 23.177588106456
[24.0294412942603] 23.1783873452763
[24.0470539936796] 23.1811906202893
[24.0636237943545] 23.1859894470066
[24.0804807944223] 23.192790613019
[24.0961664943025] 23.2015873307356
[24.1137717934325] 23.2123762063609
[24.1295355940238] 23.2251504523043
[24.145967294462] 5.73094175405943
[24.1633475953713] 63.977935935149
[24.1802374953404] 71.1354668711245
[24.1962655959651] 71.1077688859239
[24.2133767968044] 8.30627011824273
[24.2293060971424] 45.1657088787352
[24.2465950967744] 45.1781738234668
[24.2634692965075] 45.1982433763901
[24.2793462956324] 45.225891086694
[24.2962700957432] 45.2611004226216
[24.3137915963307] 45.3038449333617
[24.3304132958874] 13.3211083314462
[24.3462215950713] 9.4336386524767
[24.362471495755] 9.44356152743295
[24.3799501964822] 9.45377702744863
[24.3969011968002] 9.46428876677305
[24.4132384965196] 9.47509538651029
[24.4298635972664] 9.48619552776444
[24.4465693971142] 9.49758579329573
[24.4623132972047] 9.50926618310415
[24.4795089969411] 9.52123262050196
[24.4964850964025] 9.53348646438509
[24.5134442960843] 9.54602227916988
[24.5305090965703] 9.55884006485633
[24.5471543958411] 9.57193778310058
[24.5626489957795] 9.58531271611081
[24.5802145963535] 9.59896214609518
[24.5965626956895] 9.61288471415779
[24.6138197956607] 9.62707770250681
[24.6302599953488] 9.64153907279838
[24.646815395914] 9.65626678668863
[24.6638152962551] 9.67125812638574
[24.6792483963072] 9.68650901520197
[24.6961513962597] 9.70202149148118
[24.7135740965605] 9.71778944019179
[24.7296479959041] 9.73381082298991
[24.7469682954252] 9.75008496042759
[24.7624045955017] 9.76660573747324
[24.7802302958444] 9.7833738335748
[24.7964663961902] 9.8003858514925
[24.8124296953902] 9.81763839398656
[24.8300299951807] 5.29995779609025
[24.8457892956212] 2.76047423513797
[24.8628030950204] 2.76370781460483
[24.8800765955821] 2.76695329150979
[24.8969397963956] 2.7702110263813
[24.9138484960422] 2.77348065869091
[24.9292739965022] 2.77676218843863
[24.9463241957128] 2.78005507483182
[24.9632320962846] 2.78335985866312
[24.9802936967462] 2.78667581887568
[24.9960323963314] 2.79000349626213
[25.0139266960323] 2.79334253029405
[25.0296321958303] 2.79669219991458
[25.0468574967235] 2.80005358670901
[25.0636626966298] 2.80342560909205
[25.0797662958503] 2.80680826706371
[25.0957586951554] 2.81020192115241
[25.1132857948542] 2.81360639109393
[25.1290947943926] 2.81702131635985
[25.1462501939386] 2.82044651668596
[25.1635317932814] 2.82388217233647
[25.179052493535] 2.82732792278295
[25.1964727928862] 2.83078394828961
[25.2133007934317] 2.83424952779961
[25.2296666940674] 2.837725562634
[25.2460700934753] 2.84121097120752
[25.2634664932266] 2.84470629431279
[25.2801819937304] 2.84821117142139
[25.2968031940982] 2.85172524200489
[25.3127888934687] 2.85524922712015
[25.3299239939079] 2.85878186491768
[25.3470882931724] 2.86232405671853
[25.3634845940396] 2.86587526173007
[25.3791524944827] 2.86943511942388
[25.3963532941416] 2.87300381006416
[25.4125962937251] 2.87658133365091
[25.4302437929437] 2.88016769018415
[25.4460777929053] 2.883762158607
[25.4636458931491] 2.88736527971211
[25.4795035934076] 2.89097687323527
[25.4963900940493] 2.89459639838384
[25.5137772941962] 2.89822385515781
[25.5296462951228] 2.90185996461405
[25.5466783950105] 2.90550328463884
[25.5632958943024] 2.90915453628903
[25.57940869499] 2.9128133590362
[25.5962541950867] 2.91647993314457
[25.6129780942574] 2.25732982484689
[25.6301915934309] 3.36495976189599
[25.6459863940254] 3.3697525705953
[25.6626465944573] 3.37455942856648
[25.6798477945849] 3.37938184409172
[25.6967831952497] 3.38422045652257
[25.7128932951018] 3.38907462650747
[25.7296427944675] 3.3939437146949
[25.7464071949944] 3.3988283604364
[25.7636243952438] 3.40372771126324
[25.7794436952099] 3.40864240652697
[25.7956172944978] 3.41357159375886
[25.8127762945369] 3.41851505984175
[25.8301513949409] 3.4234730178928
[25.8461982952431] 3.42844504167767
[25.86301999446] 3.43343134431352
[25.8798505952582] 3.43843086021447
[25.896316495724] 3.4434446549664
[25.9131190953776] 3.44847187610062
[25.9299230957404] 3.45351231049992
[25.9467929964885] 3.45856574504714
[25.9623976964504] 3.46363175350792
[25.9795110970736] 3.46871118835098
[25.9961012974381] 3.47380298399041
[26.0127932969481] 3.47890714042622
[26.0293971970677] 3.48402365765841
[26.0465931966901] 3.4891523225698
[26.0638048965484] 3.4942931351604
[26.0795248970389] 3.49944545607865
[26.0962609965354] 2.02669066306266
[26.1137021966279] 12.7375289675258
[26.129478296265] 12.7077752985037
[26.1462879963219] 12.6783645972498
[26.1636596955359] 12.6492650355407
[26.1793251950294] 12.6205046674983
[26.1960945948958] 12.5920869193212
[26.2138562947512] 12.5640186434067
[26.2291491944343] 12.5363066921521
[26.2461516950279] 12.5089562048554
[26.2630269955844] 12.4819706077152
[26.2803093958646] 12.4553584662282
[26.2969088964164] 12.4291249196923
[26.3124430961907] 12.4032733943062
[26.329705895856] 12.377809029368
[26.3471352960914] 12.3527412469238
[26.3636690955609] 12.328071760073
[26.379470994696] 12.3038074212129
[26.3974361941218] 12.2799533696415
[26.4127331944183] 12.2565130315574
[26.4299579942599] 12.233495829007
[26.4457606943324] 12.2109026185399
[26.4627785934135] 12.1887393960037
[26.4796348931268] 12.1670113006964
[26.495947192423] 12.1457260415651
[26.5136080915108] 12.1248827620599
[26.5298417909071] 12.1044908842273
[26.54705419112] 12.0845538342659
[26.5634963912889] 12.0650750383743
[26.5790333915502] 12.0460596358505
[26.5958798918873] 12.0275127659925
[26.61368429102] 12.0094369984493
[26.6292393906042] 11.9918383290685
[26.6460460899398] 11.9747210405984
[26.6636423906311] 14.9819190317165
[26.6779644908383] 19.4895864035028
[26.6972580915317] 19.4568230912158
[26.7132835919037] 19.4253866736014
[26.728935492225] 19.3952692469745
[26.745925991796] 19.3664889754059
[26.7631759913638] 19.3390528450767
[26.7802566913888] 19.3129734311128
[26.7964101908728] 19.2882577196953
[26.8124947911128] 19.2649224776588
[26.8296708902344] 19.242971896712
[26.8469511894509] 19.2224143602721
[26.8624318893999] 19.2032596489927
[26.8796184901148] 19.185516146291
[26.8969611898065] 11.1894823819157
[26.9125115899369] 50.3605952863561
[26.9294258905575] 50.3518193462283
[26.9469953896478] 50.3530638669584
[26.9622558895499] 50.3644583673219
[26.9797981902957] 50.3859350283113
[26.9956390894949] 50.417490163579
[27.0137601885945] 50.4590832233015
[27.0293520884588] 50.5106884030458
[27.0457935882732] 50.5722393485556
[27.0627979887649] 50.6436881373123
[27.0803376892582] 8.57489398361632
[27.0970202898607] 54.9052858680434
[27.1124853901565] 54.9397673807644
[27.1294489894062] 54.9861313012332
[27.1457535885274] 55.0444106006215
[27.1633327882737] 55.1145530537352
[27.1804448887706] 55.1964662621537
[27.1963186878711] 55.2900658621019
[27.2129657883197] 55.3952393685461
[27.2298046890646] 12.5562731760209
[27.2467911895365] 24.2465899380304
[27.2637233901769] 24.2192751980422
[27.2804653905332] 24.1941926997878
[27.2958854902536] 20.6731652326535
[27.3128676898777] 18.2031213416887
[27.329872790724] 18.1878190816134
[27.3470958899707] 18.1738092421527
[27.36274969019] 18.161093148866
[27.3791569899768] 18.1496774295513
[27.3959725908935] 18.139564735328
[27.4133402910084] 18.1307630195536
[27.4298339914531] 18.1232709566686
[27.4457823913544] 18.1170938489112
[27.4636657908559] 18.1122356729605
[27.479223690927] 18.1086924521374
[27.4966196902096] 18.1064708142402
[27.5124334897846] 18.105569433709
[27.5291286893189] 18.1059883105441
[27.5458556897938] 18.1077261191857
[27.5631232894957] 18.1107828596338
[27.5803193897009] 18.1151558807693
[27.5963129904121] 18.1208465081518
[27.6127272900194] 18.1278494395428
[27.6292178891599] 18.1361593727039
[27.6460297890007] 18.1457776331947
[27.663345489651] 18.1566962676576
[27.679981989786] 18.1689112994138
[27.6956692896783] 18.1824174262248
[27.712911689654] 18.1972106714119
[27.7268280899152] 25.6698369040558
[27.7603654898703] 3.81210301082201
[27.7759607899934] 3.81783595351679
[27.793643290177] 3.82358795007093
[27.8091278905049] 3.82936481078856
[27.8261407902464] 3.83516207156927
[27.8431367902085] 3.84097973241304
[27.8603900903836] 3.846817550462
[27.876063589938] 3.85267552571613
[27.8935841908678] 3.85855268674386
[27.9101286912337] 3.8644492764031
[27.9257518909872] 3.87036529469382
[27.9429713916034] 3.87629977018447
[27.9599716924131] 3.88225318859083
[27.975789392367] 3.88822457848133
[27.9928026925772] 3.89421466842964
[28.0097301919013] 3.90022224414629
[28.0265895910561] 3.90624779134708
[28.0427959915251] 3.91229009574254
[28.0599740911275] 3.91835037162213
[28.0771433915943] 2.27233702212747
[28.0939450915903] 1.21624612840116
[28.1093259919435] 1.21731705468827
[28.1266761925071] 1.21838993838019
[28.1433434933424] 1.21946462890733
[28.1595330927521] 1.22054105098488
[28.1771506927907] 1.22161927989763
[28.1928455922753] 1.222699165076
[28.2098534926772] 1.22378078180478
[28.2263269927353] 1.22486405479918
[28.242806693539] 1.22594920991358
[28.2592343930155] 1.2270360212936
[28.2769983932376] 1.22812426308482
[28.292576293461] 1.22921446228086
[28.3103808937594] 1.23030609188811
[28.3266839934513] 1.23139945304576
[28.3424746943638] 1.23249439518423
[28.3600709950551] 1.23359099358831
[28.376308995299] 1.23468909768841
[28.3926817951724] 1.23578893333891
[28.4105017958209] 1.23689027468542
[28.4263698952273] 1.23799304644314
[28.4426733953878] 1.23909754975127
[28.4596707960591] 1.24020355875542
[28.4759238967672] 1.24131092288597
[28.492755596526] 1.24241994328213
[28.5097179962322] 0.862750542560561
[28.5263667954132] 1.05761883976492
[28.5431293947622] 1.05813446316445
[28.5594095950946] 1.05865262340479
[28.5771947959438] 1.05917469145259
[28.593477695249] 1.05970074245801
[28.609177694656] 1.06023077642104
[28.6267911950126] 1.0607646430414
[28.6438209945336] 1.06130256776951
[28.6599101936445] 1.06184440030509
[28.6763129932806] 1.06239021579828
[28.6934794941917] 1.0629398639488
[28.7102855937555] 1.06349349505693
[28.726394594647] 1.06405095882238
[28.7435339940712] 1.06461233039531
[28.7594234934077] 1.0651776097757
[28.7763531925157] 1.06574679696356
[28.7932911934331] 1.06631981680875
[28.8111193934456] 2.13437417408265
[28.8441444933414] 1.06806202258855
[28.8605421930552] 1.06865044821318
[28.876474192366] 1.06924270649514
[28.8926171921194] 1.06983879743442
[28.9092739913613] 1.78426262055328
[28.9259924907237] 2.84631023317505
[28.9434810914099] 2.84631757289768
[28.9634429905564] 5.69280164649444
[28.9731410909444] 2.84655159077637
[29.0143670924008] 2.84669746122613
[29.0296729924157] 2.84687688187935
[29.0475677931681] 2.84709068628143
[29.0627437932417] 2.84733845765967
[29.0798776941374] 2.84761977924136
[29.0968360947445] 2.84793506779921
[29.1127239940688] 2.84828453171958
[29.1296264948323] 2.84866754584339
[29.1464304951951] 2.84908494371607
[29.1630779961124] 2.84953610017856
[29.180249796249] 2.8500212236172
[29.1970601966605] 2.85054010564565
[29.2129212962463] 2.85109316303662
[29.23134789709] 5.70398115776441
[29.2634425954893] 2.8529555119074
[29.2808772949502] 2.85364402043029
[29.298141294159] 10.5961434422144
[29.3304944951087] 6.16248456414808
[29.3458959953859] 6.16231583061986
[29.3627362949774] 6.1623059051182
[29.3795821955428] 6.16245523880226
[29.3972161961719] 6.16276383167205
[29.4133405955508] 6.16323168372757
[29.4303230950609] 6.16385924612798
[29.4473828943446] 6.16464606771412
[29.4635075936094] 6.16559259964514
[29.4807129940018] 6.1666983907619
[29.4962621936575] 6.16796298990521
[29.5139426933601] 6.16938775055258
[29.5300212940201] 6.17097177038567
[29.5470256945118] 6.17271459824533
[29.5633175941184] 6.17461668529071
[29.5796871939674] 6.17667667804432
[29.5970375938341] 6.17889592998365
[29.6135536944494] 6.18127398994955
[29.6297732936218] 6.1838095044645
[29.6464205933735] 6.18650337584685
[29.6638047927991] 8.46546389904362
[29.6796716926619] 10.709616197638
[29.6966435918584] 10.7149333117501
[29.7130133910105] 10.7207279404797
[29.7294945912436] 10.7269980900984
[29.7464218912646] 10.7337398500727
[29.7639384912327] 15.7859017973873
[29.7795006912202] 41.531008089324
[29.7969865910709] 41.5251161016211
[29.8143120910972] 41.5264822349473
[29.829534990713] 41.5351831296409
[29.8467919901013] 10.9084805407408
[29.8630424905568] 66.4553472676651
[29.8814120907336] 27.8828305225219
[29.9136131908745] 22.7468532743395
[29.9294842910022] 22.7593121544535
[29.9472117908299] 22.7740028890189
[29.963966390118] 22.7907776514675
[29.9804483894259] 22.809774385743
[29.9967005886137] 7.46061204531943
[30.0139449890703] 0.651436795583057
