[0.0166666675359011] 155.232009189606
[0.0333333350718021] 155.191988912185
[0.0500000026077032] 155.152060756655
[0.0666666701436043] 155.112210692826
[0.0833333376795053] 155.072438754225
[0.100000005215406] 155.032744925952
[0.116666672751307] 154.993143137613
[0.133333340287209] 154.953619310589
[0.15000000782311] 154.914174040928
[0.166666675359011] 154.874806971002
[0.183333342894912] 154.835531881404
[0.200000010430813] 154.796334991541
[0.216666677966714] 154.757216301413
[0.233333345502615] 154.718175811019
[0.250000013038516] 154.679227539373
[0.266666680574417] 154.640357467461
[0.283333348110318] 154.601565595284
[0.300000015646219] 154.562851446004
[0.31666668318212] 154.524229992309
[0.333333350718021] 154.485686261511
[0.350000018253922] 154.447222160959
[0.366666685789824] 154.408833875957
[0.383333353325725] 154.370539240213
[0.400000020861626] 154.332322327366
[0.416666688397527] 154.294183137417
[0.433333355933428] 154.256119763017
[0.450000023469329] 154.218148130527
[0.46666669100523] 154.180256128283
[0.483333358541131] 154.142439941587
[0.500000026077032] 154.104717404151
[0.516666693612933] 154.067068774915
[0.533333361148834] 154.029501683273
[0.550000028684735] 153.992019324036
[0.566666696220636] 153.954614687696
[0.583333363756537] 153.917294783759
[0.600000031292439] 153.88005260272
[0.61666669882834] 153.842895154085
[0.633333366364241] 153.805815428348
[0.650000033900142] 153.768820435014
[0.666666701436043] 153.731906979275
[0.683333368971944] 153.695074441242
[0.700000036507845] 153.658319626107
[0.716666704043746] 153.621653358073
[0.733333371579647] 153.585068007746
[0.750000039115548] 153.548564195013
[0.766666706651449] 153.512141299987
[0.78333337418735] 153.475799942556
[0.800000041723251] 153.439539502831
[0.816666709259152] 153.403360600701
[0.833333376795053] 154.983382628223
[0.850000044330955] 154.939492653531
[0.866666711866856] 154.895684216433
[0.883333379402757] 154.851964326436
[0.900000046938658] 154.80831834464
[0.916666714474559] 154.76475328055
[0.93333338201046] 154.721269754054
[0.950000049546361] 154.67787477466
[0.966666717082262] 154.634553703466
[0.983333384618163] 154.591317364676
[1.00000005215406] 154.548158748783
[1.01666671968997] 154.505088679992
[1.03333338722587] 154.462099528907
[1.05000005476177] 154.419191915416
[1.06666672229767] 154.376365219633
[1.08333338983357] 154.333620061444
[1.10000005736947] 154.290955820961
[1.11666672490537] 154.248373118073
[1.13333339244127] 154.205875147589
[1.15000005997717] 154.163451085305
[1.16666672751307] 154.121110467965
[1.18333339504898] 154.078857777838
[1.20000006258488] 154.036684717956
[1.21666673012078] 153.994587473624
[1.23333339765668] 153.95256604484
[1.25000006519258] 153.910638265315
[1.26666673272848] 153.868788208687
[1.28333340026438] 153.827017782306
[1.30000006780028] 153.785324125148
[1.31666673533618] 153.743723163574
[1.33333340287209] 153.702199924898
[1.35000007040799] 153.660755362793
[1.36666673794389] 153.619402542599
[1.38333340547979] 153.578127445302
[1.40000007301569] 153.536931024577
[1.41666674055159] 153.495812803586
[1.43333340808749] 153.454786801343
[1.45000007562339] 153.413838998835
[1.46666674315929] 153.372969157642
[1.4833334106952] 153.332177754603
[1.5000000782311] 153.291478331892
[1.516666745767] 153.250856989707
[1.5333334133029] 153.210314085675
[1.5500000808388] 153.169849262169
[1.5666667483747] 153.129476568002
[1.5833334159106] 153.089181984164
[1.6000000834465] 153.048965495751
[1.6166667509824] 153.008827106491
[1.6333334185183] 152.968780841914
[1.65000008605421] 152.928812678352
[1.66666675359011] 152.888922627912
[1.68333342112601] 152.849110695249
[1.70000008866191] 152.809390832323
[1.71666675619781] 152.769749109526
[1.73333342373371] 152.730185705673
[1.75000009126961] 152.690700501555
[1.76666675880551] 152.651307396975
[1.78333342634141] 152.61199249213
[1.80000009387732] 152.5727555486
[1.81666676141322] 152.533610823818
[1.83333342894912] 152.494544775608
[1.85000009648502] 152.455556450295
[1.86666676402092] 152.416646324717
[1.88333343155682] 152.377828417886
[1.90000009909272] 152.339088233952
[1.91666676662862] 152.300426726591
[1.93333343416452] 152.261843895801
[1.95000010170043] 152.223351853247
[1.96666676923633] 152.184938487264
[1.98333343677223] 152.146603797854
[2.00000010430813] 152.108346831341
[2.01666677184403] 152.070183514087
[2.03333343937993] 152.032094105033
[2.05000010691583] 151.994082418876
[2.06666677445173] 151.956148455617
[2.08333344198763] 151.918308141617
[2.10000010952353] 151.880541735817
[2.11666677705944] 151.84285877496
[2.13333344459534] 151.80525673181
[2.15000011213124] 151.767736226254
[2.16666677966714] 151.730296638405
[2.18333344720304] 151.692945597658
[2.20000011473894] 151.65566846511
[2.21666678227484] 151.618479879663
[2.23333344981074] 151.581365202417
[2.25000011734664] 151.544339072272
[2.26666678488255] 151.507390665024
[2.28333345241845] 151.47052699018
[2.30000011995435] 151.433741038234
[2.31666678749025] 151.397036003994
[2.33333345502615] 151.360412507348
[2.35000012256205] 151.323877557804
[2.36666679009795] 151.28741651646
[2.38333345763385] 151.251036392823
[2.40000012516975] 151.214745436175
[2.41666679270566] 151.178527767839
[2.43333346024156] 153.353180417816
[2.45000012777746] 153.309309563885
[2.46666679531336] 153.26551962766
[2.48333346284926] 153.221818858425
[2.50000013038516] 153.178191377501
[2.51666679792106] 153.134652443679
[2.53333346545696] 153.091195047451
[2.55000013299286] 153.04781856893
[2.56666680052876] 153.004523628003
[2.58333346806467] 152.961309604784
[2.60000013560057] 152.918177119158
[2.61666680313647] 152.875129365937
[2.63333347067237] 152.832155520916
[2.65000013820827] 152.789270222996
[2.66666680574417] 152.746462647973
[2.68333347328007] 152.703739805354
[2.70000014081597] 152.661094685633
[2.71666680835187] 152.618534298316
[2.73333347588778] 152.576051633896
[2.75000014342368] 152.533653701879
[2.76666681095958] 152.491333492761
[2.78333347849548] 152.449106932901
[2.80000014603138] 152.406956188589
[2.81666681356728] 152.364881259827
[2.83333348110318] 152.322885961311
[2.85000014863908] 152.280980497356
[2.86666681617498] 152.239154663648
[2.88333348371089] 152.197406552837
[2.90000015124679] 152.155736164923
[2.91666681878269] 152.114158472594
[2.93333348631859] 152.072659456836
[2.95000015385449] 152.031238163976
[2.96666682139039] 151.989894594014
[2.98333348892629] 151.948643719636
[3.00000015646219] 151.907471044993
[3.01666682399809] 151.866376093247
[3.03333349153399] 151.825359818073
[3.0500001590699] 151.784435284809
[3.0666668266058] 151.743588951279
[3.0833334941417] 151.702821055903
[3.1000001616776] 151.662131121843
[3.1166668292135] 151.62153340653
[3.1333334967494] 151.581014010162
[3.1500001642853] 151.540572753923
[3.1666668318212] 151.500209578209
[3.1833334993571] 151.459938531836
[3.20000016689301] 151.419745573439
[3.21666683442891] 151.379630720713
[3.23333350196481] 151.339607991739
[3.25000016950071] 151.299663368436
[3.26666683703661] 151.259796833109
[3.28333350457251] 151.22000840811
[3.30000017210841] 151.180312112451
[3.31666683964431] 151.140693956922
[3.33333350718021] 151.101154060733
[3.35000017471611] 151.061692364278
[3.36666684225202] 151.022322767361
[3.38333350978792] 150.983031370179
[3.40000017732382] 150.943818172731
[3.41666684485972] 150.904683175018
[3.43333351239562] 150.865640396052
[3.45000017993152] 150.826675339984
[3.46666684746742] 150.787788960487
[3.48333351500332] 150.748980303888
[3.50000018253922] 150.710264342874
[3.51666685007513] 150.671626104757
[3.53333351761103] 150.633066543211
[3.55000018514693] 150.594584704564
[3.56666685268283] 150.5561955615
[3.58333352021873] 150.51788318766
[3.60000018775463] 150.479650444066
[3.61666685529053] 150.441495423369
[3.63333352282643] 150.403430237234
[3.65000019036233] 150.365440866648
[3.66666685789824] 150.327531126308
[3.68333352543414] 150.289713127878
[3.70000019297004] 150.251972852345
[3.71666686050594] 150.214312207059
[3.73333352804184] 150.176732479479
[3.75000019557774] 150.139234289494
[3.76666686311364] 150.101820831912
[3.78333353064954] 150.064485097228
[3.80000019818544] 150.027234094948
[3.81666686572134] 149.990060815566
[3.83333353325725] 149.952972268587
[3.85000020079315] 149.915961444506
[3.86666686832905] 149.879035352828
[3.88333353586495] 149.842186984048
[3.90000020340085] 149.805427162369
[3.91666687093675] 149.76874124889
[3.93333353847265] 149.732136253118
[3.95000020600855] 149.695619804447
[3.96666687354445] 149.659184893371
[3.98333354108036] 149.622830900001
[4.00000020861626] 149.586558444226
[4.01666687615216] 150.472702724998
[4.03333354368806] 150.428919988907
[4.05000021122396] 150.385225799917
[4.06666687875986] 150.341613148522
[4.08333354629576] 150.298073785439
[4.10000021383166] 150.254623589345
[4.11666688136756] 150.211254310957
[4.13333354890347] 150.16795894077
[4.15000021643937] 150.124752117684
[4.16666688397527] 150.081623017495
[4.18333355151117] 150.038582464407
[4.20000021904707] 149.99561581952
[4.21666688658297] 149.952733907036
[4.23333355411887] 149.90992971745
[4.25000022165477] 149.867210260268
[4.26666688919067] 149.82457234068
[4.28333355672657] 149.782015338799
[4.30000022426248] 149.739543069322
[4.31666689179838] 149.69715233744
[4.33333355933428] 149.654844430612
[4.35000022687018] 149.612614246682
[4.36666689440608] 149.57046178565
[4.38333356194198] 149.528399159179
[4.40000022947788] 149.486416162954
[4.41666689701378] 149.444508982278
[4.43333356454968] 149.402681431849
[4.45000023208559] 149.36094371598
[4.46666689962149] 149.319286584032
[4.48333356715739] 149.277706221308
[4.50000023469329] 149.236205488829
[4.51666690222919] 149.194795544586
[4.53333356976509] 149.153464276915
[4.55000023730099] 149.112211208979
[4.56666690483689] 149.071036340777
[4.58333357237279] 149.029953691323
[4.6000002399087] 148.988948764766
[4.6166669074446] 148.94802251478
[4.6333335749805] 148.907174226111
[4.6500002425164] 148.866418156189
[4.6666669100523] 148.825740286002
[4.6833335775882] 148.78514061555
[4.7000002451241] 148.744633163844
[4.71666691266] 148.70420373306
[4.7333335801959] 148.663852472208
[4.7500002477318] 148.623579306782
[4.76666691526771] 148.583398263246
[4.78333358280361] 148.543295320608
[4.80000025033951] 148.50327048108
[4.81666691787541] 148.4633237499
[4.83333358541131] 148.423469129435
[4.85000025294721] 148.383692589494
[4.86666692048311] 148.343994219486
[4.88333358801901] 148.304373930004
[4.90000025555491] 148.264845740059
[4.91666692309082] 148.225395511431
[4.93333359062672] 148.186023720955
[4.95000025816262] 148.146730130215
[4.96666692569852] 148.107528519803
[4.98333359323442] 148.068405347544
[5.00000026077032] 148.02936037502
[5.01666692830622] 147.99039360223
[5.03333359584212] 147.951519048188
[5.05000026337802] 147.912721740206
[5.06666693091393] 147.87400406247
[5.08333359844983] 147.835363153958
[5.10000026598573] 147.796814941029
[5.11666693352163] 147.758345404673
[5.13333360105753] 147.719953591214
[5.15000026859343] 147.681639500653
[5.16666693612933] 147.64341905935
[5.18333360366523] 147.605276340945
[5.20000027120113] 147.567209438088
[5.21666693873703] 147.529234277142
[5.23333360627294] 147.491336839093
[5.25000027380884] 147.453517123942
[5.26666694134474] 147.415780233846
[5.28333360888064] 147.378122973996
[5.30000027641654] 147.34055044655
[5.31666694395244] 147.303055642001
[5.33333361148834] 147.265649384554
[5.35000027902424] 147.228317035306
[5.36666694656014] 147.191069418463
[5.38333361409605] 147.153899524516
[5.40000028163195] 147.116818177671
[5.41666694916785] 147.079810739026
[5.43333361670375] 147.042891847483
[5.45000028423965] 147.006053873645
[5.46666695177555] 146.969297437403
[5.48333361931145] 146.932625733564
[5.50000028684735] 146.896027937926
[5.51666695438325] 146.859518689388
