[0] 0
[0.0199999995529652] 0
[0.0366666689515114] 1.26880758079058E-06
[0.0533333383500576] 2.54995556792936E-06
[0.0700000077486038] 2.76028062050649E-06
[0.08666667714715] 2.43180102358023E-06
[0.103333346545696] 2.70070511206833E-06
[0.120000015944242] 2.02991047436739E-06
[0.136666685342789] 1.84207975544197E-06
[0.153333354741335] 2.16299820868964E-06
[0.170000024139881] 2.29741031356125E-06
[0.186666693538427] 3.24842851822943E-06
[0.203333362936974] 2.5417826384054E-06
[0.22000003233552] 2.37301135237763E-06
[0.236666701734066] 2.02346840564956E-06
[0.253333371132612] 2.79411018623158E-06
[0.270000040531158] 2.98518059559283E-06
[0.286666709929705] 2.81748936621898E-06
[0.303333379328251] 3.59662974919879E-06
[0.320000048726797] 3.41224151257109E-06
[0.336666718125343] 2.92227306272045E-06
[0.35333338752389] 3.61929457473164E-06
[0.370000056922436] 2.82953882361081E-06
[0.386666726320982] 3.14130319414932E-06
[0.403333395719528] 3.59235701001032E-06
[0.420000065118074] 3.83345398830631E-06
[0.436666734516621] 3.18808838988514E-06
[0.453333403915167] 3.8163958786564E-06
[0.470000073313713] 4.03312389442576E-06
[0.486666742712259] 3.6938435068954E-06
[0.503333412110806] 3.62344357246073E-06
[0.520000081509352] 4.35875530863472E-06
[0.536666750907898] 3.51346704806586E-06
[0.553333420306444] 3.71742001312514E-06
[0.57000008970499] 4.05454607815157E-06
[0.586666759103537] 4.30042765641972E-06
[0.603333428502083] 3.13046720785104E-06
[0.620000097900629] 4.25611266696307E-06
[0.636666767299175] 4.32667019790939E-06
[0.653333436697721] 3.44548716340693E-06
[0.670000106096268] 4.82520188811381E-06
[0.686666775494814] 4.30636109330493E-06
[0.70333344489336] 4.51334603320989E-06
[0.720000114291906] 5.71960312535773E-06
[0.736666783690453] 4.59381208761669E-06
[0.753333453088999] 3.30305848378951E-06
[0.770000122487545] 5.28393602215761E-06
[0.786666791886091] 4.2560772588646E-06
[0.803333461284637] 3.85309116960257E-06
[0.820000130683184] 5.59270324800042E-06
[0.83666680008173] 4.54187526436597E-06
[0.853333469480276] 4.2178227735661E-06
[0.870000138878822] 6.27002736418252E-06
[0.886666808277369] 4.59822134831011E-06
[0.903333477675915] 5.79599178724767E-06
[0.920000147074461] 5.70588769875318E-06
[0.936666816473007] 4.62704615036616E-06
[0.953333485871553] 5.03630231208278E-06
[0.9700001552701] 5.64718682835396E-06
[0.986666824668646] 4.28495528372858E-06
[1.00333349406719] 6.86450952294838E-06
[1.02000016346574] 6.26912893224747E-06
[1.03666683286428] 4.87720041932042E-06
[1.05333350226283] 6.53251358696642E-06
[1.07000017166138] 6.02397080759264E-06
[1.08666684105992] 4.64400215864972E-06
[1.10333351045847] 6.32635062722487E-06
[1.12000017985702] 5.58348879036942E-06
[1.13666684925556] 5.29778238869582E-06
[1.15333351865411] 7.40078269027306E-06
[1.17000018805265] 5.48888167204005E-06
[1.1866668574512] 5.7300128853962E-06
[1.20333352684975] 7.54663967064643E-06
[1.22000019624829] 5.10344522517194E-06
[1.23666686564684] 6.69878022327989E-06
[1.25333353504539] 7.81662350483672E-06
[1.27000020444393] 5.19702686095014E-06
[1.28666687384248] 7.41603831512368E-06
[1.30333354324102] 7.18585881078927E-06
[1.32000021263957] 5.63839876584312E-06
[1.33666688203812] 7.75883731408838E-06
[1.35333355143666] 6.39981473054524E-06
[1.37000022083521] 6.50760034936471E-06
[1.38666689023376] 8.2372060336101E-06
[1.4033335596323] 6.17235352480439E-06
[1.42000022903085] 7.27001677797611E-06
[1.43666689842939] 7.98573397310555E-06
[1.45333356782794] 5.7618515334863E-06
[1.47000023722649] 7.76272219051542E-06
[1.48666690662503] 8.03467492328405E-06
[1.50333357602358] 5.71342272317899E-06
[1.52000024542212] 8.61015441582719E-06
[1.53666691482067] 6.548042403023E-06
[1.55333358421922] 7.53955695889393E-06
[1.57000025361776] 9.54555999742244E-06
[1.58666692301631] 6.43694402359032E-06
[1.60333359241486] 9.02194410220186E-06
[1.6200002618134] 8.88265689307527E-06
[1.63666693121195] 6.80360375370297E-06
[1.65333360061049] 9.77470633098743E-06
[1.67000027000904] 7.54245818827441E-06
[1.68666693940759] 6.94934762348684E-06
[1.70333360880613] 9.48089105728158E-06
[1.72000027820468] 6.84024089954761E-06
[1.73666694760323] 8.24739596577042E-06
[1.75333361700177] 9.07896628163632E-06
[1.77000028640032] 5.77098112409464E-06
[1.78666695579886] 9.78916825097334E-06
[1.80333362519741] 8.22249309153991E-06
[1.82000029459596] 7.23107984980478E-06
[1.8366669639945] 1.01645234829597E-05
[1.85333363339305] 7.5593028999358E-06
[1.8700003027916] 9.45028588869175E-06
[1.88666697219014] 1.02720636975089E-05
[1.90333364158869] 7.23880182884597E-06
[1.92000031098723] 1.0388472214558E-05
[1.93666698038578] 8.51235664421648E-06
[1.95333364978433] 9.25446001946801E-06
[1.97000031918287] 1.13245835228921E-05
[1.98666698858142] 8.54492102201084E-06
[2.00333365797997] 9.78104622877303E-06
[2.02000032737851] 1.0611955600392E-05
[2.03666699677706] 7.98796713629661E-06
[2.0533336661756] 1.12470978369177E-05
[2.07000033557415] 9.05177140092242E-06
[2.0866670049727] 9.81184474638012E-06
[2.10333367437124] 1.19098285256033E-05
[2.12000034376979] 8.17538340372905E-06
[2.13666701316833] 1.12454299447494E-05
[2.15333368256688] 1.00279691202717E-05
[2.17000035196543] 9.48812552382093E-06
[2.18666702136397] 1.20272228836171E-05
[2.20333369076252] 9.18707924300533E-06
[2.22000036016107] 1.05301322789991E-05
[2.23666702955961] 1.13419920045136E-05
[2.25333369895816] 9.10025137294947E-06
[2.2700003683567] 1.28437305532608E-05
[2.28666703775525] 9.97693807941543E-06
[2.3033337071538] 1.04516929055143E-05
[2.32000037655234] 1.27192133007519E-05
[2.33666704595089] 9.552993346887E-06
[2.35333371534944] 1.21440420335125E-05
[2.37000038474798] 1.09410931655985E-05
[2.38666705414653] 1.00323328493526E-05
[2.40333372354507] 1.27314814976519E-05
[2.42000039294362] 1.08916167736311E-05
[2.43666706234217] 1.22685915881152E-05
[2.45333373174071] 1.23085308473852E-05
[2.47000040113926] 1.02844143701473E-05
[2.48666707053781] 1.38517086814329E-05
[2.50333373993635] 1.0658260873144E-05
[2.5200004093349] 1.17485063503428E-05
[2.53666707873344] 1.30206565161883E-05
[2.55333374813199] 1.09651196156983E-05
[2.57000041753054] 1.39955595542906E-05
[2.58666708692908] 1.13839176602728E-05
[2.60333375632763] 1.17692322101961E-05
[2.62000042572618] 1.41041813624677E-05
[2.63666709512472] 1.05565652256512E-05
[2.65333376452327] 1.33996963970396E-05
[2.67000043392181] 1.23396750492771E-05
[2.68666710332036] 1.16287650615039E-05
[2.70333377271891] 1.507939344493E-05
[2.72000044211745] 1.12353007695041E-05
[2.736667111516] 1.37963807067347E-05
[2.75333378091455] 1.43674311875509E-05
[2.77000045031309] 1.17671144641211E-05
[2.78666711971164] 1.57937857575739E-05
[2.80333378911018] 1.24037610406284E-05
[2.82000045850873] 1.41552486380066E-05
[2.83666712790728] 1.52170663996126E-05
[2.85333379730582] 1.25076452461112E-05
[2.87000046670437] 1.56736654486132E-05
[2.88666713610291] 1.26420725414187E-05
[2.90333380550146] 1.45415111828622E-05
[2.92000047490001] 1.62577305244958E-05
[2.93666714429855] 1.24359960522044E-05
[2.9533338136971] 1.58600161933727E-05
[2.97000048309565] 1.38126059683278E-05
[2.98666715249419] 1.4778986716657E-05
[3.00333382189274] 1.60078572028569E-05
[3.02000049129128] 1.26728394170294E-05
[3.03666716068983] 1.64035014263664E-05
[3.05333383008838] 1.47411563840641E-05
[3.07000049948692] 1.43069694568497E-05
[3.08666716888547] 1.69333226157808E-05
[3.10333383828402] 1.39905448881442E-05
[3.12000050768256] 1.71917271050758E-05
[3.13666717708111] 1.56704616217234E-05
[3.15333384647965] 1.51102540097153E-05
[3.1700005158782] 1.7842453658219E-05
[3.18666718527675] 1.4418316151432E-05
[3.20333385467529] 1.70161564371274E-05
[3.22000052407384] 1.63039227737404E-05
[3.23666719347239] 1.50158857565384E-05
[3.25333386287093] 1.77151816462268E-05
[3.27000053226948] 1.47505029092264E-05
[3.28666720166802] 1.75305020271213E-05
[3.30333387106657] 1.69731154010038E-05
[3.32000054046512] 1.52424426795415E-05
[3.33666720986366] 1.85835471468239E-05
[3.35333387926221] 1.54314683556423E-05
[3.37000054866076] 1.78666456310111E-05
[3.3866672180593] 1.80322560985214E-05
[3.40333388745785] 1.60820140800617E-05
[3.42000055685639] 1.94026223931945E-05
[3.43666722625494] 1.63580501298912E-05
[3.45333389565349] 1.87785388829065E-05
[3.47000056505203] 1.78810290606783E-05
[3.48666723445058] 1.61593529634623E-05
[3.50333390384912] 1.98770630876734E-05
[3.52000057324767] 1.72821120297493E-05
[3.53666724264622] 1.85946705152891E-05
[3.55333391204476] 1.97078689554892E-05
[3.57000058144331] 1.74256025102134E-05
[3.58666725084186] 2.03478147619711E-05
[3.6033339202404] 1.83845367883889E-05
[3.62000058963895] 1.85228576150725E-05
[3.63666725903749] 2.02641681071822E-05
[3.65333392843604] 1.75752589539956E-05
[3.67000059783459] 2.05511743285125E-05
[3.68666726723313] 2.01422048923316E-05
[3.70333393663168] 1.8348110486447E-05
[3.72000060603023] 2.13920247379128E-05
[3.73666727542877] 1.87102750284509E-05
[3.75333394482732] 2.00757396143191E-05
[3.77000061422586] 2.11774998939751E-05
[3.78666728362441] 1.90911578279597E-05
[3.80333395302296] 2.16728366022398E-05
[3.8200006224215] 1.98755958568367E-05
[3.83666729182005] 2.04910738397413E-05
[3.8533339612186] 2.20472390704535E-05
[3.87000063061714] 2.0029802339953E-05
[3.88666730001569] 2.20534355221685E-05
[3.90333396941423] 2.15411167211337E-05
[3.92000063881278] 2.08826303755753E-05
[3.93666730821133] 2.22755283749493E-05
[3.95333397760987] 2.05973195359266E-05
[3.97000064700842] 2.25317603622819E-05
[3.98666731640697] 2.27798293061781E-05
[4.00333398580551] 2.18719114394541E-05
[4.02000065520406] 2.38867496430089E-05
[4.0366673246026] 2.14456756965299E-05
[4.05333399400115] 2.22061159515249E-05
[4.0700006633997] 2.40064614279889E-05
[4.08666733279824] 2.28151950646575E-05
[4.10333400219679] 2.34491242517574E-05
[4.12000067159534] 2.32591737685645E-05
[4.13666734099388] 2.25445959505237E-05
[4.15333401039243] 2.45058502707049E-05
[4.17000067979097] 2.33490549795106E-05
[4.18666734918952] 2.37913879303004E-05
[4.20333401858807] 2.47376394217572E-05
[4.22000068798661] 2.36431450726514E-05
[4.23666735738516] 2.49654699989268E-05
[4.2533340267837] 2.58014418221926E-05
[4.27000069618225] 2.47704253247039E-05
[4.2866673655808] 2.57485113125979E-05
[4.30333403497934] 2.46098399800168E-05
[4.32000070437789] 2.48449721987725E-05
[4.33666737377644] 2.65411435999843E-05
[4.35333404317498] 2.56425041571346E-05
[4.37000071257353] 2.61634890605665E-05
[4.38666738197207] 2.67944430761495E-05
[4.40333405137062] 2.5225185067725E-05
[4.42000072076917] 2.65691313344703E-05
[4.43666739016771] 2.75943406412152E-05
[4.45333405956626] 2.67167366016951E-05
[4.47000072896481] 2.82888554955477E-05
[4.48666739836335] 2.84015110905289E-05
[4.5033340677619] 2.75244623066432E-05
[4.52000073716044] 2.81180390507651E-05
[4.53666740655899] 2.76868587466972E-05
[4.55333407595754] 2.79703855843324E-05
[4.57000074535608] 2.88385457707658E-05
[4.58666741475463] 2.87258824223499E-05
[4.60333408415318] 2.89498021034698E-05
[4.62000075355172] 2.99406769792259E-05
[4.63666742295027] 2.97457900325186E-05
[4.65333409234881] 3.00570886054583E-05
[4.67000076174736] 3.08732955664834E-05
[4.68666743114591] 2.97208120460484E-05
[4.70333410054445] 3.04200480708424E-05
[4.720000769943] 2.99219473376043E-05
[4.73666743934155] 2.99050327274796E-05
[4.75333410874009] 3.11631396455174E-05
[4.77000077813864] 3.19543146545933E-05
[4.78666744753718] 3.18689192621988E-05
[4.80333411693573] 3.27353069640758E-05
[4.82000078633428] 3.21722411944498E-05
[4.83666745573282] 3.10884277108908E-05
[4.85333412513137] 3.24904629154593E-05
[4.87000079452991] 3.2464512734923E-05
[4.88666746392846] 3.24538355000733E-05
[4.90333413332701] 3.41347419898577E-05
[4.92000080272555] 3.40152847598155E-05
[4.9366674721241] 3.28747312472718E-05
[4.95333414152265] 3.4544518218141E-05
[4.97000081092119] 3.43538223869563E-05
[4.98666748031974] 3.32384652552006E-05
[5.00333414971828] 3.50175801957434E-05
[5.02000081911683] 3.52560289285392E-05
[5.03666748851538] 3.4967071134757E-05
[5.05333415791392] 3.66334246132545E-05
[5.07000082731247] 3.70178429562089E-05
[5.08666749671102] 3.61700344006875E-05
[5.10333416610956] 3.79778850814855E-05
[5.12000083550811] 3.82298111078838E-05
[5.13666750490665] 3.72424877094693E-05
[5.1533341743052] 3.85597506905994E-05
[5.17000084370375] 3.87569927057226E-05
[5.18666751310229] 3.75073996132208E-05
[5.20333418250084] 3.91353405395255E-05
[5.22000085189939] 3.9630610144335E-05
[5.23666752129793] 3.87641448866504E-05
[5.25333419069648] 4.00723604411915E-05
[5.27000086009502] 4.07845754811612E-05
[5.28666752949357] 4.04118306071926E-05
[5.30333419889212] 4.03706443322264E-05
[5.32000086829066] 4.24070661160744E-05
[5.33666753768921] 4.25658922133275E-05
[5.35333420708776] 4.2165682955056E-05
[5.3700008764863] 4.40568696192135E-05
[5.38666754588485] 4.38850962986155E-05
[5.40333421528339] 4.30857429081673E-05
[5.42000088468194] 4.46427376075079E-05
[5.43666755408049] 4.55882737245987E-05
[5.45333422347903] 4.40119665106653E-05
[5.47000089287758] 4.53916844291746E-05
[5.48666756227612] 4.67203118668021E-05
[5.50333423167467] 4.57444441331944E-05
[5.52000090107322] 4.70157483708526E-05
[5.53666757047176] 4.85610932411235E-05
[5.55333423987031] 4.80923570405271E-05
[5.57000090926886] 4.78715470401927E-05
[5.5866675786674] 5.00472616133027E-05
[5.60333424806595] 5.01219707808381E-05
[5.62000091746449] 4.91813369090251E-05
[5.63666758686304] 5.11837056537093E-05
[5.65333425626159] 5.21353830898026E-05
[5.67000092566013] 5.15125232641813E-05
[5.68666759505868] 5.26356029475887E-05
[5.70333426445723] 5.42213990136288E-05
[5.72000093385577] 5.38801643287193E-05
[5.73666760325432] 5.43019882697867E-05
[5.75333427265286] 5.64235194913834E-05
[5.77000094205141] 5.69565950846882E-05
[5.78666761144996] 5.69755990125096E-05
[5.8033342808485] 5.82713536982271E-05
[5.82000095024705] 5.98439365474843E-05
[5.8366676196456] 6.00147802645897E-05
[5.85333428904414] 6.07620026931522E-05
[5.87000095844269] 6.2821567165507E-05
[5.88666762784123] 6.35824898381135E-05
[5.90333429723978] 6.3394816534826E-05
[5.92000096663833] 6.45765524675348E-05
[5.93666763603687] 6.63572632614221E-05
[5.95333430543542] 6.7360016340439E-05
[5.97000097483397] 6.87247663782262E-05
[5.98666764423251] 7.09090370119382E-05
[6.00333431363106] 7.24547631772549E-05
[6.0200009830296] 7.33780277626388E-05
[6.03666765242815] 7.44619396771165E-05
[6.0533343218267] 7.66552771579593E-05
[6.07000099122524] 7.96775314782058E-05
[6.08666766062379] 8.30637238884149E-05
[6.10333433002234] 8.52771626941277E-05
[6.12000099942088] 8.61244247828208E-05
[6.13666766881943] 8.81121777484368E-05
[6.15333433821797] 9.20941666524034E-05
[6.17000100761652] 9.58604575952085E-05
[6.18666767701507] 9.88490291773762E-05
[6.20333434641361] 0.00010361447332849
[6.22000101581216] 0.000111134758434555
[6.2366676852107] 0.000119296432813594
[6.25333435460925] 0.000126538612756013
[6.2700010240078] 0.000134834221287061
[6.28666769340634] 0.000146676593525812
[6.30333436280489] 0.000164164355246251
[6.32000103220344] 0.000188717384873779
[6.33666770160198] 0.000220326727953195
[6.35333437100053] 0.000258907928381564
[6.37000104039907] 0.000283773739980329
[6.38666770979762] 0.000237843371522218
[6.40333437919617] 0.000152008165283081
[6.42000104859471] 0.000143369101148097
[6.43666771799326] 0.000175973321937194
[6.45333438739181] 0.000133501897756717
[6.47000105679035] 7.34241231518221E-05
[6.4866677261889] 9.6229565772894E-05
[6.50333439558744] 0.000125231372484233
[6.52000106498599] 8.08579956189012E-05
[6.53666773438454] 5.79104937127106E-05
[6.55333440378308] 0.000103448090247529
[6.57000107318163] 0.000103348203572223
[6.58666774258018] 4.31660883144396E-05
[6.60333441197872] 4.77818371668951E-05
[6.62000108137727] 9.66493525738115E-05
[6.63666775077581] 6.94700051047975E-05
[6.65333442017436] 3.23438625286693E-05
[6.67000108957291] 7.64999676218134E-05
[6.68666775897145] 9.77547217830738E-05
[6.70333442837] 4.13345765415546E-05
[6.72000109776855] 2.93787518707485E-05
[6.73666776716709] 7.61327738213506E-05
[6.75333443656564] 6.35052296050842E-05
[6.77000110596418] 2.27959480495947E-05
[6.78666777536273] 6.10155139092238E-05
[6.80333444476128] 9.13316660780224E-05
[6.82000111415982] 4.10382945559053E-05
[6.83666778355837] 2.53802931730114E-05
[6.85333445295691] 6.47098151422813E-05
[6.87000112235546] 5.12655831579461E-05
[6.88666779175401] 1.91577105962865E-05
[6.90333446115255] 5.32505896044161E-05
[6.9200011305511] 7.59106215628853E-05
[6.93666779994965] 3.73305374120127E-05
[6.95333446934819] 3.66842886363016E-05
[6.97000113874674] 6.37677013292863E-05
[6.98666780814528] 3.25258098434696E-05
[7.00333447754383] 1.57747264815552E-05
[7.02000114694238] 3.22836231154527E-05
[7.03666781634092] 1.12258141132625E-05
[7.05333448573947] 3.36308100817067E-05
[7.07000115513802] 3.70673545776058E-05
[7.08666782453656] 0.000107059974007054
[7.10333449393511] 9.62340076625456E-05
[7.12000116333365] 6.50547848802548E-06
[7.1366678327322] 6.40555840642199E-05
[7.15333450213075] 8.71739726907673E-06
[7.17000117152929] 5.03668929538094E-05
[7.18666784092784] 1.7746640908128E-05
[7.20333451032639] 3.84853175678069E-05
[7.22000117972493] 4.39825425317288E-05
[7.23666784912348] 1.47181554173916E-05
[7.25333451852202] 6.247225471813E-05
[7.27000118792057] 6.00510347469303E-06
[7.28666785731912] 7.12613369314823E-05
[7.30333452671766] 1.22181423258221E-05
[7.32000119611621] 4.73725476016351E-05
[7.33666786551476] 3.37247542904956E-05
[7.3533345349133] 2.55155557997625E-05
[7.37000120431185] 5.45924882122938E-05
[7.38666787371039] 1.07010382560368E-05
[7.40333454310894] 6.44061524056387E-05
[7.42000121250749] 2.87710355229777E-06
[7.43666788190603] 5.445474492133E-05
[7.45333455130458] 1.21332539237895E-05
[7.47000122070313] 3.70677507140084E-05
[7.48666789010167] 2.86880555093893E-05
[7.50333455950022] 3.30194258785489E-05
[7.52000122889876] 4.7569185084433E-05
[7.53666789829731] 2.43355133055887E-05
[7.55333456769586] 4.32571556290006E-05
[7.5700012370944] 1.10368326133801E-05
[7.58666790649295] 5.21474693334948E-05
[7.60333457589149] 1.59235532836345E-05
[7.62000124529004] 5.587119084306E-05
[7.63666791468859] 4.0823778619137E-05
[7.65333458408713] 3.58077758009241E-05
[7.67000125348568] 4.44707309345457E-05
[7.68666792288423] 1.3212137748222E-05
[7.70333459228277] 3.59247410012197E-05
[7.72000126168132] 4.96107453875781E-06
[7.73666793107986] 3.28279531576294E-05
[7.75333460047841] 4.39192103968412E-06
[7.77000126987696] 3.85368625335127E-05
[7.7866679392755] 1.11365928133495E-05
[7.80333460867405] 5.2191687260771E-05
[7.8200012780726] 3.3386083101921E-05
[7.83666794747114] 4.90992085180818E-05
[7.85333461686969] 3.41588606513889E-05
[7.87000128626823] 2.01174992888229E-05
[7.88666795566678] 3.06826611198296E-05
[7.90333462506533] 9.05476953995042E-06
[7.92000129446387] 3.13838038289531E-05
[7.93666796386242] 7.48729421800241E-06
[7.95333463326097] 3.87530461942782E-05
[7.97000130265951] 1.45542467851619E-05
[7.98666797205806] 4.18011805371474E-05
[8.0033346414566] 1.5268234512081E-05
[8.02000131085515] 3.51800972181727E-05
[8.0366679802537] 1.67040675947519E-05
[8.05333464965224] 2.66653455919933E-05
[8.07000131905079] 2.04337581947364E-05
[8.08666798844934] 2.24950007785127E-05
[8.10333465784788] 3.43656300098631E-05
[8.12000132724643] 2.60716925407009E-05
[8.13666799664497] 4.44806947147993E-05
[8.15333466604352] 2.22783368611609E-05
[8.17000133544207] 3.74702348194369E-05
[8.18666800484061] 1.42900804403236E-05
[8.20333467423916] 2.88717165214829E-05
[8.2200013436377] 1.42540192176395E-05
[8.23666801303625] 2.42321957782345E-05
[8.2533346824348] 1.66308493417542E-05
[8.27000135183334] 2.24814619445044E-05
[8.28666802123189] 2.61425868389599E-05
[8.30333469063044] 2.51198240030215E-05
[8.32000136002898] 3.49643671388631E-05
[8.33666802942753] 2.66810935269502E-05
[8.35333469882607] 3.94266030701247E-05
[8.37000136822462] 2.15767270589671E-05
[8.38666803762317] 3.55338740298693E-05
[8.40333470702171] 1.66752802571034E-05
[8.42000137642026] 2.7503974639531E-05
[8.43666804581881] 1.60547966130155E-05
[8.45333471521735] 2.70048038700303E-05
[8.4700013846159] 2.11595519506261E-05
[8.48666805401444] 2.79358560928753E-05
[8.50333472341299] 2.87478045919945E-05
[8.52000139281154] 2.49737121070205E-05
[8.53666806221008] 2.90466637364585E-05
[8.55333473160863] 1.53562405012749E-05
[8.57000140100718] 2.48880839681588E-05
[8.58666807040572] 1.00704687926484E-05
[8.60333473980427] 2.36855467554304E-05
[8.62000140920281] 1.16135600858905E-05
[8.63666807860136] 2.9866000793527E-05
[8.65333474799991] 2.049188194733E-05
[8.67000141739845] 3.82698398968169E-05
[8.686668086797] 2.80636161725124E-05
[8.70333475619555] 3.27293689063754E-05
[8.72000142559409] 2.53766311525718E-05
[8.73666809499264] 2.23705460066584E-05
[8.75333476439118] 2.29983562334161E-05
[8.77000143378973] 1.55342243594112E-05
[8.78666810318828] 2.27487506755434E-05
[8.80333477258682] 1.45312635331788E-05
[8.82000144198537] 2.46994103777963E-05
[8.83666811138391] 1.56327857436018E-05
[8.85333478078246] 2.77895748747756E-05
[8.87000145018101] 1.76576132944852E-05
[8.88666811957955] 2.86651496915882E-05
[8.9033347889781] 1.74490557061361E-05
[8.92000145837665] 2.61006836600891E-05
[8.93666812777519] 1.71535075803515E-05
[8.95333479717374] 2.47506170977775E-05
[8.97000146657228] 2.26898686768452E-05
[8.98666813597083] 2.65878199074531E-05
[9.00333480536938] 2.95593035520367E-05
[9.02000147476792] 2.18972527264344E-05
[9.03666814416647] 2.59671794597268E-05
[9.05333481356502] 1.59218844222782E-05
[9.07000148296356] 2.18596525929378E-05
[9.08666815236211] 1.25596223409936E-05
[9.10333482176065] 2.16107365850999E-05
[9.1200014911592] 1.53086547185448E-05
[9.13666816055775] 2.6121156165849E-05
[9.15333482995629] 1.98837081637135E-05
[9.17000149935484] 2.99818504721921E-05
[9.18666816875339] 2.12042451796684E-05
[9.20333483815193] 2.99215861810674E-05
[9.22000150755048] 2.41238015078336E-05
[9.23666817694902] 2.9114385783544E-05
[9.25333484634757] 2.51859333505347E-05
[9.27000151574612] 2.73455901610885E-05
[9.28666818514466] 3.24613108964316E-05
[9.30333485454321] 2.47608918700156E-05
[9.32000152394176] 3.15536692819213E-05
[9.3366681933403] 2.13257863317741E-05
[9.35333486273885] 2.7753584861848E-05
[9.37000153213739] 1.86992807090162E-05
[9.38666820153594] 2.4857527408038E-05
[9.40333487093449] 1.86456878400203E-05
[9.42000154033303] 2.37374063956381E-05
[9.43666820973158] 1.80361294227455E-05
[9.45333487913013] 2.06951467615476E-05
[9.47000154852867] 1.86080747113518E-05
[9.48666821792722] 1.89028562947371E-05
[9.50333488732576] 2.02180862743797E-05
[9.52000155672431] 1.97495822678328E-05
[9.53666822612286] 2.39938390379459E-05
[9.5533348955214] 1.99568576883135E-05
[9.57000156491995] 2.65455263002163E-05
[9.58666823431849] 1.87435098538368E-05
[9.60333490371704] 2.31036813792594E-05
[9.62000157311559] 1.45967147658155E-05
[9.63666824251413] 1.89156668142172E-05
[9.65333491191268] 1.26246683713561E-05
[9.67000158131123] 1.75700074311885E-05
[9.68666825070977] 1.31657661195599E-05
[9.70333492010832] 1.98446121594426E-05
[9.72000158950686] 1.76383754487942E-05
[9.73666825890541] 2.02510252842158E-05
[9.75333492830396] 1.71199325731576E-05
[9.7700015977025] 1.68401274712049E-05
[9.78666826710105] 1.59999001009186E-05
[9.8033349364996] 1.51038200693641E-05
[9.82000160589814] 1.52103732592114E-05
[9.83666827529669] 1.44454760345267E-05
[9.85333494469523] 1.5721655543624E-05
[9.87000161409378] 1.51941501549367E-05
[9.88666828349233] 1.97871349258593E-05
[9.90333495289087] 1.90666805592523E-05
[9.92000162228942] 2.36255696159547E-05
[9.93666829168797] 1.99341461295056E-05
[9.95333496108651] 2.42243459948466E-05
[9.97000163048506] 2.03809492094905E-05
[9.9866682998836] 2.45382307482614E-05
[10.0033349692822] 2.18537783516148E-05
[10.0200016386807] 2.55128600710344E-05
[10.0366683080792] 2.33079090910977E-05
[10.0533349774778] 2.16682337079249E-05
[10.0700016468763] 2.04351364281218E-05
[10.0866683162749] 1.58135843238343E-05
[10.1033349856734] 1.5599710527301E-05
[10.120001655072] 1.22287993553399E-05
[10.1366683244705] 1.32272012195051E-05
[10.1533349938691] 1.10851436005542E-05
[10.1700016632676] 1.53819123671838E-05
[10.1866683326662] 1.41226331786343E-05
[10.2033350020647] 1.68328606645307E-05
[10.2200016714633] 1.50708645793437E-05
[10.2366683408618] 1.76207725739196E-05
[10.2533350102603] 1.47313781290041E-05
[10.2700016796589] 1.72948001284216E-05
[10.2866683490574] 1.49774949101166E-05
[10.303335018456] 1.63951392174416E-05
[10.3200016878545] 1.37603178301869E-05
[10.3366683572531] 1.48038589291908E-05
[10.3533350266516] 1.21034116029105E-05
[10.3700016960502] 1.28897102402993E-05
[10.3866683654487] 1.07595415702327E-05
[10.4033350348473] 1.12402236553529E-05
[10.4200017042458] 1.00580202557703E-05
[10.4366683736444] 1.13094606005847E-05
[10.4533350430429] 1.13766702529142E-05
[10.4700017124414] 1.29203502279095E-05
[10.48666838184] 1.28185147592692E-05
[10.5033350512385] 1.37855061205861E-05
[10.5200017206371] 1.40229569956246E-05
[10.5366683900356] 1.15292845943943E-05
[10.5533350594342] 1.16594271304449E-05
[10.5700017288327] 9.4502020121934E-06
[10.5866683982313] 1.02258294530408E-05
[10.6033350676298] 8.41562022707215E-06
[10.6200017370284] 9.2945355454683E-06
[10.6366684064269] 9.18600914841711E-06
[10.6533350758255] 1.01597110619472E-05
[10.670001745224] 1.03365319400433E-05
[10.6866684146225] 1.14052125430265E-05
[10.7033350840211] 9.95331461803969E-06
[10.7200017534196] 1.19393314487758E-05
[10.7366684228182] 9.02952410663559E-06
[10.7533350922167] 1.00732792780163E-05
[10.7700017616153] 7.94176863754187E-06
[10.7866684310138] 1.07566269013245E-05
[10.8033351004124] 1.05915532906227E-05
[10.8200017698109] 1.20596421078517E-05
[10.8366684392095] 1.0678937323964E-05
[10.853335108608] 1.25584735592579E-05
[10.8700017780066] 1.07543512098193E-05
[10.8866684474051] 1.27338409506607E-05
[10.9033351168036] 1.1093956396985E-05
[10.9200017862022] 1.03990288267559E-05
[10.9366684556007] 7.71015605214647E-06
[10.9533351249993] 9.53049757978028E-06
[10.9700017943978] 6.13682915076255E-06
[10.9866684637964] 7.98315920991728E-06
[11.0033351331949] 8.22824159105082E-06
[11.0200018025935] 9.72601976748412E-06
[11.036668471992] 7.10775872767499E-06
[11.0533351413906] 8.87927939592277E-06
[11.0700018107891] 5.97159616016236E-06
[11.0866684801877] 8.38429291488061E-06
[11.1033351495862] 5.97200135942986E-06
[11.1200018189847] 9.02030483412274E-06
[11.1366684883833] 6.79304700397219E-06
[11.1533351577818] 8.48196182619679E-06
[11.1700018271804] 6.83425580068404E-06
[11.1866684965789] 7.89120616305256E-06
[11.2033351659775] 6.51054090037531E-06
[11.220001835376] 8.07044938515197E-06
[11.2366685047746] 6.90907057883209E-06
[11.2533351741731] 8.1141553862133E-06
[11.2700018435717] 7.87996023756297E-06
[11.2866685129702] 7.63163474011904E-06
[11.3033351823688] 8.30266874464755E-06
[11.3200018517673] 7.32786830363986E-06
[11.3366685211658] 8.99423816481024E-06
[11.3533351905644] 7.20994486044126E-06
[11.3700018599629] 7.87344848407396E-06
[11.3866685293615] 5.22879661544225E-06
[11.40333519876] 6.47602829573528E-06
[11.4200018681586] 5.25262267556384E-06
[11.4366685375571] 6.54009317965692E-06
[11.4533352069557] 4.24459564780413E-06
[11.4700018763542] 5.52272174084204E-06
[11.4866685457528] 4.09854033270208E-06
[11.5033352151513] 4.8678191028112E-06
[11.5200018845499] 3.54567183369085E-06
[11.5366685539484] 4.84971113634627E-06
[11.5533352233469] 3.78641073568917E-06
[11.5700018927455] 3.79527155773541E-06
[11.586668562144] 4.43614068698303E-06
[11.6033352315426] 3.85461956615775E-06
[11.6200019009411] 5.28656625169099E-06
[11.6366685703397] 3.71268023023196E-06
[11.6533352397382] 5.75866651224537E-06
[11.6700019091368] 4.27136684648267E-06
[11.6866685785353] 4.31671888016666E-06
[11.7033352479339] 5.13552007426109E-06
[11.7200019173324] 3.59202091961196E-06
[11.736668586731] 5.18590146524381E-06
[11.7533352561295] 4.62109280790521E-06
[11.770001925528] 3.30834999718605E-06
[11.7866685949266] 4.45519525459382E-06
[11.8033352643251] 2.88129443234775E-06
[11.8200019337237] 4.3335094502632E-06
[11.8366686031222] 2.56182776873198E-06
[11.8533352725208] 4.21610208596489E-06
[11.8700019419193] 4.18004722660059E-06
[11.8866686113179] 3.58831201691954E-06
[11.9033352807164] 3.51662769643369E-06
[11.920001950115] 3.82742029329161E-06
[11.9366686195135] 2.99837669117E-06
[11.9533352889121] 3.79860047163715E-06
[11.9700019583106] 3.03937378358612E-06
[11.9866686277092] 2.66632733945825E-06
[12.0033352971077] 4.00121306036845E-06
[12.0200019665062] 3.14060529982361E-06
[12.0366686359048] 2.9326277626815E-06
[12.0533353053033] 4.48767577014604E-06
[12.0700019747019] 3.36387044142746E-06
[12.0866686441004] 3.33317910471631E-06
[12.103335313499] 4.16466778177543E-06
[12.1200019828975] 2.79147511117528E-06
[12.1366686522961] 2.93644871762728E-06
[12.1533353216946] 3.04989706357834E-06
[12.1700019910932] 3.15832978997478E-06
[12.1866686604917] 4.56300865580217E-06
[12.2033353298903] 4.03358486924671E-06
[12.2200019992888] 2.82544944564317E-06
[12.2366686686873] 2.41080488409667E-06
[12.2533353380859] 3.62120573173579E-06
[12.2700020074844] 1.92311132240612E-06
[12.286668676883] 2.57591892620171E-06
[12.3033353462815] 3.42940925223556E-06
[12.3200020156801] 2.5360601552437E-06
[12.3366686850786] 2.97882817741229E-06
[12.3533353544772] 2.95364260779722E-06
[12.3700020238757] 3.80777041864507E-06
[12.3866686932743] 2.00314355184348E-06
[12.4033353626728] 2.40426392511074E-06
[12.4200020320714] 4.45536640841332E-06
[12.4366687014699] 3.16309861623266E-06
[12.4533353708684] 2.783562654286E-06
[12.470002040267] 2.91015573703607E-06
[12.4866687096655] 3.63895600666532E-06
[12.5033353790641] 3.87097252057566E-06
[12.5200020484626] 2.95347074785843E-06
[12.5366687178612] 4.44393835514428E-06
[12.5533353872597] 3.12851132640978E-06
[12.5700020566583] 2.40736970836268E-06
[12.5866687260568] 1.56011256203891E-06
[12.6033353954554] 3.0833596049884E-06
[12.6200020648539] 4.32948581228036E-06
[12.6366687342525] 3.94251877147827E-06
[12.653335403651] 2.94226561039312E-06
[12.6700020730495] 3.00993779082804E-06
[12.6866687424481] 2.66216872183227E-06
[12.7033354118466] 3.26459411904193E-06
[12.7200020812452] 2.85453912233563E-06
[12.7366687506437] 2.49305571711431E-06
[12.7533354200423] 2.61456158555798E-06
[12.7700020894408] 2.85714767892935E-06
[12.7866687588394] 2.36474876591626E-06
[12.8033354282379] 3.0259955618029E-06
[12.8200020976365] 2.50720862862498E-06
[12.836668767035] 2.71977499494321E-06
[12.8533354364336] 3.76323250646535E-06
[12.8700021058321] 2.67595109569739E-06
[12.8866687752306] 2.42485706043701E-06
[12.9033354446292] 3.07145301942734E-06
[12.9200021140277] 2.75316549236692E-06
[12.9366687834263] 2.92488655155158E-06
[12.9533354528248] 3.70587553479616E-06
[12.9700021222234] 3.88682458727074E-06
[12.9866687916219] 3.58861269243543E-06
[13.0033354610205] 2.77028966679154E-06
[13.020002130419] 2.81948138777401E-06
[13.0366687998176] 2.62236053428541E-06
[13.0533354692161] 3.00494788472306E-06
[13.0700021386147] 3.02355963409001E-06
[13.0866688080132] 3.00197196392291E-06
[13.1033354774117] 2.25379661922782E-06
[13.1200021468103] 1.30539282102726E-06
[13.1366688162088] 2.58726340197419E-06
[13.1533354856074] 3.32746937608713E-06
[13.1700021550059] 2.23055629002632E-06
[13.1866688244045] 2.13261229255623E-06
[13.203335493803] 3.1742105212108E-06
[13.2200021632016] 3.99946155884203E-06
[13.2366688326001] 3.02201604290623E-06
[13.2533355019987] 1.36488352797467E-06
[13.2700021713972] 2.46632296847464E-06
[13.2866688407958] 2.36971359822432E-06
[13.3033355101943] 3.93393647579236E-06
[13.3200021795928] 4.48469358481238E-06
[13.3366688489914] 3.29203573457152E-06
[13.3533355183899] 2.25187115271284E-06
[13.3700021877885] 2.26786124494979E-06
[13.386668857187] 1.90069524773926E-06
[13.4033355265856] 3.61360373251491E-06
[13.4200021959841] 4.20413971643223E-06
[13.4366688653827] 3.99962131861534E-06
[13.4533355347812] 2.70272596929101E-06
[13.4700022041798] 2.34513134970929E-06
[13.4866688735783] 2.63435576608071E-06
[13.5033355429769] 3.11881178531146E-06
[13.5200022123754] 4.19613076011222E-06
[13.5366688817739] 4.26805081084445E-06
[13.5533355511725] 3.49516291732394E-06
[13.570002220571] 2.55306304269648E-06
[13.5866688899696] 2.46404829044642E-06
[13.6033355593681] 2.11249621934088E-06
[13.6200022287667] 3.53405768926553E-06
[13.6366688981652] 3.85725654897144E-06
[13.6533355675638] 4.89605017021002E-06
[13.6700022369623] 3.86364492347703E-06
[13.6866689063609] 2.93099764301708E-06
[13.7033355757594] 2.48867296512163E-06
[13.720002245158] 2.92128098069667E-06
[13.7366689145565] 2.96631553979554E-06
[13.753335583955] 2.55518085476135E-06
[13.7700022533536] 3.05771463164478E-06
[13.7866689227521] 3.93553145667025E-06
[13.8033355921507] 5.25546247586216E-06
[13.8200022615492] 4.25006760614181E-06
[13.8366689309478] 4.17999519104556E-06
[13.8533356003463] 4.12592844542639E-06
[13.8700022697449] 3.20994529101006E-06
[13.8866689391434] 1.94691029941175E-06
[13.903335608542] 3.1933817222175E-06
[13.9200022779405] 3.03586445583915E-06
[13.9366689473391] 3.81067653894607E-06
[13.9533356167376] 2.52400436631189E-06
[13.9700022861362] 3.22479581492181E-06
[13.9866689555347] 2.53290513152782E-06
[14.0033356249332] 3.12352021090874E-06
[14.0200022943318] 3.50923581953652E-06
[14.0366689637303] 3.3847763875712E-06
[14.0533356331289] 2.52980533876496E-06
[14.0700023025274] 3.99583613558786E-06
[14.086668971926] 3.68339342210444E-06
[14.1033356413245] 4.7338366896017E-06
[14.1200023107231] 6.23189670094686E-06
[14.1366689801216] 4.80544496912098E-06
[14.1533356495202] 5.28708385069101E-06
[14.1700023189187] 5.26347968258692E-06
[14.1866689883173] 4.53605072358211E-06
[14.2033356577158] 3.97260824042255E-06
[14.2200023271143] 2.5156350389656E-06
[14.2366689965129] 3.67174206538377E-06
[14.2533356659114] 2.56835784247903E-06
[14.27000233531] 2.38156093032329E-06
[14.2866690047085] 2.78706468501018E-06
[14.3033356741071] 3.11815984305991E-06
[14.3200023435056] 4.87010689528546E-06
[14.3366690129042] 5.35205826388285E-06
[14.3533356823027] 4.71847681947784E-06
[14.3700023517013] 4.07061738788902E-06
[14.3866690210998] 2.2353776104877E-06
[14.4033356904984] 2.86568389941618E-06
[14.4200023598969] 1.94937653186175E-06
[14.4366690292954] 3.79680193831606E-06
[14.453335698694] 2.35186714419391E-06
[14.4700023680925] 2.82554786839363E-06
[14.4866690374911] 1.92841520330233E-06
[14.5033357068896] 3.66703355386126E-06
[14.5200023762882] 2.96626670588229E-06
[14.5366690456867] 3.01438645765435E-06
[14.5533357150853] 3.81885675117817E-06
[14.5700023844838] 5.21336432899929E-06
[14.5866690538824] 5.05904201052645E-06
[14.6033357232809] 4.93475728630779E-06
[14.6200023926795] 4.35661358250258E-06
[14.636669062078] 4.01585501736703E-06
[14.6533357314765] 3.7728743431072E-06
[14.6700024008751] 3.57649301320949E-06
[14.6866690702736] 3.05136878185661E-06
[14.7033357396722] 3.61169014749938E-06
[14.7200024090707] 2.5372506791688E-06
[14.7366690784693] 2.25214236167638E-06
[14.7533357478678] 3.09820548221451E-06
[14.7700024172664] 2.13075281104862E-06
[14.7866690866649] 3.97027111108985E-06
[14.8033357560635] 4.37431887544604E-06
[14.820002425462] 5.25965916529185E-06
[14.8366690948606] 4.10791015575618E-06
[14.8533357642591] 4.05441010128414E-06
[14.8700024336576] 2.90642228936268E-06
[14.8866691030562] 3.45717340220648E-06
[14.9033357724547] 3.23821380206815E-06
[14.9200024418533] 4.10342152082779E-06
[14.9366691112518] 5.75633892505678E-06
[14.9533357806504] 5.37120586647844E-06
[14.9700024500489] 3.99358803809316E-06
[14.9866691194475] 3.86707395638357E-06
[15.003335788846] 3.32352768164617E-06
[15.0200024582446] 3.62459788056099E-06
[15.0366691276431] 4.49094836401085E-06
[15.0533357970417] 4.83861568420107E-06
[15.0700024664402] 4.18864830232487E-06
[15.0866691358387] 4.64618642609475E-06
[15.1033358052373] 4.46154902084429E-06
[15.1200024746358] 5.14365086751029E-06
[15.1366691440344] 4.10026756072389E-06
[15.1533358134329] 5.09443366029611E-06
[15.1700024828315] 5.1643287624527E-06
[15.18666915223] 4.32029629379527E-06
[15.2033358216286] 4.83687982821142E-06
[15.2200024910271] 3.74784696193987E-06
[15.2366691604257] 5.19460520766879E-06
[15.2533358298242] 4.8041601193088E-06
[15.2700024992228] 5.90537028963738E-06
[15.2866691686213] 5.34405219458839E-06
[15.3033358380198] 5.63219534092017E-06
[15.3200025074184] 4.23575740644258E-06
[15.3366691768169] 5.432025828476E-06
[15.3533358462155] 6.77187594166642E-06
[15.370002515614] 6.76687959890704E-06
[15.3866691850126] 4.62721986823722E-06
[15.4033358544111] 5.64118222649843E-06
[15.4200025238097] 6.71943272561296E-06
[15.4366691932082] 7.91612329419544E-06
[15.4533358626068] 7.32329784787129E-06
[15.4700025320053] 4.74849624003631E-06
[15.4866692014039] 4.34214093100193E-06
[15.5033358708024] 6.75256694076978E-06
[15.5200025402009] 7.86491808888154E-06
[15.5366692095995] 8.34726832037554E-06
[15.553335878998] 7.1066450162339E-06
[15.5700025483966] 8.04538826801486E-06
[15.5866692177951] 9.6802316355164E-06
[15.6033358871937] 1.03974796541055E-05
[15.6200025565922] 8.88771950586673E-06
[15.6366692259908] 9.56397485650357E-06
[15.6533358953893] 1.0407976995347E-05
[15.6700025647879] 1.05236169608883E-05
[15.6866692341864] 8.66108897104457E-06
[15.703335903585] 9.07990018476402E-06
[15.7200025729835] 1.07305765221332E-05
[15.736669242382] 1.02423382998853E-05
[15.7533359117806] 9.03340948944789E-06
[15.7700025811791] 1.07384009786073E-05
[15.7866692505777] 1.13080567177146E-05
[15.8033359199762] 9.91553645596024E-06
[15.8200025893748] 1.09322526086569E-05
[15.8366692587733] 1.20361859003119E-05
[15.8533359281719] 9.67916493547958E-06
[15.8700025975704] 9.9738099387822E-06
[15.886669266969] 1.10688266808878E-05
[15.9033359363675] 1.02626284376326E-05
[15.9200026057661] 1.07800174286263E-05
[15.9366692751646] 1.21774726257732E-05
[15.9533359445632] 1.24562385210108E-05
[15.9700026139617] 1.11179623154461E-05
[15.9866692833602] 1.36388218339025E-05
[16.0033359527588] 1.30476352991557E-05
[16.0200026221573] 1.32827701757392E-05
[16.0366692915559] 1.3978342940703E-05
[16.0533359609544] 1.31958412251548E-05
[16.070002630353] 1.3092224690897E-05
[16.0866692997515] 1.30734689214116E-05
[16.1033359691501] 1.19220340036678E-05
[16.1200026385486] 1.28130296686096E-05
[16.1366693079472] 1.26967472954797E-05
[16.1533359773457] 1.37244759329566E-05
[16.1700026467443] 1.36399583806206E-05
[16.1866693161428] 1.49676723310849E-05
[16.2033359855413] 1.46372309709127E-05
[16.2200026549399] 1.51549519643344E-05
[16.2366693243384] 1.64841789260533E-05
[16.253335993737] 1.67656379471214E-05
[16.2700026631355] 1.821774255345E-05
[16.2866693325341] 1.86172295119263E-05
[16.3033360019326] 1.83747130049634E-05
[16.3200026713312] 1.90411023369585E-05
[16.3366693407297] 1.82520943732291E-05
[16.3533360101283] 1.82327042849852E-05
[16.3700026795268] 2.03349034198667E-05
[16.3866693489254] 2.10174211768046E-05
[16.4033360183239] 2.35196922178443E-05
[16.4200026877224] 2.4374827491271E-05
[16.436669357121] 2.59922029276702E-05
[16.4533360265195] 2.69260439962365E-05
[16.4700026959181] 2.65864873673901E-05
[16.4866693653166] 2.85104628426602E-05
[16.5033360347152] 2.82677046518715E-05
[16.5200027041137] 3.00734452497713E-05
[16.5366693735123] 2.77076233155039E-05
[16.5533360429108] 2.76596857081005E-05
[16.5700027123094] 2.47446605556925E-05
[16.5866693817079] 2.65136231267148E-05
[16.6033360511065] 2.62693128430926E-05
[16.620002720505] 2.96876948198304E-05
[16.6366693899035] 3.11143134273475E-05
[16.6533360593021] 3.13578948629337E-05
[16.6700027287006] 2.9292017366765E-05
[16.6866693980992] 2.61547089062978E-05
[16.7033360674977] 2.59636699668494E-05
[16.7200027368963] 2.64487915742909E-05
[16.7366694062948] 2.97708011973541E-05
[16.7533360756934] 3.13036943111047E-05
[16.7700027450919] 3.33529770783495E-05
[16.7866694144905] 3.17778183246722E-05
[16.803336083889] 3.1741898629555E-05
[16.8200027532876] 3.02371544919161E-05
[16.8366694226861] 3.10301629647168E-05
[16.8533360920846] 3.05559869443761E-05
[16.8700027614832] 3.13726131610471E-05
[16.8866694308817] 3.04602368281601E-05
[16.9033361002803] 3.19150355221981E-05
[16.9200027696788] 2.99573266733006E-05
[16.9366694390774] 3.11603888657214E-05
[16.9533361084759] 3.25722169077595E-05
[16.9700027778745] 3.57913755266986E-05
[16.986669447273] 3.63999144877295E-05
[17.0033361166716] 3.99998389370421E-05
[17.0200027860701] 4.12694118848038E-05
[17.0366694554687] 4.37640845933441E-05
[17.0533361248672] 4.04137233211955E-05
[17.0700027942657] 4.0962534510645E-05
[17.0866694636643] 4.0432272213234E-05
[17.1033361330628] 4.2996441162648E-05
[17.1200028024614] 4.48443951156742E-05
[17.1366694718599] 4.62730609518485E-05
[17.1533361412585] 4.49375962238315E-05
[17.170002810657] 4.24239290283436E-05
[17.1866694800556] 4.32126561952393E-05
[17.2033361494541] 4.25232480344893E-05
[17.2200028188527] 4.51224944371522E-05
[17.2366694882512] 4.27221013090617E-05
[17.2533361576498] 4.31884620456283E-05
[17.2700028270483] 4.35778712995108E-05
[17.2866694964468] 4.7228527491499E-05
[17.3033361658454] 5.14297887673808E-05
[17.3200028352439] 5.19583126505124E-05
[17.3366695046425] 5.07139258591051E-05
[17.353336174041] 5.01564710118658E-05
[17.3700028434396] 5.43738785972539E-05
[17.3866695128381] 5.73164387792114E-05
[17.4033361822367] 5.80094974161521E-05
[17.4200028516352] 5.1110877244407E-05
[17.4366695210338] 4.44644415838759E-05
[17.4533361904323] 4.13419319576184E-05
[17.4700028598309] 4.2102747540018E-05
[17.4866695292294] 4.59746308915367E-05
[17.5033361986279] 4.68758853316095E-05
[17.5200028680265] 4.38350457436752E-05
[17.536669537425] 4.0569032698382E-05
[17.5533362068236] 4.04493307983426E-05
[17.5700028762221] 4.16531855794559E-05
[17.5866695456207] 4.49923803687067E-05
[17.6033362150192] 4.68583677630316E-05
[17.6200028844178] 4.78894257706696E-05
[17.6366695538163] 4.97285221355728E-05
[17.6533362232149] 5.25764328430528E-05
[17.6700028926134] 5.57506773076407E-05
[17.686669562012] 5.53549986981053E-05
[17.7033362314105] 5.01092881178374E-05
[17.720002900809] 5.13896227817854E-05
[17.7366695702076] 5.15121151019329E-05
[17.7533362396061] 5.67186818118759E-05
[17.7700029090047] 6.05845972177647E-05
[17.7866695784032] 5.68733582635287E-05
[17.8033362478018] 5.28999402574745E-05
[17.8200029172003] 4.71789805630876E-05
[17.8366695865989] 5.15561087803626E-05
[17.8533362559974] 5.37578146812343E-05
[17.870002925396] 5.55342532434782E-05
[17.8866695947945] 5.48094417882603E-05
[17.9033362641931] 4.99125474245416E-05
[17.9200029335916] 4.88456768728049E-05
[17.9366696029902] 4.45634182197653E-05
[17.9533362723887] 4.43400588646675E-05
[17.9700029417872] 4.42989147127432E-05
[17.9866696111858] 4.36682365550504E-05
