[0.765807499552466] 0
[1.31494939955337] 0
[1.8162144995531] 0
[2.03215339955386] 0
[2.21562309955334] 0
[4.14910429955307] 0
[5.48180469955332] 0
[5.83229789955294] 0
[6.6654642995527] 0
[8.74932849955258] 0
[9.3989734995539] 0
[9.69769669955349] 0
[11.1992486995532] 0
[12.1484579995522] 0
[13.3661975995528] 0
[13.7151671995525] 0
[13.7492095995531] 0
[14.2325431995523] 0
[15.2490950995525] 0
[16.2163136995532] 0
[17.2490301995531] 0
[17.4151600995538] 0
[17.6655441995536] 0
[17.6986568995526] 0
[17.9492018995534] 0
[20.3485017995536] 0
[20.8994411995536] 0
[21.2482219995527] 0
[21.7314716995534] 0
[21.8155000995539] 0
[23.9486897995539] 0
[24.8657803995538] 0
[25.3491883995539] 0
[26.6989873995535] 0
[28.4486521995532] 0
[28.8982553995538] 0
[29.5488092995529] 0
