[0.765807499552466] 0
[1.31494939955337] 0
[1.8162144995531] 0
[2.03215339955386] 0
[2.21562309955334] 0
[4.16575339955307] 0
[5.46475839955383] 0
[5.83229789955294] 0
[6.68283609955324] 0
[8.6485921995536] 0
[9.44940059955297] 0
[9.74891439955354] 0
[10.9649253995522] 0
[12.1318197995533] 0
[13.6656610995524] 0
[13.6656610995524] 0
[13.7819889995535] 0
[14.5827565995532] 0
[16.0666829995534] 0
[16.2494525995535] 0
[17.2988839995523] 0
[17.8484267995536] 0
[18.1824831995527] 0
[18.6985301995537] 0
[18.7822830995538] 0
[20.9650497995535] 0
[21.0985396995529] 0
[21.9987725995525] 0
[22.4148553995528] 0
[23.1649594995524] 0
[23.5987380995539] 0
[25.1821765995537] 0
[26.2981468995531] 0
[26.4484823995535] 0
[26.999463999553] 0
[28.9998587995524] 0
[28.9998587995524] 0
