[0] 120.742323806729
[0.0199999995529652] 33.2779809583454
[0.0657101995529672] 20.4854645386371
[0.107354099552978] 25.3545195698859
[0.138628499552979] 31.570639305439
[0.168532699552969] 32.8584196414544
[0.200014999552977] 31.0838954337844
[0.231533799552977] 31.303901405233
[0.263483399552968] 30.6194310909614
[0.296414899552971] 29.7864608620771
[0.330951599552975] 28.5894807864384
[0.364957999552971] 28.6507502198995
[0.400172799552976] 27.9093393022102
[0.436298499552976] 27.2174757968593
[0.472399599552972] 26.6130148287742
[0.510662799552975] 26.0841893294777
[0.548460099552969] 25.9660001194415
[0.587992499552968] 24.7075246766462
[0.628664499552968] 24.1010315241462
[0.66987099955297] 23.742366829066
[0.713354299552975] 22.5693895882899
[0.756628899552979] 22.6745543883169
[0.802205699552971] 21.514259651298
[0.849315999552971] 20.87029114056
[0.895823899552965] 21.3291926260716
[0.942882199552969] 19.722037602038
[0.994234399552965] 20.9205896259011
[1.04211739955298] 20.8316841583421
[1.09089589955298] 20.4667231548275
[1.14076019955297] 19.9370388313697
[1.19040439955297] 20.2038569162886
[1.24074639955298] 19.7512527232033
[1.29111669955297] 19.9044189800592
[1.34129839955297] 17.2174233437254
[1.40288779955297] 18.4702223075993
[1.45532579955297] 19.1281759945252
[1.50850399955297] 17.4138666620206
[1.56544709955297] 18.8953405979616
[1.61821869955297] 19.0938443355215
[1.67257269955297] 18.340076368077
[1.72708059955298] 18.1484580162641
[1.78263579955298] 18.1459551758645
[1.83447029955298] 19.4035353241375
[1.88784689955297] 18.7017961204996
[1.94014059955298] 19.1261638270723
[1.99213189955297] 19.121446040233
[2.04649759955298] 18.6757754648881
[2.09809109955297] 19.3548262226934
[2.14979759955297] 19.1512180174654
[2.20236269955298] 19.1652388563735
[2.25667309955297] 18.3892827260238
[2.30732879955298] 19.785838088525
[2.36058159955297] 18.928925669898
[2.41461729955297] 18.4530103318391
[2.46649179955297] 19.3988678820708
[2.51948139955297] 18.8008445339324
[2.57424489955297] 18.3196821168777
[2.62600999955298] 19.3949926008109
[2.67951969955297] 18.6055511522397
[2.73129489955298] 19.3900660813443
[2.78339179955297] 19.2031831196318
[2.83605409955297] 19.0789812587158
[2.88879099955297] 18.9125653192703
[2.94481429955297] 17.8786930675376
[2.99666429955298] 19.4084686912316
[3.05280249955297] 17.7532230976517
[3.10441499955297] 19.2017081839617
[3.15538629955297] 19.9092536219926
[3.20976099955297] 18.4963229309992
[3.26228969955297] 18.9426227955475
[3.31557649955298] 18.6611379935158
[3.37032269955297] 18.2555040344668
[3.42665509955297] 17.7588350204238
[3.48212489955297] 17.9721001117853
[3.53732449955297] 18.2294467545213
[3.59035719955297] 18.8100392941699
[3.64441639955297] 18.4925604429363
[3.69806109955297] 18.6061396539604
[3.75271319955297] 18.2803993901679
[3.80590339955297] 18.7903169738605
[3.86075109955297] 18.1248074239223
[3.91325659955297] 19.1022332420898
[3.96569069955297] 18.1550147781855
[4.02210999955297] 18.0999733930368
[4.07560319955297] 18.7829053022234
[4.12861819955297] 19.1430059113575
[4.18096689955297] 19.0534258059574
[4.23286789955297] 19.387735318636
[4.28328029955297] 19.662783266969
[4.33591759955297] 19.1649450157762
[4.38771689955297] 19.2634429936935
[4.43875199955298] 19.3853299576984
[4.49070969955297] 19.2226735278797
[4.54181939955298] 19.6984560350148
[4.59249639955297] 19.6559810201851
[4.64261749955297] 19.7307151989647
[4.69242089955297] 20.3501860006985
[4.74159119955297] 20.2583342787195
[4.79071329955298] 19.6512685876439
[4.84288829955297] 19.6901557097524
[4.89403259955297] 19.6327497825649
[4.94353879955297] 20.3725321223874
[4.99219349955297] 20.431263101548
[5.03991949955297] 20.9692402215203
[5.08816409955297] 20.836502218048
[5.13601239955297] 20.7455967470901
[5.18361159955298] 21.1852736925547
[5.23192379955297] 20.7604985841364
[5.27785129955298] 21.8509025515268
[5.32533959955298] 21.1179415919993
[5.37318239955297] 20.6592362280411
[5.42199879955297] 20.5673292089004
[5.47095489955298] 20.5712640013196
[5.51760419955298] 21.5045439101275
[5.56434039955298] 21.4299796843782
[5.61078369955297] 21.6633088537953
[5.65679939955297] 21.766338357732
[5.70224329955298] 21.9208831485415
[5.74816009955298] 21.825912159437
[5.79312869955297] 22.2713181056869
[5.83887979955297] 21.8069690711806
[5.88435049955297] 22.1288874923088
[5.93162939955297] 21.2340373124487
[5.97620799955297] 22.7641610154663
[6.02129369955297] 22.8532773885082
[6.06596409955297] 22.9289432050111
[6.10825319955298] 24.3287692562211
[6.14979389955298] 23.8443251698296
[6.19110479955297] 20.939382581367
[6.23849779955297] 24.9311277595659
[6.27966569955298] 23.972709467538
[6.32038409955297] 24.3272896236767
[6.36167419955298] 23.9729393460647
[6.40314259955298] 23.9282535246339
[6.44614719955297] 22.9329920904057
[6.48958659955298] 22.9130769512748
[6.53399069955297] 22.5233341742016
[6.57754969955297] 22.9356746069971
[6.62064219955298] 23.065124378681
[6.66459869955297] 22.4997187535176
[6.70841899955298] 22.629963882575
[6.75360919955297] 21.7117547440174
[6.79940069955298] 21.9262182755016
[6.84444159955297] 21.8512845277623
[6.89103459955297] 21.3896422796256
[6.93796729955297] 21.3083315576376
[6.98512799955297] 21.0014764037937
[7.03232609955298] 20.6711081987792
[7.08124399955297] 20.9018740620303
[7.13035459955297] 20.2831116727256
[7.17889639955297] 20.5829926848031
[7.22773479955298] 20.7095506234637
[7.27588129955298] 20.7338970188777
[7.32482669955297] 20.379382586223
[7.37372959955297] 20.41274571843
[7.42237999955297] 20.550549213429
[7.47054049955297] 20.0363860771153
[7.52152909955298] 20.0652924616674
[7.57246919955297] 19.7365564445798
[7.62113919955297] 20.5841790000212
[7.66986259955297] 20.4173719167229
[7.71935159955298] 20.2844693988484
[7.76885019955297] 20.324542291312
[7.81756409955297] 20.0982401980893
[7.87035599955297] 19.2593990682281
[7.92050849955297] 19.8928174993174
[7.97175559955298] 19.5528268499383
[8.02235299955298] 19.7062196770557
[8.07398299955297] 19.5758692175322
[8.12482179955298] 19.4669179196833
[8.17531289955298] 19.8826130525403
[8.22709369955297] 19.4193611030187
[8.27905809955297] 19.1729921563298
[8.33124749955297] 19.2191638126193
[8.38177389955297] 19.5983129772215
[8.43370929955297] 19.532890457594
[8.49017269955297] 17.5016101481367
[8.54255029955297] 18.9940377715439
[8.59591329955298] 19.0482358476383
[8.64687239955298] 19.5755243304226
[8.69809579955297] 19.6258527433036
[8.74924369955298] 19.5906724890178
[8.80101539955297] 19.0641776476374
[8.85574029955298] 18.5276450992513
[8.90610209955297] 19.8581334943192
[8.95605549955297] 19.9973603484327
[9.00904949955297] 18.8060773719653
[9.06280429955297] 18.6031975175893
[9.11956779955297] 17.6750894359519
[9.17606199955297] 17.5778434798526
[9.22836009955297] 19.1615664963847
[9.28089819955298] 19.1753083389573
[9.33274159955297] 19.1992750353741
[9.38519049955298] 19.2360221445098
[9.43895389955297] 18.2776261750234
[9.49514179955297] 17.9983657483878
[9.54746349955298] 18.6665720893709
[9.60004289955297] 19.3886750748903
[9.65335849955298] 18.7888694737278
[9.70493169955297] 19.4099755628399
[9.75809059955297] 18.7613388841886
[9.81126699955297] 18.7487461775976
[9.86578149955297] 18.4481422720754
[9.91896809955297] 18.7282401260017
[9.97055389955297] 19.4574863651679
[10.023306699553] 18.9389276400396
[10.075964599553] 18.9491197186457
[10.127768699553] 19.2426108374376
[10.179787899553] 19.2611796702077
[10.231846099553] 19.2506862869649
[10.282498499553] 19.6468286089264
[10.334214399553] 17.7661863282131
[10.391896499553] 18.8202347636097
[10.441722599553] 20.0430524767172
[10.493105399553] 19.107854283503
[10.548703299553] 18.2505064515528
[10.599422099553] 19.5959318845428
[10.651728299553] 19.1227258298355
[10.704362299553] 19.025549410302
[10.755059399553] 19.8154782663852
[10.807626999553] 18.9726679745149
[10.859912099553] 19.1458280283451
[10.911618499553] 19.3463263260936
[10.963573099553] 19.0689763010748
[11.014755699553] 19.7605808029911
[11.065962099553] 19.4055686219702
[11.118420399553] 18.9978266486273
[11.169648099553] 19.6995037694973
[11.219419799553] 20.2816307242347
[11.267280499553] 20.9541251338439
[11.315535299553] 20.5872725363701
[11.364127099553] 20.5834163531163
[11.413379699553] 20.3864038995115
[11.462950299553] 20.1028865734839
[11.511725299553] 20.6116294935917
[11.560509699553] 18.9098830612826
[11.612539999553] 20.9053260499196
[11.660295099553] 20.9531153091874
[11.707792299553] 20.9410050007109
[11.756426399553] 20.6478042092656
[11.804645299553] 20.6366829421351
[11.852736199553] 20.9038839416369
[11.900469499553] 21.0103454941177
[11.948441899553] 20.9318000092135
[11.995305999553] 21.2990730643402
[12.043354999553] 20.7971982014539
[12.090711699553] 21.1848248862361
[12.136959799553] 21.4935433395829
[12.183255399553] 21.6624172224888
[12.227795599553] 22.5038200234521
[12.273114499553] 22.148345186389
[12.319010299553] 21.8031178458557
[12.365034299553] 21.7385633418229
[12.411399999553] 21.4961306964742
[12.458197199553] 21.3973771095131
[12.505059699553] 21.3614963300938
[12.551805699553] 21.3223253275116
[12.598466799553] 21.312055377248
[12.644025399553] 22.0524672300339
[12.691089899553] 21.1782296270738
[12.738641399553] 20.5942682032717
[12.791225599553] 19.1281394058805
[12.842741499553] 19.3924726178292
[12.894321499553] 19.6616234602496
[12.941185599553] 21.3220980091569
[12.987868999553] 21.1055955154835
[13.035272599553] 21.4126801609399
[13.082734799553] 21.0509475031466
[13.129744899553] 21.3434871416151
[13.177895499553] 20.6757240121685
[13.225435599553] 20.9181389550128
[13.272380899553] 21.1779156695405
[13.320618699553] 20.7548540414897
[13.368051099553] 21.1502343445984
[13.415880199553] 20.9462247571753
[13.464197899553] 20.6055136233351
[13.512323099553] 20.7892860335482
[13.561518699553] 20.3252032520329
[13.610893799553] 20.2659705981288
[13.659298399553] 20.5708408331172
[13.708578399553] 20.2857450041274
[13.758122899553] 20.3304924858476
[13.807296399553] 20.2581701200047
[13.856118099553] 20.5980011699659
[13.904489199553] 20.6375347226545
[13.953614799553] 20.3321045964748
[14.003313299553] 19.8017841407518
[14.053785399553] 20.0253119943619
[14.103919299553] 20.0489595592443
[14.153590099553] 20.2428330249642
[14.202897399553] 20.1190241468496
[14.252914199553] 20.0618708095768
[14.302783599553] 20.0799180739334
[14.353020999553] 19.9399806582184
[14.402650899553] 20.173573425755
[14.452124799553] 19.163071993745
[14.506727399553] 19.1478076717646
[14.557665999553] 19.7100649446633
[14.798783399553] 25.9283651128596
[14.845361299553] 42.2010373014803
[14.902636699553] 33.3376672300831
[14.953954399553] 19.3757520213753
[15.009089699553] 18.0294204082208
[15.060368499553] 19.7872083612802
[15.109392399553] 20.4256709832922
[15.160126599553] 19.757925891974
[15.210959199553] 19.6979128091567
[15.263109199553] 19.2850269122515
[15.313526099553] 19.8586461566571
[15.364478499553] 19.7102591899127
[15.412458299553] 22.3619596232466
[15.458608599553] 22.053488531085
[15.503723299553] 22.1060426867677
[15.549487399553] 21.6992227338415
[15.595079399553] 21.9485482132782
[15.641633299553] 21.3775249529107
[15.687693899553] 21.6742960188612
[15.734767499553] 21.0929969140901
[15.785061799553] 19.7332070408099
[15.830855299553] 21.6339705258764
[15.877827999553] 21.0891713431918
[15.927345999553] 20.1111341271921
[15.975248499553] 20.6482731849142
[16.023507099553] 20.5179552626513
[16.071151199553] 20.8768267223389
[16.119407799553] 20.4360229864414
[16.172694299553] 18.6613121141756
[16.224451599553] 19.1828122002666
[16.274477099553] 20.1232346892369
[16.325432999553] 19.6673078208998
[16.374294499553] 20.4569258968351
[16.424755099553] 19.7823545353978
[16.476978799553] 19.1232012238874
[16.527386699553] 19.7457536756708
[16.575970799553] 20.4619489597172
[16.624897199553] 20.4657597606351
[16.672982799553] 20.8110048593698
[16.721455099553] 20.3642347018726
[16.770510899553] 20.6149437727422
[16.818570799553] 18.0966978955363
[16.877456399553] 19.1376571680068
[16.926466299553] 20.5378450871419
[16.976665099553] 19.9144871919984
[17.025845699553] 20.2964911426103
[17.077310399553] 19.3736874326763
[17.126355199553] 20.5823572150428
[17.175579099553] 20.176666895331
[17.224147399553] 20.5381825351548
[17.273527299553] 20.2070413456272
[17.323816399553] 19.9114735884253
[17.372431599553] 20.730329508589
[17.421587999553] 20.2009183337454
[17.472724399553] 19.7062585106394
[17.521921899553] 20.3525468159454
[17.571956899553] 20.0502459162647
[17.621248399553] 20.2483664630358
[17.669318699553] 20.8327691125051
[17.718102699553] 20.6087834635109
[17.768013099553] 20.0491203448474
[17.815355799553] 21.0788136843694
[17.862880199553] 21.1490713442783
[17.912861199553] 20.071575237298
[17.960192899553] 19.5311737063485
[18.012095699553] 20.7774506483555
[18.059711699553] 20.9636134561222
[18.107543499553] 21.069176426964
[18.155560399553] 20.8168533244492
[18.202958699553] 20.9716149192046
[18.252727499553] 20.0991289037532
[18.301510499553] 20.6099302766029
[18.348125399553] 21.52996217186
[18.395717399553] 21.0372633044913
[18.442425799553] 21.398750740934
[18.489381399553] 21.3318315723893
[18.538207299553] 20.4671420501506
[18.585810199553] 20.9989626512463
[18.634385199553] 20.6109072921384
[18.684069299553] 20.1396077610005
[18.732117199553] 20.858667923751
[18.780352299553] 20.9385933871722
[18.826704599553] 21.6727928427753
[18.873708099553] 21.2844302264511
[18.921668399553] 20.7142694387852
[18.967853999553] 21.3550186429322
[19.016508199553] 20.4943650743259
[19.064849999553] 20.7634297863857
[19.111967199553] 21.0351834478326
[19.160281099553] 20.7527865804191
[19.208830799553] 20.5956254891479
[19.256638899553] 20.8897792577028
[19.304960999553] 20.6194069858572
[19.354766899553] 20.1438269242378
[19.403889899553] 20.3066713507426
[19.452957199553] 20.2984274808242
[19.501912299553] 20.4060393714114
[19.549823499553] 20.922646882211
[19.597858699553] 20.742111256535
[19.647503399553] 20.0835475578363
[19.696823799553] 20.4019177802725
[19.745088399553] 20.5581961416354
[19.794530199553] 20.2164780469235
[19.845000899553] 19.8819805633765
[19.893021399553] 20.9178326615212
[19.941452599553] 20.6498081632825
[19.990221499553] 20.4341020642511
[20.038069399553] 20.817893395729
[20.085351799553] 21.1467010089047
[20.137288899553] 19.2677484865162
[20.188310999553] 19.6335207025671
[20.236692899553] 20.8065016156216
[20.285018099553] 20.5094969225507
[20.334875299553] 20.0878239663808
[20.383899799553] 20.4776619424748
[20.432034999553] 20.8232687534407
[20.479899099553] 20.8745605904985
[20.527496699553] 20.92002066898
[20.575679899553] 20.7264625110161
[20.625396799553] 20.3188020034387
[20.674813099553] 20.1577952209903
[20.724062899553] 20.3345852659617
[20.772815899553] 20.5350615641178
[20.821501199553] 20.6403886998024
[20.870299499553] 20.5306769374799
[20.919678399553] 20.2994575984915
[20.969322599553] 20.0898014123101
[21.017334799553] 20.8443634756772
[21.065432299553] 20.8636290613705
[21.113121099553] 20.9901031663582
[21.161852699553] 20.5355676030917
[21.211494099553] 20.0759271565071
[21.260090099553] 20.6322548165949
[21.308564399553] 20.6226812372734
[21.355805799553] 21.2256091219233
[21.403942699553] 20.7164150658094
[21.452083699553] 20.8203206329328
[21.499307299553] 21.1843760989456
[21.546333499553] 21.1590504664512
[21.593427199553] 21.40195656687
[21.641600599553] 20.3313605136504
[21.691984099553] 20.2034895467164
[21.742563699553] 19.7124349982477
[21.792430399553] 20.1216960175132
[21.841673699553] 20.2101450886329
[21.890465799553] 20.3971737676017
[21.942990799553] 19.131542748477
[21.990701299553] 20.9563207406804
[22.037470399553] 21.3934861113513
[22.086396199553] 20.3275582740292
[22.134803799553] 20.7174880460104
[22.184186699553] 20.1795169830813
[22.235058099553] 19.5995037405681
[22.282760699553] 21.0451439382597
[22.330506699553] 20.9100907916128
[22.379062499553] 20.5208183702351
[22.426514299553] 21.1788127157576
[22.474228599553] 20.7719263261298
[22.522023599553] 20.976497931719
[22.571244799553] 20.2064288774131
[22.619349999553] 20.8794421013073
[22.669297799553] 19.957331225838
[22.717521399553] 20.7444347867589
[22.765040899553] 21.0295212419201
[22.813045099553] 20.9625587737723
[22.860918199553] 20.7445208534258
[22.908119899553] 21.1991511859834
[22.958338599553] 19.9127820147759
[23.008611899553] 19.7789113291632
[23.057888099553] 20.4525327393945
[23.105525799553] 20.9528518926713
[23.154397299553] 20.5354410910056
[23.203334299553] 20.463581986319
[23.251701899553] 20.4596464163932
[23.300844099553] 20.4561308046859
[23.349404599553] 20.7092504079745
[23.396945299553] 21.1289627369623
[23.445815199553] 20.2577597348686
[23.494921799553] 20.4983560318452
[23.542169099553] 21.2191685480971
[23.590115699553] 20.7640764865504
[23.636666699553] 21.6585699712547
[23.682530499553] 21.7628329985501
[23.728307399553] 21.525049776683
[23.776342899553] 21.1751801478489
[23.824013999553] 20.9932758537447
[23.870890499553] 21.3568429460511
[23.917838699553] 21.1745972591603
[23.965298999553] 21.2069287277555
[24.011716799553] 21.5875483021389
[24.058651999553] 21.3095575496533
[24.104571099553] 21.8648533415
[24.151932799553] 21.1369122353117
[24.198538999553] 21.3726818654962
[24.248295099553] 20.1561293781644
[24.295463999553] 21.1262844780977
[24.342522399553] 21.2630688136704
[24.390056399553] 21.0510361319989
[24.436278699553] 21.6126494514721
[24.484080799553] 20.9342100580479
[24.530258499553] 21.6984223077145
[24.577863999553] 20.9575065597042
[24.625572299553] 21.0003738066528
[24.673636499553] 20.7870388655294
[24.721142199553] 21.0141425179114
[24.768521799553] 21.1076893201388
[24.816516299553] 20.814253600864
[24.863631699553] 21.1015427337898
[24.912160599553] 20.7202783147783
[24.959702999553] 20.9643605870057
[25.007454399553] 20.9885612341262
[25.055605099553] 20.7198919250423
[25.103827699553] 20.745682823399
[25.152160199553] 20.6883853335888
[25.200448599553] 20.6708518251274
[25.249366199553] 20.4442118347429
[25.298348799553] 20.2823300340717
[25.348294999553] 19.8983195869142
[25.397136999553] 20.6436270026877
[25.445490099553] 20.6559076928817
[25.493376799553] 20.7930900403177
[25.541376799553] 20.8435814275369
[25.589944599553] 20.5636496365358
[25.638586699553] 20.5468334247666
[25.687644399553] 20.4572606909659
[25.735897799553] 20.6562063637604
[25.786211299553] 19.8222734958366
[25.834892799553] 20.6621815957811
[25.883154899553] 20.7188616228657
[25.930106699553] 21.4274541398901
[25.976268599553] 21.4818617899977
[26.025824699553] 20.2086339367671
[26.074812199553] 20.4760266679776
[26.125035499553] 19.7984125632809
[26.172968299553] 20.8706396016239
[26.224895599553] 19.3187438180033
[26.274475199553] 20.1965528523612
[26.321979099553] 21.0478459634451
[26.368951499553] 21.2925878372527
[26.417381899553] 20.4466781304372
[26.466444399553] 20.6163462886419
[26.516277899553] 20.1073329432521
[26.564427199553] 20.7903665757453
[26.613752199553] 20.2625212249905
[26.662532999553] 20.5967284156611
[26.709245899553] 21.3684345484871
[26.757456799553] 20.7195484796002
[26.805684799553] 20.8605824691833
[26.853634199553] 20.7266773063595
[26.902465599553] 20.5144195855222
[26.952919699553] 20.0499645115666
[27.000173399553] 21.0753041693247
[27.047594699553] 21.0062850805015
[27.095957299553] 20.6309778258233
[27.144419399553] 20.5587878538667
[27.193025599553] 20.6738432467849
[27.241471199553] 20.4506923581888
[27.289745899553] 20.8980738245334
[27.338040799553] 20.7744723284031
[27.386450199553] 20.5955830712528
[27.434284799553] 20.9669539838256
[27.485166199553] 19.661971387901
[27.533061599553] 20.9032721982295
[27.583414599553] 19.834382902764
[27.631403699553] 20.7276224587908
[27.678653599553] 21.0276197785797
[27.729096099553] 19.7834112140235
[27.779437099553] 19.8252208529587
[27.828702999553] 20.3629077417709
[27.879338699553] 19.6571788016991
[27.929002899553] 20.2319389481043
[27.977554199553] 20.6496802396973
[28.026241699553] 20.4212495354187
[28.077193499553] 19.6220402605006
[28.127629199553] 19.8086484559159
[28.178969099553] 19.3429958045049
[28.228230199553] 20.5363688824759
[28.494181999553] 107.658850634053
[28.559699299553] 31.1723613375327
[28.614806899553] 17.9598991372049
[28.666505599553] 19.5887153328706
[28.715896199553] 20.2226104963485
[28.767530799553] 19.3822865283434
[28.816725099553] 20.2914254523479
[28.867078999553] 20.0027203699691
