[0] 1.39826076395738E-06
[0.0020000000949949] 0.00026359159371651
[0.00505870021879673] 0.00421661073317903
[0.00736676040105522] 0.00255441200426093
[0.0082948004710488] 0.00380906486864301
[0.00880392047110945] 0.00483409098388025
[0.00935088051483035] 0.00594555035427338
[0.00993147050030529] 0.00721247277704382
[0.010475420509465] 0.00864991902784391
[0.011069520493038] 0.0103233714868935
[0.0116159704630263] 0.0120458155133254
[0.0121947304578498] 0.0140199011573041
[0.0127687404747121] 0.0161455721659017
[0.0133196305250749] 0.018320179337767
[0.0138627605629154] 0.0206257876092485
[0.0144192606094293] 0.023128454533327
[0.0149715606239624] 0.0257507763556358
[0.0155235406127758] 0.0285364008765419
[0.0160812206449918] 0.0314765616122913
[0.0166383906616829] 0.0345682515609576
[0.0171955506666563] 0.0378357699529747
[0.0177900406997651] 0.0414335056190405
[0.0183299506898038] 0.0448645476172615
[0.0188996706856415] 0.0486532267563139
[0.01944233069662] 0.0524040270017995
[0.0199844407034107] 0.0563217382534379
[0.0205461506848224] 0.0604959724715491
[0.0223396706278436] 0.0753418972837486
[0.0229604506166652] 0.0798812298422593
[0.0234442506334744] 0.0846663459785663
[0.024015610688366] 0.0896482884548274
[0.0245566606754437] 0.0947005782395175
[0.0250970806810074] 0.099911447941912
[0.0256372506846674] 0.105243503986386
[0.026171000674367] 0.110643056302315
[0.0267039106693119] 0.116293531338978
[0.0272521106526256] 0.122048959296426
[0.0277903706301004] 0.127933469363062
[0.0283255306421779] 0.134152212102258
[0.0289020806667395] 0.140555689395135
[0.029442390659824] 0.146958964543444
[0.0299990306957625] 0.153564349566984
[0.0305518606910482] 0.160373922978862
[0.0311092307092622] 0.167276460099159
[0.031650380755309] 0.174188511403224
[0.0321802807739004] 0.181081650290901
[0.0327273107832298] 0.188539751004132
[0.0332774808048271] 0.195829891824233
[0.0338247708277777] 0.203416226813715
[0.0344184608547948] 0.211800810110685
[0.0349624308873899] 0.219608891624638
[0.0355114908888936] 0.227648490200939
[0.0360566109302454] 0.235775300993488
[0.0377017909777351] 0.261968007178642
[0.0382901609991677] 0.270032442772889
[0.0387911309953779] 0.233725934696456
[0.039375631022267] 0.138764667517536
[0.0399322510347702] 0.095705181089451
[0.0405081610661] 0.0806154887636642
[0.0410766610875726] 0.0817049699009753
[0.0416509711067192] 0.0830924282946064
[0.042235971079208] 0.0847663795959403
[0.0428142510936595] 0.0866948309091949
[0.0433942211093381] 0.0887345818522845
[0.0439664011355489] 0.0910346604163008
[0.0445653411443345] 0.0930707813144892
[0.0451740411808714] 0.095636712619013
[0.0457665511639789] 0.0983755198864317
[0.0463634111802094] 0.100673083916544
[0.0469455511774868] 0.102941230213045
[0.0475341311539523] 0.104765742255461
[0.0481113811256364] 0.107247105025166
[0.0486855411436409] 0.109846883190108
[0.0492911911569536] 0.112720107767025
[0.0498950211913325] 0.115671593784184
[0.0504952511982992] 0.118572124069591
[0.0511666111997329] 0.122010044725664
[0.0529070512275212] 0.131669665547125
[0.0535824612015858] 0.134998718776536
[0.054097731190268] 0.13828921689386
[0.0546824212069623] 0.141644146908823
[0.0552492612041533] 0.145116621619197
[0.0558283011778258] 0.148760996099933
[0.0563902911962941] 0.15224883167583
[0.0569628612138331] 0.152052127047214
[0.0575225811917335] 0.155278280525127
[0.0580612911726348] 0.158188921762598
[0.0586507911793888] 0.161742711386516
[0.0591915011755191] 0.164929988567059
[0.0597592612029985] 0.168537633575355
[0.0603142812033184] 0.171921208890572
[0.0609157212311402] 0.175607621244996
[0.0614851412246935] 0.188475526781117
[0.0620678312261589] 0.186923963497431
[0.0626455512829125] 0.18948936755688
[0.0632345212507062] 0.192600157850866
[0.0638198312954046] 0.195698128569404
[0.0644111713045277] 0.198998351092523
[0.0649983512703329] 0.202389340036914
[0.0656143712694757] 0.20594846521334
[0.0662088312674314] 0.209220580953972
[0.0679185013286769] 0.2196046186632
[0.0686234913300723] 0.223332949082265
[0.0691842013620771] 0.226959998020646
[0.0698061913717538] 0.23094179969575
[0.0704199813771993] 0.234655948850091
[0.0710313813760877] 0.238549308105716
[0.0716602113679983] 0.242610234160301
[0.0722813013708219] 0.246640679909538
[0.0729363514110446] 0.251007304213498
[0.0735906314221211] 0.255331765761684
[0.0742190214223228] 0.259591748250552
[0.0748572414158843] 0.263965171674328
[0.0754914214485325] 0.26831313367568
[0.0761299714795314] 0.272886535625585
[0.0767914114985615] 0.277469761979014
[0.0774193715187721] 0.281941132286398
[0.0780295915319584] 0.286354099706949
[0.0786357915494591] 0.2907777365187
[0.0792684115585871] 0.295465025451656
[0.0799032215727493] 0.300247603998311
[0.080517471593339] 0.30481875759176
[0.0811488016042858] 0.3096356195666
[0.081775531580206] 0.314462097018516
[0.0835036415955983] 0.328336185183257
[0.084212101646699] 0.333564844852883
[0.0847997016389854] 0.338797021467006
[0.0854286916437559] 0.343836078440973
[0.0860500116250478] 0.349019917990342
[0.0866278316243552] 0.35388384520627
[0.0872247316292487] 0.359053453939063
[0.0878299816395156] 0.364184300683592
[0.0884141916176304] 0.369282938489901
[0.0890045916312374] 0.374572449682606
[0.089616761659272] 0.380146448424608
[0.0901987416436896] 0.385122330594917
[0.090779781632591] 0.390528161352131
[0.0913906416390091] 0.396069527185927
[0.0919858416891657] 0.401702702563383
[0.0925892117084004] 0.407545707570475
[0.0931739117368124] 0.413285568618476
[0.0937715817708522] 0.41882067905789
[0.094339131785091] 0.423981990915523
[0.0949011718039401] 0.429436653589935
[0.0955011518090032] 0.435514063721583
[0.0961142618325539] 0.441806879212659
[0.0967329018749297] 0.448247646415094
[0.0973645318881609] 0.456194466569814
[0.099079871957656] 0.471539842135698
[0.0997441219515167] 0.476670944158581
[0.100331761990674] 0.482877618915749
[0.101021762005985] 0.489603820565965
[0.101664902002085] 0.496010984229764
[0.102294952026568] 0.502442417645723
[0.102917852054816] 0.506277168364202
[0.10355470207287] 0.509785542283961
[0.104179192101583] 0.515647258439056
[0.104794802085962] 0.521665345296738
[0.105409242096357] 0.527428572391482
[0.106039902078919] 0.533980839255626
[0.106745742086787] 0.540543812920474
[0.107378352084197] 0.546827934041718
[0.108024042099714] 0.553258395549074
[0.108657312113792] 0.559633803148125
[0.109301342105027] 0.566189953392114
[0.1099562420859] 0.572876617153624
[0.110592202108819] 0.579445302002068
[0.111236012075096] 0.586147181725799
[0.111874072055798] 0.592807415055376
[0.112527152057737] 0.599726950948679
[0.114293631981127] 0.448675568747376
[0.114997962024063] 0.246819366897137
[0.11563793203095] 0.194051405119236
[0.116324792033993] 0.101912089550349
[0.116971572046168] 0.0656136713847279
[0.11764072207734] 0.0279179414506222
[0.118254992121365] 0.0253883181553028
[0.118834732158575] 0.0247712586939225
[0.119433212152217] 0.0243562244374304
[0.120025112177245] 0.0243750514231203
[0.120638932159636] 0.0335754989402095
[0.121242572146002] 0.0208844176674431
[0.121853182150517] 0.0153185481694612
[0.122474232164677] 0.0142981984282474
[0.12308851222042] 0.0133695067464429
[0.123708582250401] 0.0128490616770053
[0.124335232248995] 0.0123137706953801
[0.124955292267259] 0.01106374341399
[0.125589312287048] 0.0104032684950362
[0.126225232321303] 0.00989862784307127
[0.126878582290374] 0.00930596152591131
[0.12752730230568] 0.00884308165629584
[0.129301072272938] 0.00758234888547019
[0.130038962292019] 0.00712847206511509
[0.130659782327712] 0.00659431334194018
[0.131332272372674] 0.00614091561074661
[0.131988642388023] 0.0056662580093813
[0.132659262395464] 0.00524471220493877
[0.133315642422531] 0.00488456724272295
[0.133995562442578] 0.00453408845608106
[0.134718542452902] 0.00413373599501716
[0.135358732484747] 0.00383486603433491
[0.136019312485587] 0.00344274912835387
[0.13668095250614] 0.00315449164701661
[0.137335072504357] 0.00288312635915136
[0.137988392496482] 0.00259358422181404
[0.138632102520205] 0.0022609615755076
[0.139280952571426] 0.00201785152112325
[0.139941712608561] 0.00182806973833829
[0.140604042622726] 0.00168534920241725
[0.141246632614639] 0.00157905812551119
[0.141893892665394] 0.00150575791695145
[0.142548392643221] 0.0014734613837663
[0.14431880263146] 0.0016351260143537
[0.145034182642121] 0.00173190287334053
[0.145619862654712] 0.00188983520092361
[0.146285872673616] 0.0020904955795511
[0.146914192650001] 0.00234585931988279
[0.14756911265431] 0.00265125919745273
[0.148219422670081] 0.00298262433785714
[0.148844122653827] 0.00325825022863829
[0.149500542669557] 0.00365703402203113
[0.150111802679021] 0.00398909829449734
[0.1507831926574] 0.00453906341163778
[0.151441642665304] 0.00515726313396404
[0.152065282687545] 0.0054281929507298
[0.152677382691763] 0.00575224153663987
[0.153252522693947] 0.00633828849788638
[0.153873762697913] 0.00703251000970905
[0.154498602729291] 0.00781238083889571
[0.155132752784993] 0.00867648564011019
[0.155768012802582] 0.00891977990714559
[0.156388632836752] 0.00916152371012777
[0.156962292850949] 0.00993059500402229
[0.157600752834696] 0.0108450232843599
[0.159309892973397] 0.0137641531434019
[0.159968123014551] 0.0148996936010302
[0.16056698304601] 0.0150156065403377
[0.161214963067323] 0.0150953048213718
[0.161837293067947] 0.0161305995992144
[0.162435303092934] 0.0171647421683563
[0.163016133068595] 0.0146345851961827
[0.163641463033855] 0.0150322731308273
[0.164282813027967] 0.0157204762565582
[0.164900873031002] 0.0127918516423052
[0.165527323028073] 0.0125627104327157
[0.166126603027806] 0.0125896638366503
[0.166753763041925] 0.012630383847238
[0.167445063008927] 0.0127444782725779
[0.168120463029481] 0.0126781480854577
[0.168756353028584] 0.0128340295992735
[0.16943218302913] 0.0128374900362428
[0.170089963066857] 0.0130429864468369
[0.170725463074632] 0.0132827054025333
[0.17135673307348] 0.0135680655021055
[0.172006253094878] 0.0135161075071487
[0.172659033094533] 0.00611707687920758
[0.174439733033068] 0.00588349680024535
[0.175121813022997] 0.00612127362463193
[0.175714833079837] 0.00778803056327403
[0.176405463076662] 0.00462189566458208
[0.177048013079911] 0.00424117000140752
[0.177691993070766] 0.00432453514203698
[0.178338413068559] 0.00430544914153257
[0.178984023048542] 0.00446068847435759
[0.17964078305522] 0.00454394861839196
[0.180299823055975] 0.00758324209841217
[0.180985003069509] 0.00531472967487885
[0.181600193085615] 0.0048177509288363
[0.182221643102821] 0.00443066940378606
[0.182888473093044] 0.00418321052797404
[0.183523453131784] 0.00390323068566262
[0.184213933127467] 0.0035508029966359
[0.184875883162022] 0.00336614827417013
[0.185516633151565] 0.00316056753153293
[0.186175243172329] 0.00297672577003152
[0.186815073189791] 0.00278806364508911
[0.187472743215039] 0.00262939606076832
[0.18815059325425] 0.00250232566720452
[0.189896883268375] 0.00247407372865755
[0.190605053270701] 0.00232791890456898
[0.191212873265613] 0.00220323251605006
[0.191859813290648] 0.0022228435146561
[0.192444873333443] 0.00222378074648641
[0.193059643323068] 0.00226924011206776
[0.193681153352372] 0.00236479103925261
[0.194352683378384] 0.00248915882969227
[0.194981723383535] 0.00263303142420333
[0.19564265338704] 0.00279619214310195
[0.196294623368885] 0.00302644212181928
[0.196922243398149] 0.00330161385820617
[0.197570163407363] 0.00341698763334283
[0.198195163451601] 0.00374047512147051
[0.198813513445202] 0.00410372806420609
[0.199460883450229] 0.00454223379608092
[0.200089713442139] 0.00500730752057954
[0.200754103483632] 0.00558938633669189
[0.201376923534553] 0.00613185122072818
[0.202015963557642] 0.00681339883737043
[0.202666483586654] 0.0065200012297671
[0.203326903632842] 0.00716108031471129
[0.205142213613726] 0.00924363254780408
[0.20579526363872] 0.0100076041089545
[0.206379583629314] 0.010908533591402
[0.207001273636706] 0.011896191295076
[0.207650933647528] 0.0217203711695808
[0.208291273680516] 0.0224154852337873
[0.208911663678009] 0.0112425036176259
[0.209532853681594] 0.0117439723084841
[0.210166933655273] 0.0123347719278915
[0.210781113652047] 0.012979280810767
[0.211428873648401] 0.0137337398002851
[0.212059243698604] 0.0126666306161918
[0.212690423708409] 0.0127056864953344
[0.213309633720201] 0.0206777232784711
[0.213928223703988] 0.00727390452754995
[0.214586923713796] 0.00677753962456368
[0.215225023741368] 0.00637023432216325
[0.215865133795887] 0.00603662389245777
[0.216544963826891] 0.00571703170869392
[0.217221433878876] 0.00541262247837049
[0.217961273912806] 0.00508775582459766
[0.218647173896898] 0.00484324857708085
[0.22048565390287] 0.00426210714004309
[0.221125313895755] 0.0040383200433012
[0.22177333390573] 0.00380812142734977
[0.222462413890753] 0.00359426957395138
[0.223233813885599] 0.00343783870359825
[0.223909873922821] 0.00329578940309591
[0.224583423929289] 0.00317330105628174
[0.225204883958213] 0.00307816919368508
[0.22588075400563] 0.00297680290926766
[0.22657108400017] 0.00289846645471701
[0.227230704040267] 0.00285896381740471
[0.227898904064205] 0.00283655989029933
[0.228527934057638] 0.00283199825086678
[0.229181754111778] 0.00285194191821307
[0.229814424121287] 0.00290099199281003
[0.230432264157571] 0.00297555492142439
[0.231019294180442] 0.00305538135763162
[0.231639254197944] 0.00322901284540265
[0.232275754213333] 0.00344019985778438
[0.232881104224361] 0.00876902157024096
[0.23351085424656] 0.00804605955846411
[0.234220334270503] 0.00772132456595812
[0.236019074276555] 0.00717866757805885
[0.236659724265337] 0.00716243414460602
[0.237292424251791] 0.00706134753911115
[0.237944744236302] 0.00715669101312177
[0.238594104244839] 0.00670537262483431
[0.239253254258074] 0.00686343219557905
[0.239903884299565] 0.00568304653209852
[0.240561834303662] 0.00527372498621835
[0.241184004291426] 0.00499879230154269
[0.241848184319679] 0.00459068763879127
[0.242480534361675] 0.00429748116794462
[0.243128124333452] 0.00406137300431793
[0.243765964347403] 0.00380705399916334
[0.244408374361228] 0.00356066808596359
[0.245078174339142] 0.00334903213788468
[0.245736484357622] 0.00314784512285325
[0.246409634361044] 0.00295300719918086
[0.247054114413913] 0.00277125887623111
[0.247699744417332] 0.00261492069703264
[0.24834597442532] 0.00249620888727438
[0.248993874469306] 0.0023515028494044
[0.249656664498616] 0.00224127154624698
[0.251442834443878] 0.00212795620268269
[0.252141044475138] 0.00204433091904324
[0.252783704490867] 0.00201976124395858
[0.253469794522971] 0.00203195592935646
[0.254137964511756] 0.0021013609112076
[0.254761504533235] 0.00218870151327772
[0.255393514526077] 0.00231450742463087
[0.256023224501405] 0.00247224938934952
[0.256682334467769] 0.00270689320376352
[0.257325914455578] 0.00290432463537172
[0.257968044490553] 0.00325520699597818
[0.258593304490205] 0.00341801605901344
[0.259262434497941] 0.00377978847966977
[0.259865254512988] 0.00421354835329949
[0.260485844512004] 0.0047360118486702
[0.26111361454241] 0.00479736694908167
[0.261739374545868] 0.00531523718684459
[0.262372524593957] 0.00592337444471129
[0.2630086246063] 0.0066014678537279
[0.263622484635562] 0.00993135922674069
[0.264253974601161] 0.0070590487533148
[0.264883704599924] 0.00274901599629727
[0.26659462461248] 0.00310715041793505
[0.267225694609806] 0.00326724980863145
[0.267945244617295] 0.00362379905365089
[0.268623734649736] 0.0039811485842364
[0.269261594628915] 0.0150328567966882
[0.269895774661563] 0.00879593229512215
[0.270521744678263] 0.00918478229409501
[0.271125174709596] 0.00956594877976077
[0.271758094721008] 0.00858410868984789
[0.272371454746462] 0.00427613089119546
[0.272974294726737] 0.00383737225783543
[0.273604604706634] 0.00363714933689108
[0.274279064731672] 0.00348292639209345
[0.274941574723925] 0.00339146816226628
[0.275583744747564] 0.0033292080925816
[0.276261114748195] 0.00327458803404866
[0.276936674781609] 0.00324134902593033
[0.277590724814218] 0.00322591813463312
[0.278242144850083] 0.00322578271238711
[0.278886934858747] 0.00326709074658292
[0.279595794912893] 0.00333015239658046
[0.280247764894739] 0.00342339266700909
[0.281990804942325] 0.0037674320784902
[0.282626204949338] 0.00389979922863036
[0.283198955003172] 0.00412141176888013
[0.283891305036377] 0.00425386643797363
[0.284651665075216] 0.00456279004932305
[0.285315545042977] 0.00487851690221243
[0.285971975070424] 0.00498944604268808
[0.286562755063642] 0.00530947141431189
[0.287209385074675] 0.00571061944046404
[0.287931525090244] 0.00614233072058429
[0.28855783509789] 0.00618010986028047
[0.289220585138537] 0.00660819397628578
[0.289884735189844] 0.00497496780732558
[0.290581165172625] 0.00294486360286647
[0.291224335203879] 0.00268755962634008
[0.291890565189533] 0.00254702218532049
[0.29257529519964] 0.00236051458792346
[0.293268295237795] 0.00224167424620392
[0.293970685219392] 0.00208624030776423
[0.294638595252763] 0.00197725826382312
[0.295305035251658] 0.00185502569275012
[0.297057485266123] 0.00179232715768845
[0.297729135258123] 0.00161964982647625
[0.298300105263479] 0.00152872524504034
[0.298959215229843] 0.00149013838218584
[0.299647045263555] 0.00145063291784289
[0.300296455272473] 0.00142497551913437
[0.300983985245693] 0.00141894017009422
[0.301622915256303] 0.0014162244475356
[0.302278685267083] 0.00143634602793317
[0.302943125250749] 0.00148376079374316
[0.303595015255269] 0.00157831677335394
[0.304242435260676] 0.001665310927983
[0.305018045299221] 0.00178256165578377
[0.305827695352491] 0.00195331378738628
[0.306575575377792] 0.00215200677939565
[0.307236485357862] 0.0022660182811341
[0.307880125357769] 0.0024963109945585
[0.308504015381914] 0.00276040593818108
[0.309138075390365] 0.00294139734991573
[0.309795665438287] 0.00314569168502242
[0.31042431545211] 0.0034707687888613
[0.31219695560867] 0.00422693717133695
[0.312834555632435] 0.0045442107016742
[0.313457405660301] 0.00500150833028185
[0.314091035688762] 0.00545246424380035
[0.314733495702967] 0.00597018349514111
[0.315395235724282] 0.00294935938972754
[0.316033755778335] 0.00210933641503072
[0.316725655749906] 0.00194676484598299
