[0] 0.326756611115434
[0.0199999995529652] 6.99948863172375
[0.0657101995529672] 35.2257501122183
[0.107354099552978] 72.9730404349065
[0.138628499552979] 121.415119247094
[0.168532699552969] 155.557363535395
[0.200014999552977] 211.726037349782
[0.231533799552977] 279.12342493162
[0.263483399552968] 366.090970651316
[0.296414899552971] 469.281158361069
[0.330951599552975] 553.348846440194
[0.364957999552971] 637.543683645472
[0.400172799552976] 750.535540080697
[0.436298499552976] 814.117728314548
[0.472399599552972] 1392.89074323342
[0.510662799552975] 1306.93294777163
[0.548460099552969] 1142.70511296822
[0.587992499552968] 1867.58254795175
[0.628664499552968] 1572.59439092942
[0.66987099955297] 2502.89522426555
[0.713354299552975] 2352.60190795673
[0.756628899552979] 2873.41283190331
[0.802205699552971] 2967.20791253887
[0.849315999552971] 2766.21094096839
[0.895823899552965] 3124.98315691009
[0.942882199552969] 3761.33471027943
[0.994234399552965] 3197.47191441087
[1.04211739955298] 4239.39291666069
[1.09089589955298] 4815.67616303808
[1.14076019955297] 6653.13508060924
[1.19040439955297] 6307.55750240013
[1.24074639955298] 3768.62382716511
[1.29111669955297] 8998.60720271994
[1.34129839955297] 5107.31029348515
[1.40288779955297] 9055.39709840274
[1.45532579955297] 8015.93779803571
[1.50850399955297] 14703.5547802143
[1.56544709955297] 10582.8665481339
[1.61821869955297] 20666.0110495767
[1.67257269955297] 25316.5970787734
[1.72708059955298] 7671.00586861991
[1.78263579955298] 19248.8455870657
[1.83447029955298] 16028.3671345623
[1.88784689955297] 15925.4025665312
[1.94014059955298] 25478.1275687308
[1.99213189955297] 21167.7012519644
[2.04649759955298] 13094.8017666514
[2.09809109955297] 24530.0449972732
[2.14979759955297] 18116.8615303966
[2.20236269955298] 8517.34046331818
[2.25667309955297] 18253.2145485211
[2.30732879955298] 25203.1290489934
[2.36058159955297] 27055.3251098792
[2.41461729955297] 24205.1470380064
[2.46649179955297] 34571.8358688536
[2.51948139955297] 18154.6606489427
[2.57424489955297] 44165.047794317
[2.62600999955298] 12504.685295612
[2.67951969955297] 33821.7406139394
[2.73129489955298] 17792.1882775188
[2.78339179955297] 42985.5958763852
[2.83605409955297] 44491.0180871257
[2.88879099955297] 23606.2858353447
[2.94481429955297] 41584.5849851499
[2.99666429955298] 17653.0683127452
[3.05280249955297] 19456.639278432
[3.10441499955297] 23150.6996036237
[3.15538629955297] 31799.9400240351
[3.20976099955297] 27058.8349782651
[3.26228969955297] 40546.0010373617
[3.31557649955298] 33221.4555245629
[3.37032269955297] 42004.0119386686
[3.42665509955297] 41934.8731362438
[3.48212489955297] 21541.3356091484
[3.53732449955297] 28708.4228020288
[3.59035719955297] 30500.5420609693
[3.64441639955297] 38823.2200660357
[3.69806109955297] 24260.5943914707
[3.75271319955297] 26191.8604263508
[3.80590339955297] 16875.867660089
[3.86075109955297] 26923.7977699315
[3.91325659955297] 18168.4786294991
[3.96569069955297] 14436.1226703085
[4.02210999955297] 21353.3039419711
[4.07560319955297] 12120.9899378508
[4.12861819955297] 15605.6159826764
[4.18096689955297] 11652.895595077
[4.23286789955297] 20643.7703430469
[4.28328029955297] 12822.238245996
[4.33591759955297] 18094.1778061052
[4.38771689955297] 11189.9271313359
[4.43875199955298] 15396.4783886122
[4.49070969955297] 7701.16588470584
[4.54181939955298] 15480.8890768312
[4.59249639955297] 7464.35864218886
[4.64261749955297] 13832.510860454
[4.69242089955297] 9634.37594355163
[4.74159119955297] 9620.69009454422
[4.79071329955298] 4848.49253667313
[4.84288829955297] 8995.23473997696
[4.89403259955297] 5626.76954630783
[4.94353879955297] 3946.1639840746
[4.99219349955297] 3904.53182928741
[5.03991949955297] 3294.41397899682
[5.08816409955297] 4354.29923555627
[5.13601239955297] 4556.04840318873
[5.18361159955298] 2626.16715684374
[5.23192379955297] 3020.66555992347
[5.27785129955298] 2667.45406961458
[5.32533959955298] 2495.38580409529
[5.37318239955297] 3552.37383937624
[5.42199879955297] 1334.28302542662
[5.47095489955298] 2321.39928246669
[5.51760419955298] 1430.2272268456
[5.56434039955298] 1662.70446743465
[5.61078369955297] 1453.48104217321
[5.65679939955297] 1590.24859633558
[5.70224329955298] 911.152711914834
[5.74816009955298] 727.554801280285
[5.79312869955297] 506.102318888433
[5.83887979955297] 415.242095016264
[5.88435049955297] 245.781367725447
[5.93162939955297] 497.767019178686
[5.97620799955297] 476.411071077198
[6.02129369955297] 257.821372960767
[6.06596409955297] 96.1375166300508
[6.10825319955298] 708.982048960628
[6.14979389955298] 192.44467618519
[6.19110479955297] 1335.79242784392
[6.23849779955297] 871.461882390479
[6.27966569955298] 366.562610486103
[6.32038409955297] 923.410967850778
[6.36167419955298] 892.440720588332
[6.40314259955298] 933.639751734104
[6.44614719955297] 984.180789861229
[6.48958659955298] 1215.7496685027
[6.53399069955297] 1200.08736730593
[6.57754969955297] 1816.43914886653
[6.62064219955298] 1135.20551562565
[6.66459869955297] 1777.24457947811
[6.70841899955298] 1674.58747031454
[6.75360919955297] 2203.63414220991
[6.79940069955298] 2595.69444715334
[6.84444159955297] 2777.38317440579
[6.89103459955297] 3140.30751253421
[6.93796729955297] 2596.3700222301
[6.98512799955297] 4733.82799037419
[7.03232609955298] 2947.88977331316
[7.08124399955297] 3859.90203178681
[7.13035459955297] 6217.78611877637
[7.17889639955297] 4674.9898902843
[7.22773479955298] 5027.75460050506
[7.27588129955298] 7925.73418583818
[7.32482669955297] 6901.6967602982
[7.37372959955297] 4172.26419978859
[7.42237999955297] 12440.656847211
[7.47054049955297] 10201.4445643715
[7.52152909955298] 5346.77794698243
[7.57246919955297] 5542.56144405683
[7.62113919955297] 10552.9019916382
[7.66986259955297] 9713.03748136146
[7.71935159955298] 5133.31567705675
[7.76885019955297] 17258.2971382341
[7.81756409955297] 6665.32089606379
[7.87035599955297] 16401.4284542303
[7.92050849955297] 7166.81869478219
[7.97175559955298] 10154.8632006206
[8.02235299955298] 15121.1020108425
[8.07398299955297] 19656.4329669543
[8.12482179955298] 12495.3385270771
[8.17531289955298] 26099.2159482092
[8.22709369955297] 18627.7422184118
[8.27905809955297] 8439.79121209098
[8.33124749955297] 27213.9200197828
[8.38177389955297] 41715.7587428178
[8.43370929955297] 10425.5733730705
[8.49017269955297] 25600.6136726428
[8.54255029955297] 15621.2238454784
[8.59591329955298] 8250.99080317224
[8.64687239955298] 20509.6232347651
[8.69809579955297] 29583.1459204633
[8.74924369955298] 27170.7954773286
[8.80101539955297] 31928.7531540987
[8.85574029955298] 18763.4312737267
[8.90610209955297] 23956.1898661025
[8.95605549955297] 35819.2885149667
[9.00904949955297] 28583.6256023965
[9.06280429955297] 30043.6792444354
[9.11956779955297] 18563.5141194069
[9.17606199955297] 14634.1455791466
[9.22836009955297] 28571.7204999758
[9.28089819955298] 19724.8139987471
[9.33274159955297] 34168.1993327185
[9.38519049955298] 38425.2850897788
[9.43895389955297] 23360.2966196873
[9.49514179955297] 24659.309547765
[9.54746349955298] 14328.8144967673
[9.60004289955297] 27984.9691007351
[9.65335849955298] 20049.4647113345
[9.70493169955297] 18886.2260592974
[9.75809059955297] 37555.8779362472
[9.81126699955297] 26612.2881657703
[9.86578149955297] 19330.3299429663
[9.91896809955297] 31170.0957732541
[9.97055389955297] 27648.8874210409
[10.023306699553] 22364.285052938
[10.075964599553] 9465.42631974727
[10.127768699553] 16565.2435839298
[10.179787899553] 14289.9298320369
[10.231846099553] 21091.9980500435
[10.282498499553] 15042.4771662531
[10.334214399553] 21819.8062334833
[10.391896499553] 27186.8275415152
[10.441722599553] 33591.415523046
[10.493105399553] 15694.3325066325
[10.548703299553] 16016.3880811767
[10.599422099553] 18989.3852272278
[10.651728299553] 5459.31029606947
[10.704362299553] 15557.9546551315
[10.755059399553] 9417.81576691386
[10.807626999553] 6518.25402043591
[10.859912099553] 13198.2988504634
[10.911618499553] 9532.47597296205
[10.963573099553] 11279.3527913843
[11.014755699553] 13803.2496180758
[11.065962099553] 7744.78862367784
[11.118420399553] 8700.58231593823
[11.169648099553] 5681.19761249691
[11.219419799553] 5422.69738904538
[11.267280499553] 5050.6655720683
[11.315535299553] 6913.80493738083
[11.364127099553] 11094.0486154333
[11.413379699553] 4413.26397361573
[11.462950299553] 8285.75604627256
[11.511725299553] 4388.7317169203
[11.560509699553] 3297.02472765479
[11.612539999553] 3318.10104170163
[11.660295099553] 3083.24991148641
[11.707792299553] 2676.08169315653
[11.756426399553] 4233.28204327495
[11.804645299553] 2683.76249236635
[11.852736199553] 2924.18181494443
[11.900469499553] 2701.74875901214
[11.948441899553] 1379.22462174907
[11.995305999553] 937.969025002836
[12.043354999553] 1995.79134647286
[12.090711699553] 336.027937252083
[12.136959799553] 872.803967230286
[12.183255399553] 371.679153627289
[12.227795599553] 237.993961843152
[12.273114499553] 2306.6310167342
[12.319010299553] 1368.10763284188
[12.365034299553] 1988.35052139318
[12.411399999553] 1906.90919265467
[12.458197199553] 1391.56622863999
[12.505059699553] 2931.29451877381
[12.551805699553] 2479.63410810595
[12.598466799553] 3004.29625283259
[12.644025399553] 1494.28110412357
[12.691089899553] 546.771258222402
[12.738641399553] 914.514972642774
[12.791225599553] 1809.82572972744
[12.842741499553] 2862.6962211293
[12.894321499553] 1786.95607422448
[12.941185599553] 2027.10885116381
[12.987868999553] 2168.31243546543
[13.035272599553] 4467.01692294355
[13.082734799553] 3590.49426388233
[13.129744899553] 4022.92947257251
[13.177895499553] 3664.14183705257
[13.225435599553] 2759.30916040424
[13.272380899553] 2310.76696534071
[13.320618699553] 3103.98689204941
[13.368051099553] 3548.90805548017
[13.415880199553] 3937.89353783768
[13.464197899553] 4501.8730721134
[13.512323099553] 5943.85873476737
[13.561518699553] 2950.66418606338
[13.610893799553] 9249.43367437351
[13.659298399553] 6273.81782248219
[13.708578399553] 5207.17553827508
[13.758122899553] 7225.85054088935
[13.807296399553] 7000.84457763647
[13.856118099553] 11076.7331870959
[13.904489199553] 4870.54028130541
[13.953614799553] 6471.81256393773
[14.003313299553] 8691.2047145187
[14.053785399553] 11848.774611814
[14.103919299553] 3386.43826819288
[14.153590099553] 12513.5430389217
[14.202897399553] 9620.82055205828
[14.252914199553] 7111.50114883758
[14.302783599553] 9861.52120464784
[14.353020999553] 19414.5137582483
[14.402650899553] 26114.1860226455
[14.452124799553] 9131.30913202099
[14.506727399553] 3522.13785935192
[14.557665999553] 8127.24234524806
[14.798783399553] 20579.0824200701
[14.845361299553] 54140.4212462553
[14.902636699553] 67911.1399692256
[14.953954399553] 7755.82854405456
[15.009089699553] 6183.59972986022
[15.060368499553] 8428.04632387403
[15.109392399553] 18890.8775594311
[15.160126599553] 18069.4459079619
[15.210959199553] 22465.4160649636
[15.263109199553] 10568.2864284556
[15.313526099553] 5431.25508644776
[15.364478499553] 23858.6898769646
[15.412458299553] 14634.4579537879
[15.458608599553] 12543.8622459554
[15.503723299553] 15420.4005406644
[15.549487399553] 14067.563212134
[15.595079399553] 18356.8271781391
[15.641633299553] 21879.6911334979
[15.687693899553] 28925.5026383467
[15.734767499553] 7165.21759263274
[15.785061799553] 14056.1161308742
[15.830855299553] 47111.4362383579
[15.877827999553] 13595.1738965496
[15.927345999553] 8914.39804874636
[15.975248499553] 16652.9471972504
[16.023507099553] 5391.26348870327
[16.071151199553] 9237.11479417038
[16.119407799553] 10468.7204607381
[16.172694299553] 13516.8311799426
[16.224451599553] 19535.34741585
[16.274477099553] 4529.19811690904
[16.325432999553] 14256.3315013284
[16.374294499553] 13676.4157222808
[16.424755099553] 9373.09557086267
[16.476978799553] 9773.56407102449
[16.527386699553] 4811.42652466355
[16.575970799553] 4308.49082819389
[16.624897199553] 5729.53957479121
[16.672982799553] 4624.48210922179
[16.721455099553] 8430.40829269501
[16.770510899553] 9844.08180474554
[16.818570799553] 2823.60962400297
[16.877456399553] 10584.5955341721
[16.926466299553] 10964.0860046394
[16.976665099553] 6118.63281230634
[17.025845699553] 9946.3907734628
[17.077310399553] 4708.87837381815
[17.126355199553] 4611.66180920571
[17.175579099553] 4029.76515645947
[17.224147399553] 7754.35544257681
[17.273527299553] 5626.42181007579
[17.323816399553] 6228.47943777624
[17.372431599553] 2368.99978392619
[17.421587999553] 6220.61132546437
[17.472724399553] 3784.9033434529
[17.521921899553] 5358.72856785359
[17.571956899553] 2718.09387700479
[17.621248399553] 9139.28434311754
[17.669318699553] 11015.5560225211
[17.718102699553] 3501.05032810452
[17.768013099553] 4091.38772679488
[17.815355799553] 3783.0617950933
[17.862880199553] 3644.21960965822
[17.912861199553] 8285.65426128089
[17.960192899553] 5585.77576240591
[18.012095699553] 4037.6576260985
[18.059711699553] 7003.17401363552
[18.107543499553] 2883.61480373975
[18.155560399553] 5462.45660050454
[18.202958699553] 3364.18127894195
[18.252727499553] 1458.73532669766
[18.301510499553] 1796.15191566805
[18.348125399553] 3097.08022338632
[18.395717399553] 5400.91455757617
[18.442425799553] 4899.71932915831
[18.489381399553] 5245.96101291142
[18.538207299553] 6689.67516333845
[18.585810199553] 7031.35366415508
[18.634385199553] 6659.52370120663
[18.684069299553] 6196.99075897383
[18.732117199553] 2651.55634471696
[18.780352299553] 3288.19184677264
[18.826704599553] 3956.21104186106
[18.873708099553] 2845.31290030667
[18.921668399553] 3490.53741230578
[18.967853999553] 6269.3529790392
[19.016508199553] 3138.52246109278
[19.064849999553] 4537.35446090298
[19.111967199553] 6499.44723177091
[19.160281099553] 3004.18641957881
[19.208830799553] 6298.00890263235
[19.256638899553] 3646.15388366677
[19.304960999553] 7061.78721485008
[19.354766899553] 11547.7428951161
[19.403889899553] 2584.41584264632
[19.452957199553] 3402.20753707438
[19.501912299553] 7404.72027167378
[19.549823499553] 12942.3737623072
[19.597858699553] 11052.9914065965
[19.647503399553] 6240.36935082459
[19.696823799553] 4538.25121487218
[19.745088399553] 8363.55147419717
[19.794530199553] 4021.75414406799
[19.845000899553] 6565.51328231511
[19.893021399553] 6551.7818385511
[19.941452599553] 6632.24702174615
[19.990221499553] 3252.11940211942
[20.038069399553] 8324.4925108825
[20.085351799553] 14565.207269972
[20.137288899553] 5138.87276701874
[20.188310999553] 8668.78643914219
[20.236692899553] 18214.1650726102
[20.285018099553] 8862.79728042762
[20.334875299553] 7039.80080490213
[20.383899799553] 13154.1850143094
[20.432034999553] 4744.80499993241
[20.479899099553] 9254.16973834608
[20.527496699553] 7126.97678809016
[20.575679899553] 12720.491436264
[20.625396799553] 13731.2736909828
[20.674813099553] 3859.86271363826
[20.724062899553] 13454.032547026
[20.772815899553] 5604.06169246085
[20.821501199553] 11951.0329391893
[20.870299499553] 10851.1745350853
[20.919678399553] 11389.9196537344
[20.969322599553] 7560.98573660622
[21.017334799553] 12508.1625413062
[21.065432299553] 13821.8829201137
[21.113121099553] 8720.13685125941
[21.161852699553] 11215.5690284276
[21.211494099553] 7481.98386511128
[21.260090099553] 4266.8303011645
[21.308564399553] 11013.6650329136
[21.355805799553] 22269.4270791335
[21.403942699553] 2611.00396148308
[21.452083699553] 8155.6748289781
[21.499307299553] 2213.74115005047
[21.546333499553] 10684.6047933183
[21.593427199553] 14846.9307909943
[21.641600599553] 10532.4110150395
[21.691984099553] 7543.18821763048
[21.742563699553] 9986.59479528136
[21.792430399553] 9870.88802313368
[21.841673699553] 22944.1573405303
[21.890465799553] 8498.7935680136
[21.942990799553] 8322.32941450124
[21.990701299553] 18692.2608747639
[22.037470399553] 9809.37938147855
[22.086396199553] 7887.75473527132
[22.134803799553] 17264.6478687569
[22.184186699553] 6378.02543914404
[22.235058099553] 12907.839194218
[22.282760699553] 14432.4795839475
[22.330506699553] 10044.5761966056
[22.379062499553] 7374.44910976629
[22.426514299553] 8336.04652249175
[22.474228599553] 8614.42907743198
[22.522023599553] 8927.75667120964
[22.571244799553] 17117.3590164996
[22.619349999553] 6702.36904508255
[22.669297799553] 7315.45083530679
[22.717521399553] 8270.3766527443
[22.765040899553] 12319.75953064
[22.813045099553] 5181.35197041012
[22.860918199553] 7834.85175884295
[22.908119899553] 10517.3149437525
[22.958338599553] 11678.8111602562
[23.008611899553] 4846.82190483075
[23.057888099553] 5985.8343756979
[23.105525799553] 4790.46541397841
[23.154397299553] 8427.21245499456
[23.203334299553] 11819.9917390911
[23.251701899553] 3273.58030914313
[23.300844099553] 10460.7265515394
[23.349404599553] 3983.92035013947
[23.396945299553] 8492.75984550144
[23.445815199553] 6542.48772182107
[23.494921799553] 5826.62338990941
[23.542169099553] 1137.76795185437
[23.590115699553] 4027.05766232397
[23.636666699553] 2166.59179058137
[23.682530499553] 4686.81988570354
[23.728307399553] 7604.37594560031
[23.776342899553] 5485.40319827321
[23.824013999553] 14579.6098634589
[23.870890499553] 4892.91552154814
[23.917838699553] 4205.59985998933
[23.965298999553] 7715.2755037526
[24.011716799553] 4861.35574977177
[24.058651999553] 10918.3155569321
[24.104571099553] 4845.49672107032
[24.151932799553] 11046.2619949964
[24.198538999553] 11162.2779090025
[24.248295099553] 8563.14777786823
[24.295463999553] 6664.14696267794
[24.342522399553] 4410.41130240996
[24.390056399553] 5310.24298305097
[24.436278699553] 4777.33811163966
[24.484080799553] 8698.14994761791
[24.530258499553] 5942.52115821016
[24.577863999553] 10178.8357536544
[24.625572299553] 4241.62192357214
[24.673636499553] 5846.90042432561
[24.721142199553] 4540.46350339613
[24.768521799553] 5891.30348289787
[24.816516299553] 5035.48297752019
[24.863631699553] 2780.99397441442
[24.912160599553] 3708.27636746337
[24.959702999553] 2883.88478686675
[25.007454399553] 7134.96927560662
[25.055605099553] 5537.96322113311
[25.103827699553] 7018.5621873831
[25.152160199553] 3437.92006929368
[25.200448599553] 6115.14860416988
[25.249366199553] 5296.55000240425
[25.298348799553] 10032.0001808302
[25.348294999553] 3207.08128559165
[25.397136999553] 4321.09932965252
[25.445490099553] 11646.9686266917
[25.493376799553] 9038.67798729741
[25.541376799553] 3661.86498929771
[25.589944599553] 10662.7029624972
[25.638586699553] 2679.29018239038
[25.687644399553] 7119.08917383372
[25.735897799553] 14204.9047675257
[25.786211299553] 8823.90329121207
[25.834892799553] 6310.10370993843
[25.883154899553] 2091.80645248592
[25.930106699553] 8218.26471172663
[25.976268599553] 11865.4869618842
[26.025824699553] 8446.47027638451
[26.074812199553] 7168.71049179802
[26.125035499553] 5807.01901582065
[26.172968299553] 6012.26194057157
[26.224895599553] 1185.39326058631
[26.274475199553] 4618.63013228175
[26.321979099553] 5953.5465668157
[26.368951499553] 15957.5681076276
[26.417381899553] 14051.1483500171
[26.466444399553] 3009.4137563872
[26.516277899553] 12780.5155257375
[26.564427199553] 11615.5203946746
[26.613752199553] 2805.40229296416
[26.662532999553] 4986.20836260458
[26.709245899553] 4124.81740382547
[26.757456799553] 10477.7486920266
[26.805684799553] 8760.39914462041
[26.853634199553] 15090.3038598429
[26.902465599553] 10904.3628927232
[26.952919699553] 3499.66899264719
[27.000173399553] 9916.73286782
[27.047594699553] 7695.79356329154
[27.095957299553] 8200.61199615404
[27.144419399553] 9163.82653890746
[27.193025599553] 8831.54987383266
[27.241471199553] 4878.16745539065
[27.289745899553] 8032.20631370398
[27.338040799553] 5196.04705969357
[27.386450199553] 14638.7455581641
[27.434284799553] 15056.9183185932
[27.485166199553] 11979.5936645269
[27.533061599553] 5188.87520854599
[27.583414599553] 6221.49857564496
[27.631403699553] 2906.52630244235
[27.678653599553] 17821.277405876
[27.729096099553] 5433.15128701979
[27.779437099553] 9427.56573523657
[27.828702999553] 7003.54388524384
[27.879338699553] 4878.02812560822
[27.929002899553] 14240.7373084337
[27.977554199553] 11731.9953764667
[28.026241699553] 6540.1094930447
[28.077193499553] 10650.2012921593
[28.127629199553] 6442.31827496601
[28.178969099553] 7096.84598461037
[28.228230199553] 6256.14022944543
[28.494181999553] 314175.560417906
[28.559699299553] 28232.8228606378
[28.614806899553] 2071.72070302648
[28.666505599553] 15492.6022514061
[28.715896199553] 6698.99336459603
[28.767530799553] 9261.55336796817
[28.816725099553] 11383.5491810112
[28.867078999553] 11005.7395228995
