[0] 147.146908837494
[0.0199999995529652] 145.826377769223
[0.0881290995530435] 144.517363315626
[0.124553799552814] 143.659607575604
[0.148919199553347] 142.997337675448
[0.165099399553583] 142.529266487216
[0.183001099552712] 141.978019070385
[0.198527299553461] 141.477589604984
[0.216453699553313] 140.871083639804
[0.232063899553395] 140.326616348744
[0.253152799552481] 139.542722670757
[0.261582699553401] 139.226357607425
[0.282648899552441] 138.368642690574
[0.299256199552474] 137.686295730879
[0.316237599552551] 136.953951465673
[0.3318278995539] 136.249344094618
[0.347270999553075] 135.530129062763
[0.365889699553009] 134.636302972074
[0.383068699553405] 133.781865736238
[0.398407399552525] 132.985081647861
[0.414700299552351] 132.136137647574
[0.431224999552796] 131.228082613405
[0.44960869955321] 130.201447963554
[0.466047799553053] 129.252349645334
[0.481360299552762] 128.338784886423
[0.49799139955212] 127.339041395916
[0.514612599552493] 126.294173766205
[0.531799899552425] 125.182218154053
[0.548523999552344] 124.088668411882
[0.565931999553868] 122.918437107195
[0.583001099552348] 121.741455575451
[0.599402399553583] 120.583788777898
[0.616040199553026] 119.368979020617
[0.631405399553842] 118.243509894301
[0.647992499552856] 116.997153154373
[0.665312099552466] 115.653172074106
[0.682188299553673] 114.339703958047
[0.699032599553902] 112.985948218446
[0.715738499553481] 111.620243778329
[0.732075099553185] 110.251453337095
[0.749406599552458] 108.755297630257
[0.765807499552466] 107.858253079169
[0.779915599552623] 107.288507099186
[0.799296699553452] 106.429345547194
[0.815551299552681] 105.695001674483
[0.83192989955387] 104.944049795405
[0.84811889955381] 104.1624059014
[0.865358299552099] 103.306209348618
[0.881971099552175] 102.462774434858
[0.898602099552591] 101.556444656166
[0.915438699552396] 100.6698049981
[0.933257199552827] 99.6770030481951
[0.948023699553232] 98.8253872835814
[0.965894299553838] 97.7537690177141
[0.982852499553701] 96.7269167581202
[0.998912399552864] 95.7232391224596
[1.01530599955368] 94.6583812358445
[1.03270429955228] 93.5327745002002
[1.04921649955213] 92.4170792751126
[1.06518309955209] 91.3232474426346
[1.08125529955214] 90.19737519777
[1.09788149955239] 88.9983162934595
[1.11601859955226] 87.6630436865061
[1.13246839955355] 86.4245220486741
[1.14831299955222] 85.203859583204
[1.16598049955246] 83.8243374751516
[1.18264419955267] 82.4724644467643
[1.19890249955279] 81.1515461730111
[1.21654169955218] 79.669953723372
[1.23202589955326] 78.3674565361213
[1.24841649955306] 76.9324931329261
[1.26478529955239] 75.474207698284
[1.28153429955273] 73.9980381703115
[1.29826649955248] 72.465939699631
[1.31494939955337] 71.1805189083314
[1.33142289955322] 70.4277301153572
[1.34794559955299] 69.6734145747486
[1.36615169955257] 68.7966860868349
[1.38248249955359] 67.9842640696717
[1.3991994995522] 67.1255218037651
[1.41511049955261] 66.2747421953558
[1.43233379955382] 65.3432095258021
[1.44896389955284] 64.4090434598926
[1.46491549955317] 63.4714089417634
[1.48131199955242] 62.5068046534299
[1.49928779955371] 61.4194708478416
[1.51554029955332] 60.4038405481464
[1.53138649955326] 59.367300192754
[1.54852569955256] 58.2584410673227
[1.56448819955222] 57.1765382271484
[1.58132559955266] 56.0193209551903
[1.59979679955359] 54.7132274186991
[1.61627629955365] 53.5123717548569
[1.63297719955335] 52.2892629205857
[1.64880739955333] 51.1087481691397
[1.66542649955227] 49.8179046529513
[1.68152149955313] 48.5515195989737
[1.69781019955371] 47.2299218151769
[1.71622389955337] 45.7092974781276
[1.73279339955297] 44.3419331069681
[1.74822499955371] 43.0288212089664
[1.76443389955239] 41.6289290810179
[1.78264069955367] 40.0271577346555
[1.79818919955324] 38.6074895506671
[1.8162144995531] 38.0860301964146
[1.83110259955356] 38.3501338558342
[1.84866409955248] 38.6418534108399
[1.86524809955336] 38.8934415792628
[1.8812172995531] 39.1053418265685
[1.89957969955321] 39.3212641733428
[1.91549659955308] 39.4820214510683
[1.93318489955345] 39.6321037734818
[1.94836709955234] 39.7388599778816
[1.96465239955251] 39.8251449577746
[1.98269089955284] 39.8929723979978
[1.99896969955262] 39.9269461469129
[2.01473159955276] 39.9356852294559
[2.03215339955386] 41.0170299303555
[2.04963419955311] 42.2371361869637
[2.06577209955321] 43.3388120045778
[2.08198589955282] 44.4217947932097
[2.09957349955221] 45.5545101952739
[2.11561969955255] 46.5694500392712
[2.13247359955312] 47.605261585037
[2.14910219955345] 48.6024306688356
[2.16563829955339] 49.5652800254641
[2.18149489955249] 50.4692732775193
[2.19873289955285] 51.4328832126883
[2.21562309955334] 53.3536771496451
[2.23206549955285] 55.4178323236106
[2.24804939955357] 57.4744274844416
[2.26590669955294] 59.6228976613422
[2.28238869955385] 61.6437447334368
[2.29845599955297] 63.5626331101458
[2.31498649955211] 65.5125951439583
[2.33232579955256] 67.5491561382189
[2.34831139955349] 69.3860980472439
[2.36579449955389] 71.3726922105352
[2.38273999955345] 73.2707023755872
[2.39904909955294] 75.0747303749272
[2.41544439955214] 76.8674381964453
[2.43155069955355] 78.5926759582
[2.44828889955352] 80.3706274425392
[2.46512429955328] 82.1115891080036
[2.48220929955278] 83.8585101620893
[2.49830389955241] 85.4752199340534
[2.51580889955221] 87.215311701283
[2.53231309955299] 88.8194176301783
[2.54947339955288] 90.4896454322168
[2.56577589955305] 92.0158180155583
[2.58191729955252] 93.5186820780584
[2.59891029955361] 95.0681270040282
[2.61591149955348] 96.6029138299591
[2.63176039955215] 97.977329809823
[2.6484949995538] 99.442258932027
[2.66602539955238] 100.923011904478
[2.6816950995526] 102.227149795638
[2.69871879955281] 103.61285942698
[2.71544189955239] 104.957026660518
[2.73245079955268] 106.282745296523
[2.74837779955305] 107.499228918908
[2.76550739955383] 108.786902122735
[2.78141659955327] 109.966303515902
[2.79981779955233] 111.296901689283
[2.81520369955251] 112.372716531838
[2.831360999553] 113.480466246365
[2.84895769955256] 114.664333053209
[2.86576839955342] 115.766226721556
[2.88210969955253] 116.818672749282
[2.89888799955224] 117.860328346892
[2.91563309955382] 118.876640128493
[2.93144939955346] 119.821025115842
[2.94892919955237] 120.82264135127
[2.96578999955273] 121.767297630477
[2.98145859955366] 122.611085114269
[2.9985862995527] 123.517957151155
[3.01588559955235] 124.410857704987
[3.03179689955323] 125.19131138354
[3.04946449955241] 126.032758391211
[3.06530569955248] 126.768638648903
[3.0813067995532] 127.487673736687
[3.09880779955347] 128.243638526276
[3.11485329955212] 128.907925543197
[3.13265049955226] 129.619327236024
[3.14875209955244] 130.23364745073
[3.16566649955348] 130.855462868394
[3.18263829955322] 131.447098683054
[3.19937799955369] 132.010020167319
[3.21587539955362] 132.543421530064
[3.23169489955217] 133.014532485387
[3.24843619955209] 133.506185620822
[3.26587949955319] 133.970424033061
[3.28170819955267] 134.370688761563
[3.29916479955318] 134.785464188799
[3.3159604995526] 135.160399830107
[3.33161079955244] 135.488336840936
[3.34938379955383] 135.82839720804
[3.3659223995528] 136.10964462297
[3.38221759955377] 136.367917575749
[3.39859159955267] 136.603458157488
[3.41605859955234] 136.825654144671
[3.43199249955251] 136.99916649989
[3.4488058995521] 137.15941240196
[3.46557059955376] 137.289302828298
[3.48234459955347] 137.393744157264
[3.49936509955296] 137.471649316823
[3.51573499955339] 137.5209854953
[3.53167509955347] 137.54383396363
[3.54918979955255] 137.540433972248
[3.56485889955366] 137.513159808657
[3.58239029955257] 137.453381615069
[3.59813939955347] 137.374519590339
[3.61528839955281] 137.26367025958
[3.63264559955314] 137.120593806315
[3.64872849955282] 136.963503018933
[3.66547539955354] 136.772093826837
[3.68252669955291] 136.544835270299
[3.69853969955329] 136.312010996259
[3.71611079955255] 136.029577982563
[3.73189049955363] 135.749930496898
[3.74884739955269] 135.416911099837
[3.76513139955387] 135.077953398754
[3.78227639955367] 134.682685881272
[3.79871459955211] 134.288976934907
[3.81459269955303] 133.876529201953
[3.83199269955367] 133.403530850854
[3.84791669955302] 132.927936647152
[3.86554039955263] 132.399218982492
[3.88161769955332] 131.886721059143
[3.8986194995523] 131.29239203899
[3.91670209955373] 130.665384493341
[3.93224179955359] 130.085762940981
[3.94887499955257] 129.44937088449
[3.96575249955276] 128.756756922659
[3.98200279955381] 128.08897673827
[3.99911909955335] 127.341600914145
[4.01588969955264] 126.576106883723
[4.03220049955235] 125.822850967911
[4.04895619955278] 125.015096573138
[4.06508229955216] 124.200927185078
[4.08271749955384] 123.287141876262
[4.09802389955257] 122.487620707606
[4.11466729955282] 121.584186093418
[4.13264959955268] 120.57277138584
[4.14910429955307] 119.723445179595
[4.16575339955307] 119.878006708075
[4.18165159955242] 120.001133116117
[4.19879629955358] 120.106157093655
[4.2152192995527] 120.181246238366
[4.23151179955312] 120.229948059648
[4.24939839955368] 120.254032118443
[4.26637609955287] 120.248450617575
[4.28195279955253] 120.218954537233
[4.29810999955225] 120.163513009118
[4.31553669955247] 120.075174027716
[4.33274269955291] 119.960668530542
[4.34859919955306] 119.829082998083
[4.36609929955375] 119.652590196091
[4.38214199955291] 119.471159811148
[4.39948769955299] 119.242580432858
[4.41556269955254] 119.002788639071
[4.43263999955343] 118.725064074127
[4.44910219955273] 118.428992946734
[4.46511919955265] 118.117503120771
[4.48216439955286] 117.758029661746
[4.49931559955257] 117.366937097517
[4.51582679955209] 116.968778444181
[4.5316829995536] 116.552594144428
[4.54813209955319] 116.105364732525
[4.56469629955245] 115.623258789513
[4.58233659955295] 115.080640223837
[4.59822789955251] 114.566339023746
[4.61595789955209] 113.961762914064
[4.63236979955218] 113.38479644514
[4.64859969955251] 112.779065602366
[4.66522609955246] 112.135599716109
[4.6825004995535] 111.433817391158
[4.69941509955243] 110.717910258041
[4.71600729955389] 110.005562291815
[4.73215709955366] 109.276215597926
[4.74866609955279] 108.497604980394
[4.76556969955345] 107.679558823966
[4.78198079955291] 106.857493811683
[4.79933209955379] 105.971038496831
[4.8150204995527] 105.135511180566
[4.83197699955235] 104.195947891324
[4.84970089955277] 103.203812111651
[4.86543089955376] 102.282815179082
[4.88202669955353] 101.296380259335
[4.89936899955319] 100.236612324711
[4.91526379955212] 99.2363045532787
[4.93324899955223] 98.0790466561806
[4.9487469995529] 97.054479889719
[4.96527309955309] 95.93629181341
[4.98272439955326] 94.7091885945232
[4.99908789955225] 93.5774041223583
[5.01614159955352] 92.3222007990444
[5.03195189955295] 91.1629794671669
[5.04902039955232] 89.8776852384666
[5.06579819955368] 88.5723766027881
[5.08266799955345] 87.2280451136993
[5.09885289955309] 85.9380298668027
[5.11594439955297] 84.5372633018795
[5.13178589955351] 83.206704157791
[5.1486749995529] 81.7779174511125
[5.16551279955274] 80.3084586973734
[5.18259249955372] 78.7979079866248
[5.19810339955256] 77.3892599817279
[5.2154478995526] 75.8143243779446
[5.23135379955238] 74.3399584181689
[5.24840919955386] 72.7098143841898
[5.26515079955243] 71.0986570473851
[5.28208389955216] 69.4264132008967
[5.29937569955291] 67.7053851349297
[5.31536179955219] 66.0747746633833
[5.33262799955264] 64.3294765043626
[5.34867289955218] 62.634603338576
[5.36560119955357] 60.8395040188878
[5.3819843995534] 59.0819189936834
[5.39876649955295] 57.2327259427371
[5.4159227995533] 55.3165582374264
[5.43173349955214] 53.5766537125654
[5.44845159955366] 51.6480876912519
[5.46475839955383] 49.7499093989718
[5.48180469955332] 49.5220426708898
[5.49922939955286] 49.5569789800082
[5.51602899955287] 49.5630164553106
[5.53192519955337] 49.5437921296925
[5.5492341995523] 49.4943858724638
[5.56589129955319] 49.4212729362229
[5.58189909955217] 49.3246241121974
[5.5986874995524] 49.1974587970659
[5.61586169955262] 49.0377088344351
[5.63170429955244] 48.868789379346
[5.64898129955327] 48.6534024808368
[5.66610029955336] 48.4139635580992
[5.68152689955241] 48.1725689592357
[5.69893589955245] 47.8716911624514
[5.71577379955306] 47.5559863528313
[5.73216399955345] 47.2182480975459
[5.74811489955209] 46.8669627381309
[5.7650114995522] 46.4696444410893
[5.78180129955217] 46.0422270449877
[5.79874089955229] 45.5913782382837
[5.81509439955335] 45.1266911368063
[5.83229789955294] 45.4169383972735
[5.84896989955269] 47.1169697192598
[5.86489019955297] 48.7502543022828
[5.88195819955217] 50.4295401076031
[5.89925819955351] 52.1266073836335
[5.91505769955256] 53.6379393848132
[5.93184819955241] 55.2109971023419
[5.94878539955243] 56.772125825586
[5.96508519955387] 58.2690895231652
[5.9821483995529] 59.7897723243884
[5.99942539955373] 61.3146123962104
[6.01487939955223] 62.6368385988491
[6.03179709955293] 64.0739854300765
[6.04860109955371] 65.4719347376798
[6.06476249955267] 66.8038320053998
[6.08255679955255] 68.2257532886735
[6.09806509955342] 69.4282231251324
[6.11628149955322] 70.8231986991284
[6.13203989955218] 72.0086951766551
[6.14876759955223] 73.2336765768069
[6.16560659955212] 74.4468549920733
[6.18225209955381] 75.6328875440732
[6.19989599955261] 76.8282876013153
[6.21516609955324] 77.8433042054165
[6.23198809955284] 78.9488797806967
[6.2487806995523] 80.0191394600813
[6.26463299955321] 81.0456304902764
[6.28155829955358] 82.0369088006579
[6.29867579955317] 83.0438836418113
[6.31542659955267] 84.0079853589957
[6.33259769955293] 84.9738804161462
[6.34909229955338] 85.8656895462531
[6.36509529955219] 86.7108578821372
[6.38208789955388] 87.570603860216
[6.39892329955364] 88.4059863505436
[6.41486669955339] 89.1626855157085
[6.43236569955297] 89.9821822906303
[6.4491800995529] 90.7233027971944
[6.46550969955388] 91.4243818665175
[6.48209479955221] 92.1120648739228
[6.49895859955359] 92.7811255452472
[6.51599809955223] 93.4313264349742
[6.53137279955263] 93.9984499557884
[6.54827149955236] 94.586330036439
[6.56608529955338] 95.1788426946789
[6.58161529955214] 95.6681211183148
[6.59856089955247] 96.1863904374852
[6.61580289955236] 96.6828866655833
[6.63235989955319] 97.1231187319527
[6.64874489955218] 97.5364593090259
[6.6654642995527] 98.8243727544432
[6.68283609955324] 100.434236716342
[6.69931919955343] 101.909446058324
[6.71494479955254] 103.286264798048
[6.73253989955265] 104.83361625142
[6.74802009955238] 106.136508557747
[6.76488399955269] 107.577764365926
[6.78206199955275] 108.995706622401
[6.79825429955235] 110.308024695369
[6.81559059955362] 111.679659676426
[6.83253619955212] 112.983265315654
[6.84887609955331] 114.223211978967
[6.86517019955318] 115.436007358306
[6.88261369955217] 116.709043326297
[6.89954009955363] 117.908721836281
[6.91509329955261] 118.978395446369
[6.93285119955362] 120.19264859772
[6.94878849955239] 121.248457376007
[6.96476009955222] 122.278243134605
[6.98232519955309] 123.38980611235
[6.99813599955269] 124.371989674038
[7.01582209955268] 125.431947034821
[7.03199389955262] 126.363485426459
[7.04852869955357] 127.296450365945
[7.06525539955328] 128.225218528468
[7.08135709955241] 129.087064767217
[7.0987818995527] 129.993759370354
[7.11562429955302] 130.840927073148
[7.13217769955372] 131.641524069882
[7.14956419955342] 132.47094393797
[7.16541159955341] 133.181630293498
[7.18260599955283] 133.930501753025
[7.19801289955285] 134.590695633899
[7.21593169955304] 135.321388288427
[7.23271379955258] 135.9639764574
[7.24877589955213] 136.563501730232
[7.26563239955249] 137.173270473246
[7.28210699955343] 137.736701330847
[7.29827899955308] 138.26365241054
[7.3159473995529] 138.812817557152
[7.33268639955349] 139.305248716854
[7.34897969955273] 139.758310213042
[7.36534389955341] 140.181044133296
[7.38169529955303] 140.584190725369
[7.39947579955333] 140.997099299272
[7.41539199955332] 141.334690074243
[7.43230659955225] 141.671222359207
[7.44797109955289] 141.958988759841
[7.46507299955374] 142.243947967113
[7.4822767995538] 142.50189165193
[7.4991503995534] 142.726575585728
[7.51486749955257] 142.91288112189
[7.5316915995536] 143.085613904286
[7.54854419955336] 143.23105631562
[7.5657159995535] 143.350585712809
[7.58257819955361] 143.440867250737
[7.59848629955377] 143.501193430777
[7.61593559955327] 143.539351065799
[7.63163569955213] 143.548293986603
[7.64977399955387] 143.528756224761
[7.66532889955306] 143.48808586659
[7.68252009955359] 143.413792593311
[7.69810379955379] 143.323594868245
[7.71589339955244] 143.190770092089
[7.7315270995532] 143.049878861933
[7.74872569955369] 142.86767081609
[7.76575879955271] 142.657974924749
[7.7822463995526] 142.431436999813
[7.79824379955244] 142.181161347844
[7.81578649955372] 141.880807922159
[7.832119699553] 141.580000121275
[7.84922879955229] 141.232373632092
[7.8658496995522] 140.868990996517
[7.88166259955324] 140.498213817191
[7.89908759955324] 140.058999836062
[7.91568249955344] 139.61264571221
[7.93197879955369] 139.155498959475
[7.94927869955245] 138.630907597196
[7.96527449955283] 138.138509071717
[7.98276189955322] 137.555415377645
[7.99835059955331] 137.014315611397
[8.0161011995533] 136.362533307565
[8.03187059955235] 135.775874186892
[8.04834099955224] 135.120251201782
[8.06552679955348] 134.414449984428
[8.08164059955379] 133.726719127432
[8.09863689955273] 132.972071706827
[8.11611289955363] 132.166023529814
[8.13154019955255] 131.42985839436
[8.14906519955366] 130.562747191475
[8.16505599955235] 129.768805712623
[8.18203499955234] 128.872259478898
[8.19807909955307] 127.997278545161
[8.21517599955223] 127.065476443867
[8.23135639955217] 126.138560511623
[8.24822419955308] 125.148232407093
[8.26564309955211] 124.093892614829
[8.28227309955219] 123.066089007623
[8.29816509955344] 122.06468009181
[8.3154445995533] 120.932213365287
[8.33190969955285] 119.834770001131
[8.34870639955261] 118.686553867774
[8.36468119955316] 117.563170610222
[8.38115989955259] 116.380572158239
[8.39892159955343] 115.077432522931
[8.41606999955366] 113.794273344113
[8.43179929955295] 112.60039311207
[8.44877779955277] 111.280593938018
[8.4652822995522] 109.974075157048
[8.48146939955222] 108.658518924953
[8.49887669955388] 107.206460215222
[8.51504269955331] 105.846259941995
[8.53153039955214] 104.416055111555
[8.54868989955321] 102.901576559056
[8.56498969955283] 101.462139441905
[8.58126409955366] 99.9917934078001
[8.59872349955367] 98.372156476309
[8.61546809955325] 96.8106061015217
[8.63141329955215] 95.2934314424921
[8.6485921995536] 93.6041512214688
[8.66584649955257] 91.907236215405
[8.68270269955246] 90.2017738176668
[8.69846079955278] 88.6034339822706
[8.71520799955215] 86.8614717106231
[8.73205399955259] 85.0799520718636
[8.74932849955258] 83.2859779878523
[8.7654897995526] 82.6140236482146
[8.78154029955294] 81.902049031563
[8.79904179955338] 81.1045142516585
[8.81584279955314] 80.3103837723661
[8.83160369955294] 79.5475443686426
[8.84862419955243] 78.6946333340805
[8.86542509955325] 77.8214184111309
[8.8828129995527] 76.8821958509217
[8.89860609955213] 76.0233526141382
[8.9159642995528] 75.0387953737561
[8.93196569955217] 74.1094469772172
[8.94910959955268] 73.0460927319155
[8.96559599955253] 72.0646392943476
[8.98177779955222] 71.0405514708943
[8.99900379955216] 69.9226255938434
[9.01553559955209] 68.8187129319593
[9.03169269955288] 67.7320536982703
[9.048310999553] 66.5699100258441
[9.06535089955287] 65.3595270219175
[9.08199939955375] 64.1519834680945
[9.0988786995531] 62.8971358839405
[9.11579289955262] 61.6180616795789
[9.13144129955253] 60.3836967348777
[9.14854729955368] 59.0259746409727
[9.16533919955327] 57.6884771631558
[9.18221139955313] 56.2883573965789
[9.1990998995534] 54.8829476001008
[9.21481249955286] 53.5323980049543
[9.23202639955343] 52.039554474078
[9.24906559955343] 50.514643662729
[9.26604289955321] 48.9906664261588
[9.28152469955239] 47.5698357396342
[9.29851789955319] 45.9674177493705
[9.31575489955321] 44.3330007959526
[9.33298999955332] 42.6391740290224
[9.34857949955222] 41.0997253791786
[9.36516679955275] 39.4769230317619
[9.38226369955373] 37.7168472234571
[9.3989734995539] 37.1591826578941
[9.41502849955214] 37.7021397487857
[9.43203729955349] 38.2541699920299
[9.44940059955297] 38.7949612787425
[9.46526779955275] 39.2571900620654
[9.48223939955278] 39.7291153998658
[9.49945159955314] 40.174702390146
[9.51495629955389] 40.5546406780309
[9.53171099955216] 40.9365184195399
[9.54839539955356] 41.2945497539236
[9.56484039955285] 41.6227766533814
[9.58206929955304] 41.9312266423374
[9.5987775995527] 42.2074568268109
[9.61474639955304] 42.4430029181681
[9.6319572995526] 42.6749614406342
[9.64883169955283] 42.8698813395567
[9.66539989955345] 43.0363437262404
[9.68222879955283] 43.1796735218234
[9.69769669955349] 45.0096950284304
[9.71542959955332] 47.175498891144
[9.73208139955386] 49.1867542760837
[9.74891439955354] 51.2226378629169
[9.76495589955266] 53.1029661991038
[9.78181289955319] 55.0913165202363
[9.79816889955327] 56.9149372416861
[9.81579859955309] 58.937792842959
[9.83187219955289] 60.6871208705769
[9.84859149955264] 62.5214239095779
[9.86525089955285] 64.322326506834
[9.88218499955292] 66.1385008236959
[9.89863839955251] 67.8586865118583
[9.9147756995535] 69.5362423855226
[9.93188159955389] 71.2546938757443
[9.94816359955257] 72.9034533787368
[9.96610829955353] 74.6563737497719
[9.98186509955303] 76.1692125847056
[9.99889159955273] 77.8048373645663
[10.0158822995527] 79.4121925262091
[10.0317167995527] 80.8483112783118
[10.0493085995531] 82.4275081475887
[10.0646636995534] 83.8166564098596
[10.0817407995528] 85.2830357700851
[10.0992924995535] 86.7927850519939
[10.1150337995532] 88.1094782178011
[10.1321260995537] 89.5125758615762
[10.1489465995528] 90.8879220085664
[10.1648832995525] 92.1348014556967
[10.1817191995524] 93.4415620926994
[10.1981919995524] 94.7081358131452
[10.2152048995522] 95.9568240851458
[10.2323475995527] 97.2009849522026
[10.2484721995534] 98.3552788154568
[10.2652962995526] 99.5150098798961
[10.2821007995535] 100.656922602629
[10.2990745995521] 101.800966793206
[10.3158624995522] 102.866420064538
[10.3325090995531] 103.918673742207
[10.3487373995522] 104.920386005637
[10.3661172995526] 105.96061916003
[10.3816528995521] 106.869078741852
[10.3986162995534] 107.831926520688
[10.4157538995532] 108.782276938868
[10.4323991995534] 109.656189295165
[10.4491931995526] 110.53177090535
[10.4648069995528] 111.327449705672
[10.4817654995531] 112.140903084098
[10.4990169995526] 112.961239650287
[10.5150809995539] 113.689391823546
[10.5329890995527] 114.466752926832
[10.5493369995529] 115.166169040054
[10.5648673995529] 115.787887730364
[10.5820588995539] 116.471961690917
[10.5989970995524] 117.094102057675
[10.6160185995523] 117.710945085546
[10.6317079995533] 118.239623309889
[10.6493149995531] 118.816787079685
[10.6662850995526] 119.343055118988
[10.6825788995538] 119.824803308057
[10.6982463995537] 120.257288403681
[10.7154741995528] 120.707973660967
[10.7318096995532] 121.108856218673
[10.7483922995525] 121.49874846296
[10.7661003995527] 121.870165094516
[10.7823098995523] 122.197671736433
[10.7994235995538] 122.501015563008
[10.8147662995525] 122.75482998571
[10.8316685995524] 123.013446146285
[10.8489674995526] 123.24243497082
[10.8645497995531] 123.428780364942
[10.8819947995526] 123.604628713465
[10.899299699553] 123.752479737286
[10.9147934995526] 123.861084406201
[10.9324401995527] 123.954991680596
[10.9493867995534] 124.018883265987
[10.9649253995522] 124.051757831111
[10.9824828995534] 124.0614711615
[10.9989803995522] 124.04364077824
[11.0159222995535] 123.996976785583
[11.0320581995529] 123.929020081138
[11.0487195995538] 123.832104677876
[11.0653776995532] 123.707248435608
[11.0824540995527] 123.549466352564
[11.0981985995531] 123.384674493974
[11.1149648995524] 123.179060959466
[11.1315790995523] 122.949853845273
[11.1483933995532] 122.688342357594
[11.165344899553] 122.401971127617
[11.182084299553] 122.085467988221
[11.1992486995532] 122.016838548821
[11.2160914995529] 122.746681567443
[11.2317424995526] 123.393247940738
[11.248666599553] 124.055548603293
[11.2651604995535] 124.686455800665
[11.2829137995523] 125.333866524834
[11.2985727995529] 125.876626728761
[11.3147556995536] 126.414120888016
[11.3330822995522] 126.99634690034
[11.3487793995537] 127.460673984835
[11.3660586995538] 127.950415545743
[11.3816787995529] 128.370298839416
[11.3994276995527] 128.819065861912
[11.4151031995534] 129.190648161152
[11.4322729995529] 129.564626339518
[11.4485191995536] 129.899276508227
[11.4659241995523] 130.223801932121
[11.4816393995534] 130.496282030048
[11.4981450995529] 130.753247999029
[11.5156493995528] 130.997183036334
[11.532695799553] 131.208181852205
[11.5489328995536] 131.383658359547
[11.5655886995537] 131.535289622499
[11.5824341995522] 131.663190163978
[11.5994253995523] 131.763714841503
[11.6154683995537] 131.83312458945
[11.6316885995529] 131.87765669664
[11.6490209995536] 131.897874056575
[11.6648697995533] 131.890784245055
[11.6821235995521] 131.855636074473
[11.6989724995528] 131.793692488518
[11.7151626995528] 131.708471681651
[11.7315134995533] 131.596002804994
[11.748933199553] 131.448231700211
[11.7654040995531] 131.283070676273
[11.7817464995533] 131.09373636768
[11.7978763995525] 130.877313103522
[11.8152896995525] 130.619400132331
[11.832587199553] 130.336852972709
[11.8485390995538] 130.046730909305
[11.8652159995527] 129.717716803745
[11.8823173995534] 129.350958523855
[11.8983343995533] 128.985832775789
[11.9153648995525] 128.568836641267
[11.9326111995524] 128.117399945576
[11.9480953995535] 127.684784885113
[11.9654012995525] 127.183991306249
[11.9828179995529] 126.642444090748
[11.9986757995539] 126.125808671818
[12.0147874995528] 125.580711033047
[12.0326948995535] 124.938173686433
[12.0482500995531] 124.360909889551
[12.0653158995538] 123.692515245109
[12.0821849995536] 123.010982779774
[12.0993578995531] 122.287307391232
[12.1149284995536] 121.606302616632
[12.1318197995533] 120.835154565743
[12.1484579995522] 120.153982453545
[12.1652925995531] 120.134395274345
[12.1818713995526] 120.088537757221
[12.1998120995522] 120.009726998555
[12.2151561995524] 119.916865345926
[12.2318080995537] 119.792360069652
[12.2485575995524] 119.637855157272
[12.2653742995535] 119.456806416816
[12.2826276995529] 119.240901522083
[12.2990209995532] 119.014315875557
[12.3148229995531] 118.764877710378
[12.3316586995534] 118.477184092894
[12.3484637995534] 118.163420153711
[12.3655489995526] 117.81172231868
[12.3825468995528] 117.441623561099
[12.3981007995535] 117.067454082767
[12.4152613995539] 116.637262985478
[12.4314055995528] 116.203906727909
[12.4483474995523] 115.727760540529
[12.4648832995535] 115.225819442875
[12.4826133995539] 114.665560400154
[12.4987773995526] 114.13558332035
[12.5159376995525] 113.532215328532
[12.5315086995524] 112.962077683647
[12.5484589995522] 112.316684512575
[12.5653342995538] 111.653024282775
[12.5820424995527] 110.960434917196
[12.5994013995532] 110.209475588331
[12.6149450995526] 109.524723934766
[12.6322192995522] 108.732010635007
[12.6490291995524] 107.92753606729
[12.6648696995526] 107.145412871276
[12.6817900995538] 106.290521972611
[12.6994583995529] 105.356723680719
[12.7148950995525] 104.525142354333
[12.7322354995522] 103.553842825919
[12.7491678995539] 102.580591738894
[12.7648684995529] 101.674054166693
[12.7817974995523] 100.631492044069
[12.7993579995527] 99.5518313383616
[12.8148394995533] 98.5744879700269
[12.8312067995521] 97.5070857303606
[12.8482670995527] 96.3447074021143
[12.8655602995532] 95.1666444991825
[12.8816846995524] 94.0422579201049
[12.898695799553] 92.8210161919187
[12.9152291995524] 91.613268466945
[12.9319985995535] 90.3502283301126
[12.9484965995525] 89.0966139293381
[12.9652842995529] 87.7762117127736
[12.9822830995527] 86.4200198014657
[12.998289399553] 85.1259011531671
[13.0151296995537] 83.7207469992568
[13.031935899553] 82.3110190028443
[13.0489754995524] 80.8316693922857
[13.0647889995525] 79.4345575133601
[13.0815820995522] 77.9591060590252
[13.0981674995528] 76.4425142699541
[13.1149001995527] 74.8906590798866
[13.1316906995526] 73.2918988748658
[13.1490701995535] 71.6278077803278
[13.1650850995538] 70.0710801833729
[13.1820625995533] 68.4019497557214
[13.1998911995524] 66.6001426855931
[13.2156469995534] 64.9898730308406
[13.2318011995521] 63.3236674764294
[13.2492304995521] 61.4676165712993
[13.2655298995523] 59.7352016149539
[13.2824920995536] 57.8824620547925
[13.2982528995526] 56.1709588947668
[13.3153657995535] 54.2413149676396
[13.3316765995532] 52.3874904839676
[13.3489283995532] 50.3907193074014
[13.3661975995528] 49.1515059639843
[13.3823238995537] 48.7964729322457
[13.3982701995537] 48.41223153845
[13.4160191995525] 47.9572685739583
[13.4317376995532] 47.5338828129999
[13.4488767995535] 47.0409490491768
[13.4655792995527] 46.5402960721755
[13.4826744995535] 45.9859163789472
[13.4981527995533] 45.4732934626772
[13.5155593995532] 44.8620055681701
[13.5324090995528] 44.2312380762138
[13.5487764995523] 43.6097561523026
[13.5658548995525] 42.9272412656727
[13.5817433995526] 42.2757388219352
[13.5985940995524] 41.5419016241569
[13.6163466995531] 40.7552616305053
[13.6314644995527] 40.0453467934894
[13.6485146995528] 39.2307320180198
[13.6656610995524] 38.3828734042908
[13.6823647995534] 37.5196690284683
[13.6982953995539] 36.6919631938345
[13.7151671995525] 35.7896293795828
[13.7320800995531] 37.1339805954699
[13.7492095995531] 38.56739629457
[13.7651655995523] 39.9123843875122
[13.7819889995535] 41.3336107883483
[13.7988014995535] 42.6921984309228
[13.8146196995531] 43.9460443349013
[13.8317545995524] 45.3077181834386
[13.8492016995533] 46.6420930803058
[13.8659846995524] 47.9114402204115
[13.8820441995522] 49.0809711832607
[13.8993333995531] 50.3187434995177
[13.9151809995528] 51.4318181625438
[13.9322671995524] 52.6144352287322
[13.9493125995523] 53.7630582337243
[13.9648585995528] 54.776511057405
[13.9820084995536] 55.8683761285766
[13.9985024995531] 56.9104747977388
[14.0151456995536] 57.9053518823954
[14.0323064995537] 58.9279725772162
[14.0492992995532] 59.9095368883143
[14.0644718995536] 60.7668260547372
[14.0821140995522] 61.7164825416645
[14.0993883995525] 62.6289312644121
[14.1153293995521] 63.4417697903986
[14.1326997995529] 64.3042797892722
[14.1486249995523] 65.0646829309079
[14.1660152995537] 65.8641837824536
[14.1817683995523] 66.565130610417
[14.1982144995527] 67.2824816499693
[14.2149949995528] 67.9744926446802
[14.2325431995523] 69.55341209273
[14.2484673995532] 71.3281518708568
[14.2656834995523] 73.2333885060538
[14.2824457995539] 75.0768591718629
[14.2981375995532] 76.7610714065799
[14.3150184995538] 78.5273752542529
[14.3327999995527] 80.3986951098994
[14.3487013995527] 82.0217737897664
[14.3656469995531] 83.7143297534491
[14.381721099553] 85.3092804924188
[14.3980217995522] 86.9374108469323
[14.4145569995526] 88.5008158016544
[14.4314726995526] 90.1034928604347
[14.4487219995535] 91.7087514959832
[14.4656961995533] 93.2532284562016
[14.4824471995526] 94.765943591074
[14.4980913995532] 96.1300709568124
[14.5159469995524] 97.6758091218088
[14.5315503995535] 98.9890602597165
[14.5483799995527] 100.4001643618
[14.5654193995524] 101.814403958954
[14.5827565995532] 103.186263926407
[14.5983764995526] 104.407886577951
[14.6144935995526] 105.652051217726
[14.6316846995524] 106.939220601722
[14.6489592995531] 108.210262666176
[14.6649331995523] 109.361126294754
[14.6814411995529] 110.523124720114
[14.6987394995522] 111.716006593609
[14.7156127995531] 112.844599327528
[14.7313898995526] 113.896723175957
[14.7487131995531] 115.006005781431
[14.7649262995528] 116.008067080282
[14.782047699553] 117.068766623507
[14.7999277995532] 118.109403676118
[14.8149021995523] 118.977623602151
[14.8317442995522] 119.917653795248
[14.8485821995528] 120.833165016304
[14.8650529995539] 121.70402651446
[14.8815781995527] 122.546151657889
[14.8990581995531] 123.409744832126
[14.9149399995531] 124.169713663472
[14.9318488995523] 124.957065631158
[14.9489198995525] 125.73107555727
[14.9648540995531] 126.409453786882
[14.9827212995533] 127.155733224338
[14.9986652995522] 127.791277880653
[15.0157075995521] 128.449277225063
[15.0322374995521] 129.045396533178
[15.0482243995539] 129.612928533497
[15.0651301995531] 130.176088268049
[15.0830347995525] 130.754317186238
[15.0986092995536] 131.226572568287
[15.1146577995532] 131.688807997619
[15.1320926995522] 132.155300485312
[15.148961199553] 132.592699677995
[15.1652850995524] 132.978992596826
[15.1825705995525] 133.363781571514
[15.1995849995528] 133.717774177697
[15.214965399553] 134.010308881504
[15.2321436995535] 134.308538932365
[15.2490950995525] 134.832200914929
[15.2650878995537] 135.471838435965
[15.282755999553] 136.168514121193
[15.2984292995534] 136.742732814812
[15.3155543995526] 137.355670034618
[15.3329509995528] 137.946057254502
[15.3483023995523] 138.450564853549
[15.3660836995532] 138.995793218593
[15.3818239995526] 139.454122273286
[15.3986972995535] 139.923578460225
[15.4153851995525] 140.361024792361
[15.4321042995525] 140.773307820331
[15.4492452995528] 141.160919512943
[15.4659689995533] 141.514908542193
[15.4819096995525] 141.828537221638
[15.4981291995537] 142.119183394774
[15.5152385995534] 142.403149607647
[15.5320947995533] 142.65145773423
[15.5494764995528] 142.885194163263
[15.5655203995539] 143.06857204456
[15.5813979995528] 143.227173174032
[15.5984610995529] 143.372284714174
[15.6150137995537] 143.485140071948
[15.6319111995526] 143.574334540653
[15.6487896995532] 143.634992956635
[15.6649350995522] 143.668341330339
[15.6824526995533] 143.675171191128
[15.6983625995526] 143.656158551056
[15.7148943995526] 143.610656275951
[15.7317672995523] 143.536370097655
[15.7485292995534] 143.436996026052
[15.7649493995523] 143.312860625383
[15.7818478995523] 143.156061025521
[15.7991944995538] 142.96870029156
[15.8147734995528] 142.776493990426
[15.8325131995534] 142.525620464226
[15.8481967995522] 142.27915207857
[15.8657882995522] 141.978196370045
[15.8817829995533] 141.679308905084
[15.899570599553] 141.309192985398
[15.9156762995535] 140.955006121727
[15.9326722995538] 140.552508090348
[15.9484760995529] 140.152528351758
[15.9656211995534] 139.69767017103
[15.9823197995538] 139.221282032555
[15.9996141995525] 138.694877401229
[16.0150024995528] 138.214201309188
[16.031990599553] 137.640227606322
[16.0490025995532] 137.055982348869
[16.0666829995534] 136.404833537158
[16.0816498995537] 135.837990717583
[16.0981727995531] 135.183219445882
[16.1152198995533] 134.472566715072
[16.1327085995526] 133.729433665828
[16.1482570995522] 133.038410575293
[16.1659140995525] 132.216901582809
[16.181923999553] 131.461071079154
[16.1991115995534] 130.607386649467
[16.2163136995532] 129.767585872543
[16.2317792995527] 129.356302941765
[16.2494525995535] 128.85379689741
[16.2648772995526] 128.389565240808
[16.2824906995538] 127.836870117352
[16.2984358995527] 127.318789766893
[16.3151398995524] 126.722948587277
[16.3319472995536] 126.128144313862
[16.3489554995522] 125.482408847208
[16.364699099553] 124.872527834891
[16.3815645995528] 124.180144962352
[16.3986621995537] 123.455292836274
[16.4152418995527] 122.718008555019
[16.4327195995538] 121.922297371678
[16.4487022995527] 121.163048071233
[16.465590799553] 120.327602850802
[16.4828089995535] 119.448637112994
[16.4987522995525] 118.630751140674
[16.5153319995534] 117.737583141484
[16.5320288995536] 116.802994065751
[16.549012599553] 115.825507747857
[16.5650885995528] 114.902571038789
[16.5823712995534] 113.851302753458
[16.5990727995522] 112.826000243216
[16.6161434995538] 111.726762014536
[16.6318381995534] 110.711018006121
[16.6491636995524] 109.561271257169
[16.6648985995525] 108.477925797197
[16.6823159995529] 107.256512214829
[16.6993301995535] 106.058809274903
[16.7151640995526] 104.895677195998
[16.7324298995536] 103.613291621518
[16.7494665995528] 102.288626560826
[16.7652909995522] 101.07873032418
[16.7812257995538] 99.8110571573079
[16.7985310995537] 98.4024653571336
[16.8155560995529] 96.9883002165411
[16.8326985995536] 95.5602455604623
[16.8479341995535] 94.2469856063707
[16.8659373995524] 92.6699540348033
[16.8821064995536] 91.2203111318828
[16.8991669995521] 89.6878551630655
[16.9150525995537] 88.2103649031838
[16.9324517995537] 86.584434601455
[16.9481807995526] 85.0806513250004
[16.9652058995525] 83.417027078641
[16.9818214995521] 81.7778054345174
[16.9987529995524] 80.0832468518782
[17.0158231995538] 78.3226448489448
[17.0319781995531] 76.6792849651682
[17.0484985995536] 74.9386020317158
[17.0656165995533] 73.0991036078732
[17.0821089995534] 71.301416089568
[17.0981102995538] 69.5529858937508
[17.1157066995529] 67.5942676659977
[17.1327262995528] 65.6601210131926
[17.1480259995533] 63.9103116863689
[17.1654064995528] 61.9022047596799
[17.1815013995529] 60.0046976347073
[17.199243899553] 57.8599488739123
[17.2158700995533] 55.8390444536254
[17.2321056995534] 53.8696988253608
[17.2490301995531] 51.8744207324688
[17.2649096995538] 50.2547389278496
[17.2817405995538] 48.5072366866235
[17.2988839995523] 46.7234301477798
[17.3157565995534] 44.9036401598143
[17.3315475995532] 43.2003583783049
[17.3484397995526] 41.3089409779521
[17.3650722995535] 39.4832750764341
[17.3818344995525] 37.5776928214397
[17.3981488995523] 35.7201279074211
[17.4151600995538] 33.8715890995752
[17.4325179995521] 33.0878212909305
[17.448823699553] 32.3252694423791
[17.4657516995521] 31.5077645803221
[17.4822928995527] 30.6712252619924
[17.4984342995522] 29.8303292044537
[17.5158226995536] 28.9203479401587
[17.532198199553] 28.0259325953965
[17.5492310995523] 27.0519923692155
[17.5649270995527] 26.1520701192451
[17.5822308995521] 25.1269101291039
[17.5995475995533] 24.0522778153795
[17.6151412995532] 23.0824262812522
[17.6323838995522] 21.9770282988083
[17.6484060995535] 20.9039235902009
[17.6655441995536] 21.7303355800863
[17.6825982995524] 22.7601224295174
[17.6986568995526] 24.2883703937699
[17.7149769995522] 25.9492777101278
[17.7330473995535] 27.7522525152048
[17.7485040995525] 29.2759408270635
[17.7653842995533] 30.9202004354407
[17.7824726995532] 32.5415447437225
[17.7983743995537] 34.0265292206113
[17.8150144995525] 35.5670989452084
[17.8321373995532] 37.1095398406309
[17.8484267995536] 38.5576807124162
[17.8650103995533] 40.0053791620461
[17.8819683995534] 41.4650765693606
[17.8992410995525] 42.9251383124856
[17.9149016995525] 44.200887387448
[17.9317547995524] 45.5837647423393
[17.9492018995534] 47.076568677157
[17.9658050995531] 49.2940038056018
[17.9818043995529] 51.4489755439027
[17.9991693995526] 53.7374474651386
[18.0158925995529] 55.9651302597723
[18.0316932995538] 57.983080107287
[18.0492689995535] 60.2139459231934
[18.0652806995531] 62.2408108698503
[18.0822619995524] 64.3812187490989
[18.0981137995532] 66.2979876434705
[18.1148773995537] 68.3339318026913
[18.1323097995537] 70.4252670424673
[18.1486586995525] 72.3623426842995
[18.1656955995531] 74.3367153515358
[18.1824831995527] 76.2959296990898
[18.1997972995523] 78.2401212076338
[18.2149303995539] 79.9331375815865
[18.2320314995522] 81.8191793040197
[18.2492316995522] 83.6938654561619
[18.2655577995538] 85.4275877000966
[18.2818656995532] 87.141190577436
[18.2990258995524] 88.9169850582292
[18.3149223995533] 90.5290624230198
[18.3321544995524] 92.265701510385
[18.3494418995524] 93.9828782010319
[18.3645702995527] 95.4460255610904
[18.3822940995524] 97.1399454470071
[18.3993691995529] 98.7518318676376
[18.414788299553] 100.180670413933
[18.4322864995538] 101.767239512665
[18.4491944995534] 103.271089138089
[18.4659708995532] 104.737026579665
[18.4824024995523] 106.174616985124
[18.4982830995523] 107.492924895207
[18.5157708995539] 108.959661112733
[18.5320047995538] 110.26173521202
[18.5488021995534] 111.612865215811
[18.5654827995531] 112.90072524454
[18.5819903995525] 114.161579990236
[18.5993354995535] 115.456626462127
[18.6147218995538] 116.587964868644
[18.6318234995524] 117.817602938585
[18.6482073995521] 118.974011053991
[18.6660696995532] 120.193474755031
[18.6818536995524] 121.243204315044
[18.6985301995537] 122.336755528343
[18.7148032995538] 123.370048231384
[18.7318034995533] 124.423270370814
[18.7484036995538] 125.428729583464
[18.7653608995533] 126.422758616917
[18.7822830995538] 127.393237413988
[18.7994224995527] 128.339640982542
[18.8149101995532] 129.176952820991
[18.8320271995526] 130.078073075714
[18.8481107995522] 130.892660640338
[18.8667490995522] 131.815885726653
[18.8815910995527] 132.512113252934
[18.8992461995531] 133.321542550232
[18.9149087995538] 134.017292019719
[18.9325140995534] 134.77316128817
[18.9495085995532] 135.470569113685
[18.9652849995528] 136.09076840243
[18.9814830995529] 136.705508650058
[18.9987778995528] 137.335474130357
[19.0159115995539] 137.93320928392
[19.0322611995525] 138.468764078379
[19.0483845995532] 138.977780251846
[19.0657996995524] 139.496611629128
[19.0819447995527] 139.956980064626
[19.0992382995537] 140.417319543091
[19.1157356995536] 140.82584480941
[19.1321391995534] 141.213651922859
[19.1492771995527] 141.594798203861
[19.1648203995537] 141.904408431329
[19.1816649995526] 142.219660867332
[19.1981566995528] 142.503570018703
[19.2160418995536] 142.782215768847
[19.2326605995531] 143.009777575891
[19.2481070995527] 143.200343982634
[19.2654821995529] 143.384783966838
[19.2826442995538] 143.541282948797
[19.2980632995532] 143.654094295887
[19.3159143995526] 143.759632675415
[19.3318388995522] 143.826644054315
[19.3493804995524] 143.872977919024
[19.3660602995533] 143.888884505663
[19.3815429995539] 143.880100726664
[19.3995022995532] 143.841039143275
[19.4152716995522] 143.781485984857
[19.4324037995539] 143.688754614704
[19.448144299553] 143.577926912443
[19.4661533995531] 143.425456373285
[19.4824373995525] 143.255129902942
[19.4982019995532] 143.071820049934
[19.5155602995528] 142.837995003293
[19.5322286995524] 142.589571348409
[19.5481015995538] 142.327583563775
[19.5653213995538] 142.012923007016
[19.5826955995526] 141.667258298107
[19.5989836995523] 141.319260519499
[19.6159333995529] 140.923719936577
[19.6320537995525] 140.530723450474
[19.6479339995531] 140.11103797304
[19.6656901995539] 139.618680652457
[19.6821177995535] 139.132911812084
[19.6982782995528] 138.634349858923
[19.7154628995522] 138.075377678214
[19.7324588995525] 137.49864924174
[19.7481265995539] 136.934259428222
[19.7657233995524] 136.273567227692
[19.7815166995533] 135.652328922938
[19.7991594995528] 134.942520685743
[19.8149296995525] 134.268817940555
[19.8318944995535] 133.529154502594
[19.8480221995524] 132.802391428888
[19.8648565995536] 131.998828125336
[19.8825831995528] 131.134267292331
[19.8984067995534] 130.349481086857
[19.9157786995529] 129.446051008401
[19.9326904995523] 128.541750141692
[19.948750599553] 127.651624523772
[19.9648088995527] 126.754289015846
[19.9825260995531] 125.71741697564
[19.9994921995531] 124.700253832839
[20.0148137995529] 123.7531604605
[20.0315272995522] 122.692596371736
[20.0487370995525] 121.581662438372
[20.0731965995528] 119.819797496558
[20.0848156995526] 119.184037719752
[20.0983276995521] 118.18787046962
[20.1145811995539] 117.051988149496
[20.1316227995521] 115.814871406263
[20.1475344995524] 114.626909152924
[20.1665547995526] 113.121330208675
[20.1826804995526] 111.934509987411
[20.2004884995531] 110.532310402372
[20.2107526995533] 109.74039648128
[20.2329561995539] 107.841951163344
[20.2474490995537] 106.546065743073
[20.2649287995537] 105.013046291436
[20.2820952995535] 103.656081638558
[20.2990015995529] 102.060002787948
[20.3150794995527] 100.693383686084
[20.3331197995522] 98.9848463538143
[20.3485017995536] 98.2283498198442
[20.3645558995522] 97.6869676870608
[20.3815715995534] 97.0775561800235
[20.3990786995528] 96.4211462829524
[20.4161470995532] 95.7507194087982
[20.4325559995523] 95.0859361786076
[20.4495124995537] 94.3710297710195
[20.4652208995522] 93.6850266416638
[20.4826470995522] 92.8786496172637
[20.4984721995534] 92.1458666329806
[20.5154674995538] 91.3161212462155
[20.5323793995522] 90.4260984805407
[20.5492751995534] 89.5675794549875
[20.5648358995531] 88.7425889456104
[20.5818180995539] 87.8096399251545
[20.5990754995528] 86.8356699865868
[20.6150179995529] 85.9037474593726
[20.6325493995537] 84.8547998681231
[20.6481565995527] 83.8964444798809
[20.6658982995523] 82.7727199474399
[20.6823741995522] 81.6966855019001
[20.6985726995536] 80.6297272364386
[20.7157305995534] 79.4700958287746
[20.7319418995521] 78.3468244990492
[20.7485561995527] 77.1531008729202
[20.7649949995539] 75.9690351380819
[20.7816359995522] 74.7106965940159
[20.7982911995532] 73.441365879708
[20.815183699553] 72.1410890869558
[20.8326316995535] 70.7632118434331
[20.8488615995539] 69.4588552731813
[20.8657964995527] 68.0552873717816
[20.8819628995534] 66.6944198174158
[20.8994411995536] 65.7059382039071
[20.9151969995528] 65.1412369853309
[20.9314624995532] 64.5312004717653
[20.948881499553] 63.8397096103324
[20.9650497995535] 63.1908043557672
[20.9823680995523] 62.4521680064338
[20.9989226995531] 61.7274451373763
[21.0156426995527] 60.9388138143888
[21.0320169995539] 60.1841942893108
[21.0480294995523] 59.4069845808321
[21.0655339995537] 58.522960859043
[21.082218599553] 57.6441829449928
[21.0985396995529] 56.7769982369689
[21.1153727995534] 55.8547972704413
[21.1324210995535] 54.8501549013152
[21.1483331995532] 53.9455431667018
[21.1655537995539] 52.9105899803856
[21.1825734995527] 51.8713334788207
[21.1982127995525] 50.8829289242946
[21.2153094995538] 49.7597049686893
[21.2324749995532] 48.636128823429
[21.2482219995527] 48.0923704489556
[21.2663205995523] 48.8399662496956
[21.2819520995527] 49.4545969482108
[21.2979374995539] 50.0644866060966
[21.3149769995525] 50.6811281396689
[21.3321433995534] 51.2723528468651
[21.3494841995525] 51.8532174538752
[21.3644888995532] 52.3157943068808
[21.3816547995539] 52.835290555923
[21.3982592995526] 53.300042253477
[21.4151623995531] 53.7545730040288
[21.4324801995535] 54.1854154353392
[21.4482766995534] 54.5587251578126
[21.4650258995534] 54.9228565369893
[21.4817057995533] 55.2652509757103
[21.4994724995522] 55.5938748288957
[21.5148839995527] 55.8580756405448
[21.5322427995525] 56.122545444224
[21.5490986995537] 56.3572672518619
[21.5649014995524] 56.5491001299872
[21.5829271995535] 56.7392025268791
[21.5981184995526] 56.8761875464513
[21.6152186995532] 57.0039177282109
[21.6319693995538] 57.100771690231
[21.6489722995539] 57.1717024518038
[21.6661444995534] 57.215555012642
[21.6816494995528] 57.2306622083989
[21.6987874995539] 57.2203496072878
[21.7158491995524] 57.1824241730147
[21.7314716995534] 57.7784281020716
[21.7490832995536] 58.9228889705052
[21.7659921995528] 59.951258697031
[21.7827866995522] 60.9746436400391
[21.7984323995533] 61.8955365176282
[21.8155000995539] 63.3874806812063
[21.8316052995524] 65.2650814339405
[21.8486499995524] 67.2832904882715
[21.8649845995533] 69.1569745186598
[21.8826613995534] 71.184852850373
[21.8987198995528] 72.9748929027451
[21.9154355995524] 74.8233653198303
[21.9323061995528] 76.6515186938144
[21.9492088995521] 78.4958242718868
[21.9651397995531] 80.1550520403724
[21.9815504995531] 81.8903234464954
[21.9987725995525] 83.6368000081753
[22.0155470995524] 85.3563338896316
[22.032677399553] 87.039520526649
[22.0488731995538] 88.6142933259769
[22.0660477995534] 90.2842611565764
[22.0820406995535] 91.7993840527785
[22.0986973995532] 93.3277643856536
[22.1154604995536] 94.8626939804995
[22.1329415995533] 96.4505396136246
[22.1481382995535] 97.7894976060756
[22.1659835995524] 99.321890737148
[22.1823129995537] 100.702480570063
[22.1988271995524] 102.092558141352
[22.2160083995532] 103.510331492761
[22.2315275995534] 104.732096536463
[22.248942999553] 106.108578304413
[22.2647975995533] 107.324087542079
[22.2824890995525] 108.6745012568
[22.2982830995534] 109.822405489177
[22.3153731995535] 111.062774096273
[22.3321306995531] 112.249935963444
[22.3492169995534] 113.431745361482
[22.3656261995529] 114.518665025897
[22.3813607995526] 115.57153770038
[22.399394299553] 116.710513011397
[22.4148553995528] 117.673807530127
[22.4325942995529] 118.763743648702
[22.4494539995521] 119.763033756439
[22.4648711995524] 120.656571904497
[22.4823211995536] 121.642426526685
[22.4993727995534] 122.560120883714
[22.5145164995538] 123.357354886506
[22.5327174995527] 124.30035878223
[22.5494017995534] 125.133678254415
[22.5649721995524] 125.873345249782
[22.5819768995534] 126.660079192784
[22.5991945995538] 127.443183661254
[22.6151698995527] 128.133901068911
[22.6321598995528] 128.833301017085
[22.6490412995536] 129.521018584256
[22.6661643995521] 130.174213265474
[22.681981099553] 130.757551080065
[22.6992731995524] 131.364486329126
[22.7153537995528] 131.905599926313
[22.7319253995538] 132.437575403579
[22.7492709995531] 132.971412239978
[22.7652635995528] 133.425297161317
[22.7821075995525] 133.890465892964
[22.7982198995524] 134.301837614024
[22.8149506995524] 134.701386874552
[22.8323086995533] 135.089814061863
[22.8491746995533] 135.44044837968
[22.8653914995539] 135.755759722428
[22.882603299553] 136.061868760699
[22.8984790995528] 136.310595545682
[22.915686499553] 136.560860384162
[22.9314390995532] 136.764589088482
[22.9490297995526] 136.962222849519
[22.9647995995529] 137.11078145929
[22.9825036995535] 137.254505976682
[22.998547399553] 137.356568939235
[23.0154826995531] 137.438349979806
[23.0325363995526] 137.491693057656
[23.0484888995525] 137.517206577513
[23.0649005995529] 137.517654343055
[23.0818357995522] 137.490948798227
[23.0985031995533] 137.437645694092
[23.1156927995526] 137.355172742923
[23.1326098995523] 137.246020339979
[23.1492709995528] 137.109128065051
[23.1649594995524] 136.960138436212
[23.1818412995526] 136.771380151036
[23.199010499553] 136.548143385548
[23.2151895995521] 136.313705945388
[23.232628099553] 136.034191947431
[23.2488867995526] 135.745858326143
[23.2652459995534] 135.432878165732
[23.2820025995534] 135.080597442512
[23.2982125995532] 134.722445486344
[23.3152218995529] 134.311124431117
[23.3326656995523] 133.865420899407
[23.3478958995529] 133.450969424212
[23.3652092995526] 132.952076178657
[23.382448499553] 132.426505931066
[23.3981271995526] 131.919223527352
[23.4152440995531] 131.344449074353
[23.4322715995531] 130.74539826417
[23.4481550995533] 130.161375875662
[23.4651179995526] 129.508625045044
[23.4818168995535] 128.837639469832
[23.499370599553] 128.107905544712
[23.5150348995521] 127.428470984164
[23.5323433995527] 126.644616954346
[23.5484033995526] 125.899523583009
[23.5654637995522] 125.071916596998
[23.5828877995536] 124.209529965413
[23.5987380995539] 123.39300501179
[23.6146576995525] 122.561722748905
[23.6319374995528] 121.616013648201
[23.6487799995539] 120.666438239881
[23.6656831995533] 119.699812727816
[23.6818973995523] 118.726739707557
[23.6991296995529] 117.679714675299
[23.7146775995534] 116.701372344032
[23.7316296995523] 115.624731988807
[23.7487268995537] 114.485205405337
[23.7648037995532] 113.420892262359
[23.7817672995534] 112.225573492767
[23.799376899553] 110.995313466431
[23.8152123995533] 109.811697708035
[23.8321770995535] 108.594289237503
[23.8489921995533] 107.344250372339
[23.8664545995525] 105.980682771652
[23.8818655995528] 104.776151598555
[23.8987411995531] 103.438012051389
[23.9160143995523] 102.021025114987
[23.9329518995528] 100.600065018686
[23.9486897995539] 99.974886885566
[23.9661223995536] 99.8519107381434
[23.9819490995524] 99.7141945565373
[23.9983153995527] 99.5470939208602
[24.0151450995527] 99.3483083571247
[24.0327577995522] 99.1119069947131
[24.0493275995523] 98.8613966311188
[24.0661845995528] 98.5785591991921
[24.081870299553] 98.290447832996
[24.0994755995525] 97.9404995677876
[24.1152393995526] 97.6035794351967
[24.1316710995525] 97.2255093697344
[24.1490513995523] 96.7904439976397
[24.1659412995523] 96.3520977291213
[24.1819693995531] 95.9050546699867
[24.1990805995538] 95.3937324682547
[24.2150098995535] 94.8993801979647
[24.2322988995529] 94.339592873501
[24.2491730995534] 93.7541753895672
[24.2650500995533] 93.1866082836378
[24.2819738995531] 92.5433761778271
[24.2994953995531] 91.8635296064631
[24.3161170995536] 91.1936338333163
[24.3319253995523] 90.5166488400256
[24.3481752995522] 89.791377929608
[24.3656539995536] 89.0126722773492
[24.3826049995532] 88.2118448730455
[24.3989422995528] 87.4182767038968
[24.4155673995538] 86.5667439341476
[24.4322731995526] 85.7066999058653
[24.4480170995521] 84.8687448984959
[24.4652127995523] 83.9234001039088
[24.4821888995539] 82.9435633010844
[24.4991480995523] 81.9617079578382
[24.5162128995526] 80.94570683809
[24.5328581995527] 79.910504659358
[24.548352799553] 78.9268531472977
[24.5659183995522] 77.8023834857682
[24.5822664995521] 76.7180023418435
[24.5995235995524] 75.5308017646733
[24.6159637995534] 74.3880191487711
[24.6325191995529] 73.2198365847738
[24.6495190995538] 71.9742883765086
[24.6649521995532] 70.8301420447729
[24.681855199553] 69.5404280366419
[24.6992778995536] 68.1807836034429
[24.7153517995539] 66.9122484857842
[24.7326720995534] 65.5206670673526
[24.7481083995535] 64.2145808959865
[24.7659340995524] 62.7490685535553
[24.7821701995526] 61.3369883357767
[24.7981334995529] 59.9573084757374
[24.8157337995526] 58.3837202417499
[24.831493099553] 56.9842885700569
[24.8485068995524] 55.4047305220792
[24.8657803995538] 55.5953299064341
[24.8826435995525] 56.164284071033
[24.8995522995538] 56.6956932254553
[24.9149777995535] 57.1594064514599
[24.9320279995536] 57.6514854736482
[24.9489358995525] 58.1113033290089
[24.9659974995539] 58.5408154582766
[24.9817361995538] 58.9180363709957
[24.9996304995529] 59.3141051955545
[25.0153359995529] 59.6393845011199
[25.032561299553] 59.9630835818926
[25.0493664995538] 60.2514339058804
[25.0654700995528] 60.5061434936031
[25.0814624995528] 60.7342894286614
[25.0989895995535] 60.9550653777127
[25.1147985995522] 61.1307306392663
[25.1319539995529] 61.292180980947
[25.1492355995524] 61.426607958271
[25.1647562995531] 61.5209114593333
[25.1821765995537] 61.6021639937453
[25.1990045995535] 61.6511010579328
[25.2153704995526] 61.6735370519975
[25.2317738995534] 61.6697009633361
[25.2491702995521] 61.6374140001935
[25.2658857995539] 61.5789090302479
[25.2825069995524] 61.4935020198881
[25.2984926995523] 61.3880310378875
[25.3156277995531] 61.2459791369608
[25.3327920995525] 61.0763963908665
[25.3491883995539] 62.0675838535441
[25.3648562995531] 63.6725434129373
[25.3820570995522] 65.4335389667019
[25.3983000995522] 67.0624820081362
[25.415947599553] 68.8088804920958
[25.4317815995528] 70.328168483973
[25.4493496995528] 72.0134475259815
[25.465207399553] 73.4962085611481
[25.4820938995526] 75.0685949488347
[25.4994810995522] 76.6376716726843
[25.515350099553] 78.043192144529
[25.5323821995535] 79.5289590505698
[25.548999699553] 80.9755640931919
[25.5651124995529] 82.3086773298036
[25.5819579995532] 83.7021807633937
[25.5986818995534] 85.0620042410857
[25.6158953995528] 86.4371185856487
[25.6316901995524] 87.6434573093273
[25.6483503995532] 88.9254830523941
[25.6655515995535] 90.2103928636363
[25.6824869995526] 91.4540767849919
[25.6985970995538] 92.6096262662514
[25.7153465995525] 93.7623201637652
[25.7321109995537] 94.9084282057706
[25.7493281995521] 96.0588030172852
[25.7651474995528] 97.0804132709083
[25.7813210995537] 98.1053468741588
[25.7984800995528] 99.165156115252
[25.815855199553] 100.216052815763
[25.8319020995532] 101.145712810829
[25.8487237995523] 102.104902120412
[25.8655543995537] 103.031013113117
[25.8820202995521] 103.929461010987
[25.8988228995531] 104.792823369936
[25.9156268995539] 105.641222146583
[25.9324967995526] 106.471787743709
[25.9481014995526] 107.214600091476
[25.9652148995538] 107.988334194668
[25.9818050995527] 108.724673407685
[25.9984970995538] 109.43595794393
[26.0151009995534] 110.117847558071
[26.0322969995523] 110.785721316751
[26.0495086995525] 111.439918232878
[26.0652286995537] 112.005138659856
[26.0819647995522] 112.58535555118
[26.0994059995537] 113.156431661394
[26.1151820995528] 113.647720614973
[26.1319917995534] 114.1482286425
[26.1493634995531] 114.631183222127
[26.1650289995523] 115.044660211106
[26.1817983995534] 115.468072335203
[26.1995600995524] 115.881801811676
[26.2148529995538] 116.208913407758
[26.2318554995527] 116.55114412266
[26.2487307995525] 116.860291466192
[26.2660131995526] 117.154196823973
[26.2826126995533] 117.407145316364
[26.2981468995531] 117.615778000508
[26.3154096995531] 117.825330965313
[26.3328390995539] 118.005566638873
[26.3493728995527] 118.154391675579
[26.3651747995536] 118.265605843266
[26.3831399995524] 118.366146189886
[26.3984369995524] 118.427235807929
[26.4156617995523] 118.468371155991
[26.4314644995538] 118.48119613576
[26.4484823995535] 118.46829185172
[26.4653386995524] 118.428072018876
[26.4816509995526] 118.362794915187
[26.4993118995535] 118.263362190812
[26.5155455995537] 118.147612063393
[26.5327579995537] 117.994018337304
[26.5492001995535] 117.820172613033
[26.5647371995528] 117.635681288494
[26.5815836995534] 117.406328295731
[26.5993880995538] 117.134600416097
[26.6149431995527] 116.872364600312
[26.6317498995522] 116.558813753112
[26.6493461995524] 116.053040534461
[26.6636682995522] 115.900871757615
[26.6829618995525] 115.454897881911
[26.6989873995535] 115.144957239802
[26.7146392995528] 115.944018815938
[26.731629799553] 116.797717191568
[26.7488797995538] 117.636297938058
[26.7659604995533] 118.423240781161
[26.7821139995522] 119.15815980608
[26.7981985995539] 119.849221156163
[26.8153746995522] 120.573840775499
[26.8326549995527] 121.264558253404
[26.8481356995526] 121.860131119393
[26.8653222995526] 122.500634445461
[26.8826649995535] 123.117385479491
[26.898215399553] 123.635999845947
[26.9151296995533] 124.181465619202
[26.9326991995531] 124.719472024527
[26.9479596995534] 125.16338783124
[26.9655019995535] 125.641582070116
[26.9813428995531] 126.047422485462
[26.999463999553] 126.489577441208
[27.0150558995538] 126.836637971827
[27.0314973995537] 127.185056256607
[27.0485017995525] 127.51496238574
[27.0660414995527] 127.82277879365
[27.0827240995532] 128.094778558927
[27.0981891995525] 128.320111822679
[27.1151527995535] 128.540190161042
[27.1314573995533] 128.725018677147
[27.1490365995523] 128.897071774047
[27.1661486995527] 129.033405702545
[27.1820224995536] 129.137071765886
[27.1986695995529] 129.218612544554
[27.2155084995538] 129.275202381537
[27.2324949995527] 129.303626676796
[27.2494271995529] 129.304644654686
[27.2661691995527] 129.278213130132
[27.2815892995532] 129.230139914363
[27.2985714995539] 129.151116122533
[27.3155765995525] 129.043124675396
[27.3327996995522] 128.906655303751
[27.3484534995532] 128.755703060797
[27.3648607995528] 128.575359553033
[27.3816763995528] 128.363711413587
[27.3990440995531] 128.114758338435
[27.4155377995521] 127.848475780646
[27.4314861995535] 127.574033014004
[27.4493695995534] 127.230464943942
[27.4649274995536] 126.908672557876
[27.4823234995529] 126.515899410765
[27.4981372995535] 126.140861842443
[27.5148324995534] 125.715418270097
[27.5315594995536] 125.260334795575
[27.5488270995538] 124.760066755033
[27.5660231995535] 124.238844371834
[27.5820167995535] 123.730223869182
[27.5984310995536] 123.179019415371
[27.6149216995527] 122.599355728726
[27.6317335995536] 121.984459082016
[27.6490492995526] 121.318750282501
[27.6656857995531] 120.650961811066
[27.6813730995527] 119.999777497494
[27.6986154995539] 119.254033409231
[27.7158094995539] 118.146198342904
[27.7297258995532] 117.860083232347
[27.7493468995526] 116.893211862658
[27.7649421995538] 116.123816568481
[27.7826246995537] 115.221840985765
[27.7981092995524] 114.411809276883
[27.8151221995522] 113.479564908289
[27.8321181995525] 112.517008018756
[27.8493714995529] 111.532509299893
[27.865044999553] 110.599800134125
[27.8825655995533] 109.531009089438
[27.8991100995536] 108.51456325632
[27.9147332995526] 107.511254868638
[27.9319527995522] 106.368654142895
[27.9489530995525] 105.22130360985
[27.9647707995537] 104.153950345806
[27.9817840995529] 102.942970585173
[27.9987115995536] 101.719696252801
[28.0155709995524] 100.472894500895
[28.0317773995539] 99.2764340604023
[28.0489554995529] 97.9543450092975
[28.0661247995522] 96.6029843775038
[28.0829264995537] 95.2352430896964
[28.0983073995521] 93.9912765724803
[28.1156575995537] 92.5404198845357
[28.1323248995523] 91.126316317281
[28.1485144995531] 89.7223803883319
[28.1661320995536] 88.1754461996239
[28.1818269995529] 86.7752831233369
[28.1988348995528] 85.2132174039649
[28.2153083995527] 83.6653566146431
[28.2317880995524] 82.1369037527616
[28.2482157995528] 80.541097113879
[28.265979799553] 78.8121747551494
[28.2815576995526] 77.2580843518324
[28.2993622995527] 75.476914028417
[28.3156653995538] 73.8022587674398
[28.3314560995532] 72.163225449216
[28.3490523995533] 70.2796446598737
[28.3652903995535] 68.5491806312139
[28.3816631995523] 66.7828740910238
[28.3994831995533] 64.7846592881612
[28.4153512995526] 63.0032235457164
[28.4316547995531] 61.1688121110881
[28.4486521995532] 59.689067567674
[28.4649052995537] 59.5370799841573
[28.4817369995526] 59.3515793341852
[28.4986993995535] 59.138241873075
[28.515348199553] 58.8999380634992
[28.5321107995533] 58.6351257697224
[28.5483909995528] 58.3481374532648
[28.5661761995525] 58.0103322149313
[28.5824590995526] 57.671643340037
[28.5981590995525] 57.3256970678061
[28.6157725995527] 56.9009297445912
[28.6328023995538] 56.47220448416
[28.6488915995524] 56.0373245732943
[28.6652943995523] 55.5642953116303
[28.6824608995521] 55.0414481295533
[28.6992669995525] 54.5119849081198
[28.7153759995526] 53.9720614587146
[28.7325153995534] 53.3659940643813
[28.7484048995539] 52.7865762527566
[28.7653345995532] 52.1372343040058
[28.7822725995538] 51.4523743377968
[28.8001007995535] 50.7156778779668
[28.8149937995531] 50.0685778259252
[28.8331258995531] 49.2709359202812
[28.8495235995524] 48.5108957340454
[28.8654555995527] 47.7370881600763
[28.8815985995534] 46.9381742195605
[28.8982553995538] 48.1482602579782
[28.9149738995529] 49.5567256276886
[28.9324624995534] 51.0018927598652
[28.9524243995529] 53.0311362205621
[28.9683308995536] 53.873090596213
[28.9780289995524] 54.6003142193502
[28.9998587995524] 56.3333513173626
[29.0151646995528] 57.4527363753073
[29.0330594995521] 58.7485100967059
[29.0482354995529] 59.8422544803989
[29.0653693995537] 61.0280872787303
[29.0823277995532] 62.1826899702086
[29.0982156995524] 63.2282424599429
[29.1151181995538] 64.3270752688952
[29.1319221995527] 65.3887818977846
[29.1485696995533] 66.4318564070656
[29.1657414995534] 67.4535426784038
[29.1825518995538] 68.4285640763068
[29.1984129995526] 69.3521660431905
[29.2168395995523] 70.375522793999
[29.2327181995533] 71.2217090772614
[29.2489342995523] 72.0676197108148
[29.2663689995534] 72.9468119149962
[29.2836329995534] 73.7885382146235
[29.2991945995527] 74.5185346462319
[29.3159861995537] 75.2786396541042
[29.3313876995526] 75.9585460883205
[29.3482279995533] 76.6789449573164
[29.365073899553] 77.3651290566959
[29.3827078995528] 78.0538661268489
[29.3988322995538] 78.6736669990269
[29.4158147995531] 79.2890572496263
[29.4328745995535] 79.8759176008201
[29.4489992995532] 80.4012948700492
[29.4662046995527] 80.9435999407782
[29.4817538995521] 81.3985902641646
[29.4994343995531] 81.8934137273866
[29.5155129995528] 82.3214148944708
[29.5325173995534] 82.743942979215
[29.5488092995529] 84.1898603014555
[29.5651788995528] 85.8811136883743
[29.5825292995523] 87.6339158544885
[29.5990453995528] 89.2803451352549
[29.6152649995529] 90.9178555279993
[29.6319122995537] 92.4959157984013
[29.6492964995523] 94.1633628362028
[29.6651633995534] 95.6365257778912
[29.6821352995521] 97.2210775231646
[29.6985050995536] 98.6773669337807
[29.7149862995539] 100.158605548311
[29.7319135995531] 101.630928895297
[29.7494301995539] 103.116511451451
[29.7649923995523] 104.421667057373
[29.7824782995522] 105.870395432775
[29.799803799553] 107.275123844068
[29.8150266995526] 108.487516911932
[29.8322836995521] 109.811481321529
[29.8485341995529] 111.071764287078
[29.8669037995533] 112.421310714529
[29.8822130995522] 113.540900296055
[29.8991048995522] 114.735804035846
[29.9149759995526] 115.829879473219
[29.9327034995531] 117.059744236048
[29.9494580995524] 118.151680325631
[29.9659400995533] 119.207159625308
[29.9821922995525] 120.233071077304
[29.9994366995525] 121.299033374905
[30.0159369995527] 122.343472480978
