[0] 0
[0.0020000000949949] 0
[0.00505870021879673] 0
[0.00736676040105522] 0
[0.0082948004710488] 0
[0.00880392047110945] 0
[0.00935088051483035] 0
[0.00993147050030529] 0
[0.010475420509465] 0
[0.011069520493038] 0
[0.0116159704630263] 0
[0.0121947304578498] 0
[0.0127687404747121] 0
[0.0133196305250749] 0
[0.0138627605629154] 0
[0.0144192606094293] 0
[0.0149715606239624] 0
[0.0155235406127758] 0
[0.0160812206449918] 0
[0.0166383906616829] 0
[0.0171955506666563] 0
[0.0177900406997651] 0
[0.0183299506898038] 0
[0.0188996706856415] 0
[0.01944233069662] 0
[0.0199844407034107] 0
[0.0205461506848224] 0
[0.0223396706278436] 0
[0.0229604506166652] 0
[0.0234442506334744] 0
[0.024015610688366] 0
[0.0245566606754437] 0
[0.0250970806810074] 0
[0.0256372506846674] 0
[0.026171000674367] 0
[0.0267039106693119] 0
[0.0272521106526256] 0
[0.0277903706301004] 0
[0.0283255306421779] 0
[0.0289020806667395] 0
[0.029442390659824] 0
[0.0299990306957625] 0
[0.0305518606910482] 0
[0.0311092307092622] 0
[0.031650380755309] 0
[0.0321802807739004] 0
[0.0327273107832298] 0
[0.0332774808048271] 0
[0.0338247708277777] 0
[0.0344184608547948] 0
[0.0349624308873899] 0
[0.0355114908888936] 0
[0.0360566109302454] 0
[0.0377017909777351] 0
[0.0382901609991677] 0
[0.0387911309953779] 0
[0.039375631022267] 0.00127532306697525
[0.0399322510347702] 0.00491941152282072
[0.0405081610661] 0.000594205977477045
[0.0410766610875726] 0.000538314775193491
[0.0416509711067192] 0.000426460156489955
[0.042235971079208] 0.000372456891905381
[0.0428142510936595] 0.00031109529548414
[0.0433942211093381] 0.000270716354941704
[0.0439664011355489] 0.000255149629746992
[0.0445653411443345] 0.000195238802840158
[0.0451740411808714] 0.000174821850890116
[0.0457665511639789] 0.000141638624695388
[0.0463634111802094] 0.000280069887856771
[0.0469455511774868] 9.58032697113117E-05
[0.0475341311539523] 7.33102343501338E-05
[0.0481113811256364] 5.38175648848683E-05
[0.0486855411436409] 3.73320748084248E-05
[0.0492911911569536] 2.0793415646529E-05
[0.0498950211913325] 9.89797823704633E-06
[0.0504952511982992] 3.14940809774644E-06
[0.0511666111997329] 4.00860380483761E-07
[0.0529070512275212] 4.69841898570042E-05
[0.0535824612015858] 4.36160242362653E-05
[0.054097731190268] 8.76119209878719E-05
[0.0546824212069623] 0.000131962160964471
[0.0552492612041533] 0.000182295934256249
[0.0558283011778258] 0.0001819106655721
[0.0563902911962941] 0.000350289527897987
[0.0569628612138331] 0.000349602756171045
[0.0575225811917335] 0.000349602756165096
[0.0580612911726348] 0.000698826817981516
[0.0586507911793888] 0.000668811754861637
[0.0591915011755191] 0.00066858935636744
[0.0597592612029985] 0.000668589356345901
[0.0603142812033184] 0.000986951381187271
[0.0609157212311402] 0.00133699342667139
[0.0614851412246935] 0.00480387129791614
[0.0620678312261589] 0.00345462482635206
[0.0626455512829125] 0.00241803858980508
[0.0632345212507062] 0.00223682807854825
[0.0638198312954046] 0.00199462046427298
[0.0644111713045277] 0.00184665009682539
[0.0649983512703329] 0.00182499269940618
[0.0656143712694757] 0.00162223316659239
[0.0662088312674314] 0.00154072717277244
[0.0679185013286769] 0.00101701098013862
[0.0686234913300723] 0.0010155723177643
[0.0691842013620771] 0.00097421046141394
[0.0698061913717538] 0.00081262634879423
[0.0704199813771993] 0.000739318382077348
[0.0710313813760877] 0.000652368044375853
[0.0716602113679983] 0.000597637298262975
[0.0722813013708219] 0.000527910305332229
[0.0729363514110446] 0.000471559312455251
[0.0735906314221211] 0.000414807764524926
[0.0742190214223228] 0.000352497654902232
[0.0748572414158843] 0.000305542750708714
[0.0754914214485325] 0.000262305454894035
[0.0761299714795314] 0.000209864320955378
[0.0767914114985615] 0.000174023610748401
[0.0774193715187721] 0.000151183478714459
[0.0780295915319584] 0.000119227990340557
[0.0786357915494591] 9.83109917051207E-05
[0.0792684115585871] 7.6869146970705E-05
[0.0799032215727493] 5.48533820251596E-05
[0.080517471593339] 3.79507248390963E-05
[0.0811488016042858] 2.47491931098297E-05
[0.081775531580206] 2.29668045658323E-05
[0.0835036415955983] 4.42555291816701E-05
[0.084212101646699] 8.26792066059653E-05
[0.0847997016389854] 8.70313062721494E-05
[0.0854286916437559] 0.000216147884427371
[0.0860500116250478] 0.000207872947801372
[0.0866278316243552] 0.000229117634434745
[0.0872247316292487] 0.000264790229103001
[0.0878299816395156] 0.000444408036916591
[0.0884141916176304] 0.000518921430161492
[0.0890045916312374] 0.000519033555965236
[0.089616761659272] 0.000597801623192503
[0.0901987416436896] 0.000973721216746346
[0.090779781632591] 0.000973557272115523
[0.0913906416390091] 0.00118160772869392
[0.0919858416891657] 0.00118270230618896
[0.0925892117084004] 0.00118160772853709
[0.0931739117368124] 0.00118191171869893
[0.0937715817708522] 0.00151366034390491
[0.094339131785091] 0.00232443564052214
[0.0949011718039401] 0.00227084040032262
[0.0955011518090032] 0.0022713652452597
[0.0961142618325539] 0.00227084039973256
[0.0967329018749297] 0.00227084039942858
[0.0973645318881609] 0.00458651755532762
[0.099079871957656] 0.00452795099741253
[0.0997441219515167] 0.00327333585216288
[0.100331761990674] 0.00312345322068093
[0.101021762005985] 0.00302759014788898
[0.101664902002085] 0.0029749965979774
[0.102294952026568] 0.00285542284051396
[0.102917852054816] 0.00311467858490953
[0.10355470207287] 0.00117297740152974
[0.104179192101583] 0.0010880873032509
[0.104794802085962] 0.000925876051106194
[0.105409242096357] 0.000819245744498002
[0.106039902078919] 0.000715957772492673
[0.106745742086787] 0.000616147499338038
[0.107378352084197] 0.000525555574924364
[0.108024042099714] 0.000527430110660864
[0.108657312113792] 0.000426698041323105
[0.109301342105027] 0.000366247618578912
[0.1099562420859] 0.000324352063650602
[0.110592202108819] 0.000293610250659936
[0.111236012075096] 0.000267876024381796
[0.111874072055798] 0.000224690281639362
[0.112527152057737] 0.000187962668632197
[0.114293631981127] 0.102376107073598
[0.114997962024063] 0.0497011432070087
[0.11563793203095] 0.0469353311224795
[0.116324792033993] 0.0300490962393242
[0.116971572046168] 0.0290838978790001
[0.11764072207734] 0.00914099571863876
[0.118254992121365] 0.00811023546485242
[0.118834732158575] 0.00852094126068279
[0.119433212152217] 0.00808566738921105
[0.120025112177245] 0.00791710002471641
[0.120638932159636] 0.0170549505759608
[0.121242572146002] 0.00772818659881542
[0.121853182150517] 0.00395616314131123
[0.122474232164677] 0.00360227303815115
[0.12308851222042] 0.00347344142510273
[0.123708582250401] 0.00305741474940929
[0.124335232248995] 0.0030871105938814
[0.124955292267259] 0.00285643058786802
[0.125589312287048] 0.00272153238988648
[0.126225232321303] 0.00243474831494825
[0.126878582290374] 0.00226852116588297
[0.12752730230568] 0.00212051007072748
[0.129301072272938] 0.00166944297245731
[0.130038962292019] 0.00142172884480598
[0.130659782327712] 0.00143361861361648
[0.131332272372674] 0.0013602804007649
[0.131988642388023] 0.00123460588255587
[0.132659262395464] 0.00114472630128252
[0.133315642422531] 0.0011165433706444
[0.133995562442578] 0.000942079318329393
[0.134718542452902] 0.000850207674652975
[0.135358732484747] 0.00072910828477136
[0.136019312485587] 0.000709997504781272
[0.13668095250614] 0.000647555884861576
[0.137335072504357] 0.000591787372195123
[0.137988392496482] 0.000552149406803014
[0.138632102520205] 0.000284799487931651
[0.139280952571426] 0.000216460066356546
[0.139941712608561] 0.000159080594309857
[0.140604042622726] 0.000129896755192626
[0.141246632614639] 0.000104705107559167
[0.141893892665394] 8.47411507684494E-05
[0.142548392643221] 7.83288783845866E-05
[0.14431880263146] 0.000118366984590542
[0.145034182642121] 0.000146662603526073
[0.145619862654712] 0.000195673820995883
[0.146285872673616] 0.000255263963053888
[0.146914192650001] 0.00035996275046912
[0.14756911265431] 0.000412304956971955
[0.148219422670081] 0.000585310582657392
[0.148844122653827] 0.00082265168273989
[0.149500542669557] 0.00080498605494337
[0.150111802679021] 0.000976026698019696
[0.1507831926574] 0.000976056108863939
[0.151441642665304] 0.00097681992073262
[0.152065282687545] 0.00141652552820663
[0.152677382691763] 0.00175958600659707
[0.153252522693947] 0.00176002158382941
[0.153873762697913] 0.00175982878647544
[0.154498602729291] 0.00175908188616656
[0.155132752784993] 0.00175946416776211
[0.155768012802582] 0.00252423130800005
[0.156388632836752] 0.00320624505015785
[0.156962292850949] 0.00320643788696416
[0.157600752834696] 0.00320618446460656
[0.159309892973397] 0.00320871995530817
[0.159968123014551] 0.00320628996824323
[0.16056698304601] 0.00457848464848798
[0.161214963067323] 0.00595860939749186
[0.161837293067947] 0.00596003875417578
[0.162435303092934] 0.00595950676202457
[0.163016133068595] 0.00388736082566121
[0.163641463033855] 0.00389665787837982
[0.164282813027967] 0.00370531809731205
[0.164900873031002] 0.0111942454243523
[0.165527323028073] 0.0110583223040891
[0.166126603027806] 0.0110012904231159
[0.166753763041925] 0.0109706265003368
[0.167445063008927] 0.0109285146420609
[0.168120463029481] 0.0109747738934343
[0.168756353028584] 0.0109195267653247
[0.16943218302913] 0.0110710128236437
[0.170089963066857] 0.0110531794001909
[0.170725463074632] 0.0110204239568853
[0.17135673307348] 0.0110052430563726
[0.172006253094878] 0.0113177791514286
[0.172659033094533] 0.00478356035499097
[0.174439733033068] 0.00481161711556582
[0.175121813022997] 0.00480705865578227
[0.175714833079837] 0.00631798199717433
[0.176405463076662] 0.00293728448710283
[0.177048013079911] 0.00225294125619319
[0.177691993070766] 0.00219516135066468
[0.178338413068559] 0.00201534379579089
[0.178984023048542] 0.00199303319857656
[0.17964078305522] 0.00186152106629667
[0.180299823055975] 0.0020916245507777
[0.180985003069509] 0.00110458499821266
[0.181600193085615] 0.00100022540966911
[0.182221643102821] 0.000890434917845644
[0.182888473093044] 0.000760838367347858
[0.183523453131784] 0.000630278568154473
[0.184213933127467] 0.000497112716207487
[0.184875883162022] 0.000390835286591328
[0.185516633151565] 0.000372781269884223
[0.186175243172329] 0.000262616020244925
[0.186815073189791] 0.000234455025497608
[0.187472743215039] 0.000203796898351558
[0.18815059325425] 0.000171458278265977
[0.189896883268375] 0.000116787018310195
[0.190605053270701] 0.000131474179079391
[0.191212873265613] 0.000221599869073957
[0.191859813290648] 0.00021578236966392
[0.192444873333443] 0.000314704221136481
[0.193059643323068] 0.000328831617782722
[0.193681153352372] 0.000380075987885131
[0.194352683378384] 0.00034620403656336
[0.194981723383535] 0.000476189095319769
[0.19564265338704] 0.000440776744083395
[0.196294623368885] 0.000434749611397735
[0.196922243398149] 0.000431669498069922
[0.197570163407363] 0.00067777964719335
[0.198195163451601] 0.000680300590748505
[0.198813513445202] 0.000688792591575499
[0.199460883450229] 0.000700716914981085
[0.200089713442139] 0.000732276655975006
[0.200754103483632] 0.000731412925168371
[0.201376923534553] 0.000789721175074645
[0.202015963557642] 0.000790743300330991
[0.202666483586654] 0.00169073174870969
[0.203326903632842] 0.00168046728214426
[0.205142213613726] 0.00193472343580601
[0.20579526363872] 0.00192778923700976
[0.206379583629314] 0.00192699183894613
[0.207001273636706] 0.00192684510348729
[0.207650933647528] 0.0106822487166629
[0.208291273680516] 0.0111467652147722
[0.208911663678009] 0.00755222426858231
[0.209532853681594] 0.00755228541418446
[0.210166933655273] 0.00755225483352871
[0.210781113652047] 0.00755220198330125
[0.211428873648401] 0.0075520416405806
[0.212059243698604] 0.00764118931149858
[0.212690423708409] 0.00724305779312378
[0.213309633720201] 0.0147913817266187
[0.213928223703988] 0.00304485604220277
[0.214586923713796] 0.00257131987171555
[0.215225023741368] 0.00229686619980154
[0.215865133795887] 0.00219695644985991
[0.216544963826891] 0.00196025446449066
[0.217221433878876] 0.00183611496491517
[0.217961273912806] 0.00172730883349242
[0.218647173896898] 0.0015920117910292
[0.22048565390287] 0.00138413801112987
[0.221125313895755] 0.00134610700283091
[0.22177333390573] 0.00130057632812299
[0.222462413890753] 0.00127302248113679
[0.223233813885599] 0.00121406306918318
[0.223909873922821] 0.00119390937163182
[0.224583423929289] 0.00115675028794679
[0.225204883958213] 0.00113547015789943
[0.22588075400563] 0.00111474399483532
[0.22657108400017] 0.0011049436693299
[0.227230704040267] 0.00109506330838715
[0.227898904064205] 0.00109658037516539
[0.228527934057638] 0.00110958009746759
[0.229181754111778] 0.00113269178554105
[0.229814424121287] 0.00114850916671147
[0.230432264157571] 0.00116833743567316
[0.231019294180442] 0.001252706650563
[0.231639254197944] 0.00126467688743339
[0.232275754213333] 0.00128415039778112
[0.232881104224361] 0.00467193088243137
[0.23351085424656] 0.00373473001118243
[0.234220334270503] 0.00323833571985785
[0.236019074276555] 0.00282857746940414
[0.236659724265337] 0.00269267741340002
[0.237292424251791] 0.00247656743164806
[0.237944744236302] 0.00237537748666177
[0.238594104244839] 0.00286650289268161
[0.239253254258074] 0.00243403449346788
[0.239903884299565] 0.00192558220742253
[0.240561834303662] 0.00182884230531692
[0.241184004291426] 0.00169718082327738
[0.241848184319679] 0.00151698994219258
[0.242480534361675] 0.00139387265260861
[0.243128124333452] 0.00128912137195377
[0.243765964347403] 0.0012133757097273
[0.244408374361228] 0.00113901050644767
[0.245078174339142] 0.00108255948310072
[0.245736484357622] 0.00101291518868274
[0.246409634361044] 0.000956472375247687
[0.247054114413913] 0.000936499170237752
[0.247699744417332] 0.000896122100315422
[0.24834597442532] 0.000847610628727471
[0.248993874469306] 0.000837666373128642
[0.249656664498616] 0.000811904329963514
[0.251442834443878] 0.000767843085463464
[0.252141044475138] 0.000763807412646266
[0.252783704490867] 0.000772935706234613
[0.253469794522971] 0.000786604500138587
[0.254137964511756] 0.000802573251909865
[0.254761504533235] 0.000853468438047377
[0.255393514526077] 0.000889059267849273
[0.256023224501405] 0.000965014165834724
[0.256682334467769] 0.0010596511966081
[0.257325914455578] 0.00112074538124331
[0.257968044490553] 0.00112141756473595
[0.258593304490205] 0.00145571141880529
[0.259262434497941] 0.00143506505813156
[0.259865254512988] 0.00143400944097087
[0.260485844512004] 0.00143431820149165
[0.26111361454241] 0.00201506761210199
[0.261739374545868] 0.00201521942601425
[0.262372524593957] 0.00201533719287387
[0.2630086246063] 0.00201506761131434
[0.263622484635562] 0.00589214657411775
[0.264253974601161] 0.00263198191479472
[0.264883704599924] 0.0010825172695686
[0.26659462461248] 0.00102349502499464
[0.267225694609806] 0.00102655805977015
[0.267945244617295] 0.00102024672376993
[0.268623734649736] 0.00101534610998981
[0.269261594628915] 0.0116782933859477
[0.269895774661563] 0.00631579918128486
[0.270521744678263] 0.00631506999331535
[0.271125174709596] 0.00626133008802524
[0.271758094721008] 0.00459044960653234
[0.272371454746462] 0.00234419961979382
[0.272974294726737] 0.00185415325705261
[0.273604604706634] 0.00164016684777929
[0.274279064731672] 0.0014736569003944
[0.274941574723925] 0.00141813662181656
[0.275583744747564] 0.00138632915665085
[0.276261114748195] 0.00135855712946471
[0.276936674781609] 0.00134299547955144
[0.277590724814218] 0.00133932995642874
[0.278242144850083] 0.00134553764391413
[0.278886934858747] 0.00136053929928907
[0.279595794912893] 0.00138828176591755
[0.280247764894739] 0.00142768305094759
[0.281990804942325] 0.00154232797010676
[0.282626204949338] 0.00154232796987472
[0.283198955003172] 0.00154251223445178
[0.283891305036377] 0.00170292909835977
[0.284651665075216] 0.00170286774590388
[0.285315545042977] 0.00170268774823797
[0.285971975070424] 0.00195244221212713
[0.286562755063642] 0.00195235198742936
[0.287209385074675] 0.00195223230613996
[0.287931525090244] 0.00195202801213544
[0.28855783509789] 0.00242052389815674
[0.289220585138537] 0.00241745980769021
[0.289884735189844] 0.00282486288662944
[0.290581165172625] 0.00112163404491851
[0.291224335203879] 0.00100184764745838
[0.291890565189533] 0.00090633175939034
[0.29257529519964] 0.000842280702837437
[0.293268295237795] 0.000773401290667748
[0.293970685219392] 0.000725267479522266
[0.294638595252763] 0.000702889481229472
[0.295305035251658] 0.000665247290769452
[0.297057485266123] 0.000640951542285825
[0.297729135258123] 0.000580987528106815
[0.298300105263479] 0.000573690333200081
[0.298959215229843] 0.000569094884092671
[0.299647045263555] 0.000562590127256946
[0.300296455272473] 0.000558820351072737
[0.300983985245693] 0.000557281483821122
[0.301622915256303] 0.000562095225998729
[0.302278685267083] 0.000569703284025995
[0.302943125250749] 0.000590252109466975
[0.303595015255269] 0.000590595724990409
[0.304242435260676] 0.000621484767764852
[0.305018045299221] 0.000666978132507111
[0.305827695352491] 0.000749946766231771
[0.306575575377792] 0.000743501657873385
[0.307236485357862] 0.00086685884328597
[0.307880125357769] 0.000866188071997171
[0.308504015381914] 0.000866679321256666
[0.309138075390365] 0.00113967113084389
[0.309795665438287] 0.00110527180822293
[0.31042431545211] 0.00110653392721007
[0.31219695560867] 0.00155252694384128
[0.312834555632435] 0.00154879647496057
[0.313457405660301] 0.00154819203626971
[0.314091035688762] 0.00154842262063626
[0.314733495702967] 0.00154921922128285
[0.315395235724282] 0.00192108770480006
[0.316033755778335] 0.000959471263457241
[0.316725655749906] 0.000833159532188877
