[0] 147.149852801786
[0.0199999995529652] 147.092504535122
[0.0881290995530435] 147.081177238175
[0.124553799552814] 147.078108791849
[0.148919199553347] 147.076649958088
[0.165099399553583] 147.076016243537
[0.183001099552712] 147.075230117246
[0.198527299553461] 147.074645734726
[0.216453699553313] 147.073867867119
[0.232063899553395] 147.073296505
[0.253152799552481] 147.072222569083
[0.261582699553401] 147.07205997847
[0.282648899552441] 147.070950682889
[0.299256199552474] 147.070308089486
[0.316237599552551] 147.069621524964
[0.3318278995539] 147.069029490793
[0.347270999553075] 147.068451875428
[0.365889699553009] 147.067619869423
[0.383068699553405] 147.066911124874
[0.398407399552525] 147.066331875491
[0.414700299552351] 147.065711583676
[0.431224999552796] 147.065042408253
[0.44960869955321] 147.064237672693
[0.466047799553053] 147.063588970306
[0.481360299552762] 147.063018504892
[0.49799139955212] 147.062369336203
[0.514612599552493] 147.061696021643
[0.531799899552425] 147.060972016143
[0.548523999552344] 147.060306150997
[0.565931999553868] 147.059580257966
[0.583001099552348] 147.058880765825
[0.599402399553583] 147.05823449464
[0.616040199553026] 147.057554004979
[0.631405399553842] 147.056994049233
[0.647992499552856] 147.056335026606
[0.665312099552466] 147.055601020408
[0.682188299553673] 147.054928969074
[0.699032599553902] 147.0542435502
[0.715738499553481] 147.053573243046
[0.732075099553185] 147.052925361973
[0.749406599552458] 147.052180846159
[0.765807499552466] 147.055418968319
[0.779915599552623] 147.05495473997
[0.799296699553452] 147.053977587489
[0.815551299552681] 147.053317960053
[0.83192989955387] 147.052673891757
[0.84811889955381] 147.052020792655
[0.865358299552099] 147.051287408111
[0.881971099552175] 147.05062004501
[0.898602099552591] 147.049895936591
[0.915438699552396] 147.049243238302
[0.933257199552827] 147.048471993537
[0.948023699553232] 147.047934719343
[0.965894299553838] 147.047129031984
[0.982852499553701] 147.046429462578
[0.998912399552864] 147.04579452024
[1.01530599955368] 147.045114491899
[1.03270429955228] 147.044391793198
[1.04921649955213] 147.043715540247
[1.06518309955209] 147.043094641932
[1.08125529955214] 147.042465183469
[1.09788149955239] 147.041782083069
[1.11601859955226] 147.040973105511
[1.13246839955355] 147.040307444193
[1.14831299955222] 147.039686718082
[1.16598049955246] 147.038926181667
[1.18264419955267] 147.038225690735
[1.19890249955279] 147.037582641424
[1.21654169955218] 147.036805092052
[1.23202589955326] 147.036226403398
[1.24841649955306] 147.035548795404
[1.26478529955239] 147.034874092343
[1.28153429955273] 147.03420701349
[1.29826649955248] 147.033513407702
[1.31494939955337] 147.048670095441
[1.33142289955322] 147.047921250485
[1.34794559955299] 147.047219776069
[1.36615169955257] 147.046336403681
[1.38248249955359] 147.045627463763
[1.3991994995522] 147.044883606019
[1.41511049955261] 147.044196243657
[1.43233379955382] 147.043419707487
[1.44896389955284] 147.042683152607
[1.46491549955317] 147.041981142975
[1.48131199955242] 147.041276795578
[1.49928779955371] 147.040429414778
[1.51554029955332] 147.039728201296
[1.53138649955326] 147.039032838083
[1.54852569955256] 147.038275078009
[1.56448819955222] 147.037587211735
[1.58132559955266] 147.03683596364
[1.59979679955359] 147.035924540986
[1.61627629955365] 147.035189546574
[1.63297719955335] 147.034459616069
[1.64880739955333] 147.033807232038
[1.66542649955227] 147.033058524329
[1.68152149955313] 147.032366602363
[1.69781019955371] 147.0316422459
[1.71622389955337] 147.030722525349
[1.73279339955297] 147.030008397455
[1.74822499955371] 147.029373262788
[1.76443389955239] 147.028676566335
[1.78264069955367] 147.027798354077
[1.79818919955324] 147.027133241209
[1.8162144995531] 147.05374741539
[1.83110259955356] 147.053094045606
[1.84866409955248] 147.052141225241
[1.86524809955336] 147.051267612969
[1.8812172995531] 147.050494578194
[1.89957969955321] 147.049450710753
[1.91549659955308] 147.048668848851
[1.93318489955345] 147.047702748627
[1.94836709955234] 147.046963075149
[1.96465239955251] 147.046169851422
[1.98269089955284] 147.045152786694
[1.99896969955262] 147.044336621331
[2.01473159955276] 147.043576614036
[2.03215339955386] 147.065336317701
[2.04963419955311] 147.064482184686
[2.06577209955321] 147.063752379041
[2.08198589955282] 147.06301366439
[2.09957349955221] 147.062164602666
[2.11561969955255] 147.061447899175
[2.13247359955312] 147.060662733538
[2.14910219955345] 147.059895728636
[2.16563829955339] 147.059141294189
[2.18149489955249] 147.058439558593
[2.19873289955285] 147.057595398739
[2.21562309955334] 147.060508304913
[2.23206549955285] 147.059866418963
[2.24804939955357] 147.059213033414
[2.26590669955294] 147.058480955752
[2.28238869955385] 147.057815736461
[2.29845599955297] 147.057200200862
[2.31498649955211] 147.056547712069
[2.33232579955256] 147.055815970533
[2.34831139955349] 147.055203997134
[2.36579449955389] 147.054467821568
[2.38273999955345] 147.053775841162
[2.39904909955294] 147.05313245139
[2.41544439955214] 147.052478549828
[2.43155069955355] 147.051855145395
[2.44828889955352] 147.051173063768
[2.46512429955328] 147.050498633213
[2.48220929955278] 147.049797859167
[2.49830389955241] 147.049178604154
[2.51580889955221] 147.048437642991
[2.53231309955299] 147.047786747647
[2.54947339955288] 147.047056920093
[2.56577589955305] 147.046426564132
[2.58191729955252] 147.045794639879
[2.59891029955361] 147.045099199279
[2.61591149955348] 147.044391617743
[2.63176039955215] 147.043803734096
[2.6484949995538] 147.043111394099
[2.66602539955238] 147.042376102915
[2.6816950995526] 147.041783745262
[2.69871879955281] 147.041088927223
[2.71544189955239] 147.040408320728
[2.73245079955268] 147.039718577102
[2.74837779955305] 147.039113781307
[2.76550739955383] 147.038407199126
[2.78141659955327] 147.037788538886
[2.79981779955233] 147.03696419929
[2.81520369955251] 147.036400253295
[2.831360999553] 147.035775770531
[2.84895769955256] 147.035027597618
[2.86576839955342] 147.034346318395
[2.88210969955253] 147.033693329924
[2.89888799955224] 147.033020495416
[2.91563309955382] 147.03234562945
[2.93144939955346] 147.031731556896
[2.94892919955237] 147.031001662437
[2.96578999955273] 147.030313573526
[2.98145859955366] 147.029732701825
[2.9985862995527] 147.029021025336
[3.01588559955235] 147.028285355287
[3.03179689955323] 147.027686532573
[3.04946449955241] 147.026942965336
[3.06530569955248] 147.026334153076
[3.0813067995532] 147.025712282889
[3.09880779955347] 147.024972344343
[3.11485329955212] 147.024355891364
[3.13265049955226] 147.023589919227
[3.14875209955244] 147.022969218004
[3.16566649955348] 147.022277000674
[3.18263829955322] 147.02159086549
[3.19937799955369] 147.020908045323
[3.21587539955362] 147.020231152727
[3.23169489955217] 147.019647620761
[3.24843619955209] 147.018940378053
[3.26587949955319] 147.018230572608
[3.28170819955267] 147.017635536152
[3.29916479955318] 147.016908357608
[3.3159604995526] 147.016222970596
[3.33161079955244] 147.015615820106
[3.34938379955383] 147.014846535234
[3.3659223995528] 147.014216974275
[3.38221759955377] 147.013576205127
[3.39859159955267] 147.012918709026
[3.41605859955234] 147.012171181723
[3.43199249955251] 147.011573308585
[3.4488058995521] 147.010878760567
[3.46557059955376] 147.010214814305
[3.48234459955347] 147.009535171685
[3.49936509955296] 147.008842750078
[3.51573499955339] 147.008185652097
[3.53167509955347] 147.007563565103
[3.54918979955255] 147.006827313655
[3.56485889955366] 147.006255619407
[3.58239029955257] 147.005497406287
[3.59813939955347] 147.004893099211
[3.61528839955281] 147.004204399104
[3.63264559955314] 147.003472422298
[3.64872849955282] 147.002854966531
[3.66547539955354] 147.002174821869
[3.68252669955291] 147.001442987928
[3.69853969955329] 147.000833508912
[3.71611079955255] 147.00010504847
[3.73189049955363] 146.999512297768
[3.74884739955269] 146.998803170728
[3.76513139955387] 146.998176038672
[3.78227639955367] 146.99744088237
[3.79871459955211] 146.996805588794
[3.81459269955303] 146.996189598376
[3.83199269955367] 146.995471436485
[3.84791669955302] 146.994824007117
[3.86554039955263] 146.994106261335
[3.88161769955332] 146.993496835913
[3.8986194995523] 146.99275353969
[3.91670209955373] 146.992003224768
[3.93224179955359] 146.991415920594
[3.94887499955257] 146.990763344671
[3.96575249955276] 146.990051270443
[3.98200279955381] 146.989438659198
[3.99911909955335] 146.988726618103
[4.01588969955264] 146.988033010944
[4.03220049955235] 146.987406329825
[4.04895619955278] 146.986732109129
[4.06508229955216] 146.986090065837
[4.08271749955384] 146.98533200659
[4.09802389955257] 146.984785506017
[4.11466729955282] 146.98412609739
[4.13264959955268] 146.983347767531
[4.14910429955307] 146.987067387988
[4.16575339955307] 146.986393866081
[4.18165159955242] 146.985777353343
[4.19879629955358] 146.985069060948
[4.2152192995527] 146.984407136117
[4.23151179955312] 146.983759052141
[4.24939839955368] 146.982974969561
[4.26637609955287] 146.982270403814
[4.28195279955253] 146.981675289829
[4.29810999955225] 146.981032898015
[4.31553669955247] 146.98028286979
[4.33274269955291] 146.979569729863
[4.34859919955306] 146.978953030641
[4.36609929955375] 146.978177329947
[4.38214199955291] 146.977570508133
[4.39948769955299] 146.976827773364
[4.41556269955254] 146.976179944454
[4.43263999955343] 146.97547294269
[4.44910219955273] 146.974807074617
[4.46511919955265] 146.974183188785
[4.48216439955286] 146.973472779338
[4.49931559955257] 146.972749238247
[4.51582679955209] 146.972095237104
[4.5316829995536] 146.971464004946
[4.54813209955319] 146.970815315427
[4.56469629955245] 146.97014135511
[4.58233659955295] 146.969376918942
[4.59822789955251] 146.968756959041
[4.61595789955209] 146.967980404111
[4.63236979955218] 146.967336591828
[4.64859969955251] 146.966685516819
[4.66522609955246] 146.966009686459
[4.6825004995535] 146.965269704386
[4.69941509955243] 146.964559103203
[4.71600729955389] 146.9639063181
[4.73215709955366] 146.963268487385
[4.74866609955279] 146.962589830802
[4.76556969955345] 146.961889868402
[4.78198079955291] 146.961227637935
[4.79933209955379] 146.960505174126
[4.8150204995527] 146.959900878687
[4.83197699955235] 146.959180306586
[4.84970089955277] 146.958423741914
[4.86543089955376] 146.957807338371
[4.88202669955353] 146.957136786479
[4.89936899955319] 146.956403498032
[4.91526379955212] 146.955782938182
[4.93324899955223] 146.954993949663
[4.9487469995529] 146.954405178835
[4.96527309955309] 146.953735558574
[4.98272439955326] 146.952967119689
[4.99908789955225] 146.95234289794
[5.01614159955352] 146.951608727992
[5.03195189955295] 146.951009009184
[5.04902039955232] 146.950302107487
[5.06579819955368] 146.949603452852
[5.08266799955345] 146.948892751719
[5.09885289955309] 146.948263892351
[5.11594439955297] 146.947550945106
[5.13178589955351] 146.946931787887
[5.1486749995529] 146.946243952969
[5.16551279955274] 146.945543295074
[5.18259249955372] 146.944830013744
[5.19810339955256] 146.944231160993
[5.2154478995526] 146.94350820943
[5.23135379955238] 146.942895987086
[5.24840919955386] 146.942172463291
[5.26515079955243] 146.941489372739
[5.28208389955216] 146.940777678553
[5.29937569955291] 146.940048604885
[5.31536179955219] 146.93941464955
[5.33262799955264] 146.938710674121
[5.34867289955218] 146.938066886169
[5.36560119955357] 146.937366261663
[5.3819843995534] 146.936714388228
[5.39876649955295] 146.936013763747
[5.4159227995533] 146.935283616461
[5.43173349955214] 146.934698303823
[5.44845159955366] 146.933998714467
[5.46475839955383] 146.933339629696
[5.48180469955332] 146.950582090396
[5.49922939955286] 146.94967710777
[5.51602899955287] 146.948845678851
[5.53192519955337] 146.948091569961
[5.5492341995523] 146.947178632921
[5.56589129955319] 146.946375947493
[5.58189909955217] 146.945607592341
[5.5986874995524] 146.94477349811
[5.61586169955262] 146.943883112965
[5.63170429955244] 146.943157241544
[5.64898129955327] 146.942260433173
[5.66610029955336] 146.94139759442
[5.68152689955241] 146.940686978254
[5.69893589955245] 146.939777565832
[5.71577379955306] 146.938943435405
[5.73216399955345] 146.938132298496
[5.74811489955209] 146.93737481953
[5.7650114995522] 146.936531259146
[5.78180129955217] 146.935676864299
[5.79874089955229] 146.93483771762
[5.81509439955335] 146.93404336424
[5.83229789955294] 146.935103802616
[5.84896989955269] 146.934404264008
[5.86489019955297] 146.933738183692
[5.88195819955217] 146.933011190409
[5.89925819955351] 146.932243317323
[5.91505769955256] 146.93161393951
[5.93184819955241] 146.930909322692
[5.94878539955243] 146.930190999624
[5.96508519955387] 146.929507119475
[5.9821483995529] 146.928775793608
[5.99942539955373] 146.9280125282
[6.01487939955223] 146.927417586725
[6.03179709955293] 146.926688661301
[6.04860109955371] 146.925971720192
[6.06476249955267] 146.925295222119
[6.08255679955255] 146.924492069664
[6.09806509955342] 146.923894127045
[6.11628149955322] 146.92305500376
[6.13203989955218] 146.922422355599
[6.14876759955223] 146.921717781726
[6.16560659955212] 146.920995297801
[6.18225209955381] 146.920272454504
[6.19989599955261] 146.919502322333
[6.21516609955324] 146.918920885993
[6.23198809955284] 146.9181981113
[6.2487806995523] 146.917485987999
[6.26463299955321] 146.916796820056
[6.28155829955358] 146.91612022339
[6.29867579955317] 146.9153834816
[6.31542659955267] 146.914669317927
[6.33259769955293] 146.913909673251
[6.34909229955338] 146.913222693663
[6.36509529955219] 146.912568443325
[6.38208789955388] 146.911848678857
[6.39892329955364] 146.911123677607
[6.41486669955339] 146.910489042733
[6.43236569955297] 146.909691592893
[6.4491800995529] 146.908990126645
[6.46550969955388] 146.908315235461
[6.48209479955221] 146.907615159874
[6.49895859955359] 146.90689774289
[6.51599809955223] 146.906161019142
[6.53137279955263] 146.905551602266
[6.54827149955236] 146.904837218079
[6.56608529955338] 146.904037249442
[6.58161529955214] 146.903435745049
[6.59856089955247] 146.902688736997
[6.61580289955236] 146.901920831182
[6.63235989955319] 146.901242072353
[6.64874489955218] 146.900567082403
[6.6654642995527] 146.905349828326
[6.68283609955324] 146.904611908314
[6.69931919955343] 146.903969759872
[6.71494479955254] 146.903390963898
[6.73253989955265] 146.902632729032
[6.74802009955238] 146.902075113188
[6.76488399955269] 146.90136716498
[6.78206199955275] 146.90065414725
[6.79825429955235] 146.900018844146
[6.81559059955362] 146.899296141974
[6.83253619955212] 146.898615400681
[6.84887609955331] 146.897973385883
[6.86517019955318] 146.897332950093
[6.88261369955217] 146.896595316668
[6.89954009955363] 146.895909409136
[6.91509329955261] 146.895339528126
[6.93285119955362] 146.894570017028
[6.94878849955239] 146.893959399995
[6.96476009955222] 146.893350705981
[6.98232519955309] 146.892604715098
[6.99813599955269] 146.891991365832
[7.01582209955268] 146.891237780006
[7.03199389955262] 146.890623000627
[7.04852869955357] 146.889971913163
[7.06525539955328] 146.889288586981
[7.08135709955241] 146.888664859241
[7.0987818995527] 146.887930819699
[7.11562429955302] 146.887247242078
[7.13217769955372] 146.886595909312
[7.14956419955342] 146.885847119429
[7.16541159955341] 146.885258036951
[7.18260599955283] 146.884556019967
[7.19801289955285] 146.883969149248
[7.21593169955304] 146.883191742895
[7.23271379955258] 146.882538429024
[7.24877589955213] 146.881921293337
[7.26563239955249] 146.881224945371
[7.28210699955343] 146.880573216542
[7.29827899955308] 146.879947146547
[7.3159473995529] 146.879193833193
[7.33268639955349] 146.878517956331
[7.34897969955273] 146.877878517291
[7.36534389955341] 146.87725368101
[7.38169529955303] 146.876611170727
[7.39947579955333] 146.87583688414
[7.41539199955332] 146.875238153696
[7.43230659955225] 146.874544635658
[7.44797109955289] 146.873946398526
[7.46507299955374] 146.873242934056
[7.4822767995538] 146.872532970153
[7.4991503995534] 146.871854800634
[7.51486749955257] 146.871257003559
[7.5316915995536] 146.87057340982
[7.54854419955336] 146.869889337376
[7.5657159995535] 146.869186070409
[7.58257819955361] 146.868503238969
[7.59848629955377] 146.86789167868
[7.61593559955327] 146.867144255092
[7.63163569955213] 146.866568813008
[7.64977399955387] 146.865751041998
[7.66532889955306] 146.865193353038
[7.68252009955359] 146.864458169728
[7.69810379955379] 146.863882348006
[7.71589339955244] 146.863115356634
[7.7315270995532] 146.862531233669
[7.74872569955369] 146.861823120372
[7.76575879955271] 146.86112020717
[7.7822463995526] 146.860478766009
[7.79824379955244] 146.859846532428
[7.81578649955372] 146.859101549752
[7.832119699553] 146.858478062232
[7.84922879955229] 146.857771640472
[7.8658496995522] 146.857109725786
[7.88166259955324] 146.856508974176
[7.89908759955324] 146.855770590679
[7.91568249955344] 146.855098998214
[7.93197879955369] 146.854470993605
[7.94927869955245] 146.853731353389
[7.96527449955283] 146.853143836067
[7.98276189955322] 146.852397819833
[7.99835059955331] 146.851812984228
[8.0161011995533] 146.851038369527
[8.03187059955235] 146.850462689203
[8.04834099955224] 146.849798921347
[8.06552679955348] 146.849089345993
[8.08164059955379] 146.848465137769
[8.09863689955273] 146.847766757827
[8.11611289955363] 146.847026670245
[8.13154019955255] 146.846449790868
[8.14906519955366] 146.845700669925
[8.16505599955235] 146.845111549718
[8.18203499955234] 146.844405029067
[8.19807909955307] 146.843771499725
[8.21517599955223] 146.843093572585
[8.23135639955217] 146.842459512225
[8.24822419955308] 146.841774514501
[8.26564309955211] 146.841040071225
[8.28227309955219] 146.840378491677
[8.29816509955344] 146.839780800931
[8.3154445995533] 146.839053487351
[8.33190969955285] 146.838403310137
[8.34870639955261] 146.837724502172
[8.36468119955316] 146.837103746343
[8.38115989955259] 146.836445689568
[8.39892159955343] 146.835682397042
[8.41606999955366] 146.834975183382
[8.43179929955295] 146.83438789933
[8.44877779955277] 146.833698786328
[8.4652822995522] 146.833050395853
[8.48146939955222] 146.832418177765
[8.49887669955388] 146.831677929829
[8.51504269955331] 146.831053008138
[8.53153039955214] 146.830387216351
[8.54868989955321] 146.829668229601
[8.56498969955283] 146.829041887668
[8.58126409955366] 146.828410566541
[8.59872349955367] 146.827671255301
[8.61546809955325] 146.827007783156
[8.63141329955215] 146.82640176522
[8.6485921995536] 146.82567503724
[8.66584649955257] 146.824966164116
[8.68270269955246] 146.824273332125
[8.69846079955278] 146.823683338091
[8.71520799955215] 146.823003551581
[8.73205399955259] 146.822314300049
[8.74932849955258] 146.824752425321
[8.7654897995526] 146.824101005613
[8.78154029955294] 146.823420303215
[8.79904179955338] 146.822626176208
[8.81584279955314] 146.821893026078
[8.83160369955294] 146.821259179965
[8.84862419955243] 146.820515606822
[8.86542509955325] 146.819784249381
[8.8828129995527] 146.818989615365
[8.89860609955213] 146.818362889273
[8.9159642995528] 146.81758472888
[8.93196569955217] 146.81692885448
[8.94910959955268] 146.816116081453
[8.96559599955253] 146.815459548279
[8.98177779955222] 146.814779366875
[8.99900379955216] 146.814008731917
[9.01553559955209] 146.813293743311
[9.03169269955288] 146.812632547462
[9.048310999553] 146.811910197736
[9.06535089955287] 146.811161998024
[9.08199939955375] 146.810450024273
[9.0988786995531] 146.809714130785
[9.11579289955262] 146.808981835263
[9.13144129955253] 146.808327229324
[9.14854729955368] 146.807566825923
[9.16533919955327] 146.806858220327
[9.18221139955313] 146.80611185835
[9.1990998995534] 146.805388601738
[9.21481249955286] 146.80474486736
[9.23202639955343] 146.803986714815
[9.24906559955343] 146.803224768373
[9.26604289955321] 146.802491037444
[9.28152469955239] 146.801874582078
[9.29851789955319] 146.801116598243
[9.31575489955321] 146.800355131407
[9.33298999955332] 146.79956521528
[9.34857949955222] 146.798933612037
[9.36516679955275] 146.798253130807
[9.38226369955373] 146.797477921297
[9.3989734995539] 146.805325965913
[9.41502849955214] 146.804554757998
[9.43203729955349] 146.803678034249
[9.44940059955297] 146.8027437349
[9.46526779955275] 146.801984636901
[9.48223939955278] 146.801100364085
[9.49945159955314] 146.800209498652
[9.51495629955389] 146.799476345865
[9.53171099955216] 146.798632205818
[9.54839539955356] 146.797774043242
[9.56484039955285] 146.796930411417
[9.58206929955304] 146.796045914046
[9.5987775995527] 146.795189623665
[9.61474639955304] 146.794429481895
[9.6319572995526] 146.793504077833
[9.64883169955283] 146.792653896913
[9.66539989955345] 146.791821263745
[9.68222879955283] 146.790946181805
[9.69769669955349] 146.802004895085
[9.71542959955332] 146.801243163282
[9.73208139955386] 146.800568214739
[9.74891439955354] 146.799857671991
[9.76495589955266] 146.799235085447
[9.78181289955319] 146.798519624181
[9.79816889955327] 146.797900980913
[9.81579859955309] 146.79711756403
[9.83187219955289] 146.796514553284
[9.84859149955264] 146.79583248091
[9.86525089955285] 146.795155316287
[9.88218499955292] 145.304299569598
[9.89863839955251] 145.303644084799
[9.9147756995535] 145.303001561627
[9.93188159955389] 145.302305970871
[9.94816359955257] 145.301644931573
[9.96610829955353] 145.300872395677
[9.98186509955303] 145.300277742511
[9.99889159955273] 145.299559334023
[10.0158822995527] 145.298840791736
[10.0317167995527] 145.298247378085
[10.0493085995531] 145.297504244958
[10.0646636995534] 145.296908435178
[10.0817407995528] 145.296220491383
[10.0992924995535] 145.295462668017
[10.1150337995532] 145.294864090924
[10.1321260995537] 145.294158086842
[10.1489465995528] 145.293451900418
[10.1648832995525] 145.292848152878
[10.1817191995524] 145.292157891722
[10.1981919995524] 145.291481614762
[10.2152048995522] 145.290795518938
[10.2323475995527] 145.290083476068
[10.2484721995534] 145.289442659927
[10.2652962995526] 145.288765977423
[10.2821007995535] 145.28807842643
[10.2990745995521] 145.28735372499
[10.3158624995522] 145.286693255117
[10.3325090995531] 145.286016028816
[10.3487373995522] 145.285370227971
[10.3661172995526] 145.284635532266
[10.3816528995521] 145.284044350681
[10.3986162995534] 145.283342972529
[10.4157538995532] 145.282618161871
[10.4323991995534] 145.281967651511
[10.4491931995526] 145.281273705465
[10.4648069995528] 145.280664241603
[10.4817654995531] 145.279985585788
[10.4990169995526] 145.279246325634
[10.5150809995539] 145.278621985749
[10.5329890995527] 145.277856543569
[10.5493369995529] 145.277187516074
[10.5648673995529] 145.276618304728
[10.5820588995539] 145.275872166847
[10.5989970995524] 145.27519972185
[10.6160185995523] 145.274477068043
[10.6317079995533] 145.273896457664
[10.6493149995531] 145.273134920167
[10.6662850995526] 145.272431706673
[10.6825788995538] 145.271776158143
[10.6982463995537] 145.271187855329
[10.7154741995528] 145.27046978145
[10.7318096995532] 145.269825026687
[10.7483922995525] 145.269127452025
[10.7661003995527] 145.268392781912
[10.7823098995523] 145.267723165229
[10.7994235995538] 145.267042655346
[10.8147662995525] 145.266473920257
[10.8316685995524] 145.265753847123
[10.8489674995526] 145.265041404836
[10.8645497995531] 145.26443481024
[10.8819947995526] 145.263713020023
[10.899299699553] 145.262985166084
[10.9147934995526] 145.262394492734
[10.9324401995527] 145.261651895606
[10.9493867995534] 145.260928478579
[10.9649253995522] 145.260354994683
[10.9824828995534] 145.259609223373
[10.9989803995522] 145.258945888477
[11.0159222995535] 145.258222370785
[11.0320581995529] 145.257612991754
[11.0487195995538] 145.256946141165
[11.0653776995532] 145.256264027305
[11.0824540995527] 145.255532347487
[11.0981985995531] 145.254952165631
[11.1149648995524] 145.254264148514
[11.1315790995523] 145.253596169698
[11.1483933995532] 145.252898751606
[11.165344899553] 145.252213815867
[11.182084299553] 145.251516125925
[11.1992486995532] 145.252695432109
[11.2160914995529] 145.251992384149
[11.2317424995526] 145.251397724193
[11.248666599553] 145.250723685335
[11.2651604995535] 145.250059482137
[11.2829137995523] 145.249294967311
[11.2985727995529] 145.248707050943
[11.3147556995536] 145.248076262282
[11.3330822995522] 145.247255837901
[11.3487793995537] 145.246675930149
[11.3660586995538] 145.245957031926
[11.3816787995529] 145.245364508084
[11.3994276995527] 145.2445980923
[11.4151031995534] 145.243998471193
[11.4322729995529] 145.243300853557
[11.4485191995536] 145.242650899839
[11.4659241995523] 145.241929515293
[11.4816393995534] 145.241322509582
[11.4981450995529] 145.240669977282
[11.5156493995528] 145.239937023053
[11.532695799553] 145.239231318136
[11.5489328995536] 145.238586285298
[11.5655886995537] 145.237923675733
[11.5824341995522] 145.237228986673
[11.5994253995523] 145.236529602423
[11.6154683995537] 145.235905612361
[11.6316885995529] 145.235282740108
[11.6490209995536] 145.234545123747
[11.6648697995533] 145.233933075056
[11.6821235995521] 145.233217415918
[11.6989724995528] 145.232532582506
[11.7151626995528] 145.231899855932
[11.7315134995533] 145.231246004655
[11.748933199553] 145.230510582049
[11.7654040995531] 145.229863708065
[11.7817464995533] 145.229226845465
[11.7978763995525] 145.228580303554
[11.8152896995525] 145.227851971443
[11.832587199553] 145.227144572349
[11.8485390995538] 145.226524103248
[11.8652159995527] 145.225848877318
[11.8823173995534] 145.225133500985
[11.8983343995533] 145.224519589478
[11.9153648995525] 145.223819349847
[11.9326111995524] 145.223099000455
[11.9480953995535] 145.222510609088
[11.9654012995525] 145.221804722478
[11.9828179995529] 145.221065644587
[11.9986757995539] 145.22045750473
[12.0147874995528] 145.219840005913
[12.0326948995535] 145.219058905482
[12.0482500995531] 145.218481406007
[12.0653158995538] 145.217768555402
[12.0821849995536] 145.217085941338
[12.0993578995531] 145.216374799682
[12.1149284995536] 145.21578944371
[12.1318197995533] 145.215089993686
[12.1484579995522] 145.228422376373
[12.1652925995531] 145.22771171684
[12.1818713995526] 145.227039965091
[12.1998120995522] 145.226264412888
[12.2151561995524] 145.225682539754
[12.2318080995537] 145.2250190197
[12.2485575995524] 145.224323959182
[12.2653742995535] 145.223634763102
[12.2826276995529] 145.222897047277
[12.2990209995532] 145.222260231611
[12.3148229995531] 145.221634085005
[12.3316586995534] 145.220947349054
[12.3484637995534] 145.220264678976
[12.3655489995526] 145.219538879369
[12.3825468995528] 145.218850028069
[12.3981007995535] 145.218236359213
[12.4152613995539] 145.217524132093
[12.4314055995528] 145.216884994852
[12.4483474995523] 145.216197275469
[12.4648832995535] 145.215512978947
[12.4826133995539] 145.214747467846
[12.4987773995526] 145.214127322794
[12.5159376995525] 145.213395708446
[12.5315086995524] 145.212797905724
[12.5484589995522] 145.212093923322
[12.5653342995538] 145.211409176905
[12.5820424995527] 145.210720612947
[12.5994013995532] 145.209972210252
[12.6149450995526] 145.209393304856
[12.6322192995522] 145.208669550797
[12.6490291995524] 145.20797449877
[12.6648696995526] 145.207358806977
[12.6817900995538] 145.206668083584
[12.6994583995529] 145.205895454312
[12.7148950995525] 145.205318187767
[12.7322354995522] 145.20457480596
[12.7491678995539] 145.203870890037
[12.7648684995529] 145.203291962281
[12.7817974995523] 145.202565623642
[12.7993579995527] 145.201827882625
[12.8148394995533] 145.201252762376
[12.8312067995521] 145.200598527489
[12.8482670995527] 145.199859971007
[12.8655602995532] 145.199137730263
[12.8816846995524] 145.19850941485
[12.898695799553] 145.197800762818
[12.9152291995524] 145.197137798663
[12.9319985995535] 145.196443463706
[12.9484965995525] 145.195787724705
[12.9652842995529] 145.195089793308
[12.9822830995527] 145.194383328523
[12.998289399553] 145.193764817574
[13.0151296995537] 145.193063197352
[13.031935899553] 145.192383758666
[13.0489754995524] 145.191663583306
[13.0647889995525] 145.191044302443
[13.0815820995522] 145.190377573714
[13.0981674995528] 145.189697686803
[13.1149001995527] 145.189010369524
[13.1316906995526] 145.188305831509
[13.1490701995535] 145.187568659518
[13.1650850995538] 145.186944576881
[13.1820625995533] 145.186249871283
[13.1998911995524] 145.185467050064
[13.2156469995534] 145.18486138673
[13.2318011995521] 145.184231895451
[13.2492304995521] 145.183474649193
[13.2655298995523] 145.182834769144
[13.2824920995536] 145.182124326951
[13.2982528995526] 145.181535153917
[13.3153657995535] 145.180807264553
[13.3316765995532] 145.180154444723
[13.3489283995532] 145.179418299624
[13.3661975995528] 145.204376809415
[13.3823238995537] 145.203636258838
[13.3982701995537] 145.202877084484
[13.4160191995525] 145.201944879433
[13.4317376995532] 145.201230249706
[13.4488767995535] 145.200365365926
[13.4655792995527] 145.199565938659
[13.4826744995535] 145.198683269779
[13.4981527995533] 145.197997430863
[13.5155593995532] 145.197107963485
[13.5324090995528] 145.196244662679
[13.5487764995523] 145.195475162689
[13.5658548995525] 145.194620074123
[13.5817433995526] 145.193898822857
[13.5985940995524] 145.193049463756
[13.6163466995531] 145.192144726429
[13.6314644995527] 145.191457140559
[13.6485146995528] 145.190609737949
[13.6656610995524] 145.18975156505
[13.6823647995534] 145.188917924337
[13.6982953995539] 145.188196197597
[13.7151671995525] 145.207130859723
[13.7320800995531] 145.206312028866
[13.7492095995531] 145.208809797343
[13.7651655995523] 145.208133728024
[13.7819889995535] 145.207349762273
[13.7988014995535] 145.206604616804
[13.8146196995531] 145.205945079612
[13.8317545995524] 145.205135318091
[13.8492016995533] 145.204323474709
[13.8659846995524] 145.203556248359
[13.8820441995522] 145.202876739926
[13.8993333995531] 145.202081488409
[13.9151809995528] 145.201409098613
[13.9322671995524] 145.200614531568
[13.9493125995523] 145.199827682152
[13.9648585995528] 145.199185578835
[13.9820084995536] 145.198403294488
[13.9985024995531] 145.197653112412
[14.0151456995536] 145.196933128744
[14.0323064995537] 145.196130166807
[14.0492992995532] 145.195347268681
[14.0644718995536] 145.194716433043
[14.0821140995522] 145.193896622223
[14.0993883995525] 145.193090982946
[14.1153293995521] 145.192411117755
[14.1326997995529] 145.191595105512
[14.1486249995523] 145.190917828638
[14.1660152995537] 145.190116549094
[14.1817683995523] 145.189456324595
[14.1982144995527] 145.188714089596
[14.2149949995528] 145.18796914549
[14.2325431995523] 145.212202474233
[14.2484673995532] 145.211598365674
[14.2656834995523] 145.210881918685
[14.2824457995539] 145.210190772386
[14.2981375995532] 145.209596917015
[14.3150184995538] 145.208924333252
[14.3327999995527] 145.208144948282
[14.3487013995527] 145.207539915646
[14.3656469995531] 145.206861317953
[14.381721099553] 145.206239425058
[14.3980217995522] 145.205570324313
[14.4145569995526] 145.204932884541
[14.4314726995526] 145.204240161577
[14.4487219995535] 145.203520335864
[14.4656961995533] 145.202829753075
[14.4824471995526] 145.202143025002
[14.4980913995532] 145.201564702603
[14.5159469995524] 145.200794213695
[14.5315503995535] 145.200216914045
[14.5483799995527] 145.199525130895
[14.5654193995524] 145.198801918342
[14.5827565995532] 145.198092900161
[14.5983764995526] 145.197507926562
[14.6144935995526] 145.196876790992
[14.6316846995524] 145.196172198294
[14.6489592995531] 145.195453954636
[14.6649331995523] 145.194838734873
[14.6814411995529] 145.194183427692
[14.6987394995522] 145.193459763933
[14.7156127995531] 145.192780000965
[14.7313898995526] 145.192160498636
[14.7487131995531] 145.191436834898
[14.7649262995528] 145.190815592147
[14.782047699553] 145.190082053323
[14.7999277995532] 145.189335147781
[14.8149021995523] 145.188786553445
[14.8317442995522] 145.188107680708
[14.8485821995528] 145.187424910315
[14.8650529995539] 145.186769046451
[14.8815781995527] 145.186117216605
[14.8990581995531] 145.185385879967
[14.9149399995531] 145.184781221654
[14.9318488995523] 145.184087231381
[14.9489198995525] 145.183366230306
[14.9648540995531] 145.182770996765
[14.9827212995533] 145.181993171543
[14.9986652995522] 145.181382188962
[15.0157075995521] 145.180671631945
[15.0322374995521] 145.180036354479
[15.0482243995539] 145.179408421436
[15.0651301995531] 145.178730390043
[15.0830347995525] 145.177938207959
[15.0986092995536] 145.177351874164
[15.1146577995532] 145.176729012591
[15.1320926995522] 145.176017544545
[15.148961199553] 145.175308418931
[15.1652850995524] 145.174678788219
[15.1825705995525] 145.173960519712
[15.1995849995528] 145.173251187343
[15.214965399553] 145.172684397929
[15.2321436995535] 145.171985678949
[15.2490950995525] 145.176209643073
[15.2650878995537] 145.17560950237
[15.282755999553] 145.17483669741
[15.2984292995534] 145.174265726605
[15.3155543995526] 145.173556629351
[15.3329509995528] 145.172832984885
[15.3483023995523] 145.172251940257
[15.3660836995532] 145.171500987322
[15.3818239995526] 145.17091076115
[15.3986972995535] 145.170219199607
[15.4153851995525] 145.169541639429
[15.4321042995525] 145.168857433333
[15.4492452995528] 145.168163234231
[15.4659689995533] 145.167492367938
[15.4819096995525] 145.166878115804
[15.4981291995537] 145.166256785121
[15.5152385995534] 145.165542540198
[15.5320947995533] 145.164869728012
[15.5494764995528] 145.164114075023
[15.5655203995539] 145.1635105933
[15.5813979995528] 145.162912358628
[15.5984610995529] 145.162206479481
[15.6150137995537] 145.161554846316
[15.6319111995526] 145.16085939602
[15.6487896995532] 145.160185078214
[15.6649350995522] 145.159533674689
[15.6824526995533] 145.158796371838
[15.6983625995526] 145.158198721282
[15.7148943995526] 145.157544670528
[15.7317672995523] 145.156850021744
[15.7485292995534] 145.156187206609
[15.7649493995523] 145.155540900068
[15.7818478995523] 145.154839817976
[15.7991944995538] 145.154120939191
[15.8147734995528] 145.15354395552
[15.8325131995534] 145.152773950773
[15.8481967995522] 145.152176254706
[15.8657882995522] 145.151443048497
[15.8817829995533] 145.150837469185
[15.899570599553] 145.150051508609
[15.9156762995535] 145.149434269652
[15.9326722995538] 145.148740519973
[15.9484760995529] 145.148138165617
[15.9656211995534] 145.147448079931
[15.9823197995538] 145.146774760727
[15.9996141995525] 145.146040100587
[16.0150024995528] 145.14548654852
[16.031990599553] 145.144769814155
[16.0490025995532] 145.144095166007
[16.0666829995534] 145.143331775617
[16.0816498995537] 145.142799803716
[16.0981727995531] 145.142143195728
[16.1152198995533] 145.141429464715
[16.1327085995526] 145.140708271775
[16.1482570995522] 145.140128064537
[16.1659140995525] 145.139364314075
[16.181923999553] 145.138760809588
[16.1991115995534] 145.138040016402
[16.2163136995532] 145.145539201085
[16.2317792995527] 145.14496125887
[16.2494525995535] 145.144194113026
[16.2648772995526] 145.143607900879
[16.2824906995538] 145.142859608577
[16.2984358995527] 145.14226426436
[16.3151398995524] 145.14154746995
[16.3319472995536] 145.140895588781
[16.3489554995522] 145.14019147607
[16.364699099553] 145.139612263113
[16.3815645995528] 145.138921641891
[16.3986621995537] 145.138221695585
[16.4152418995527] 145.137549690267
[16.4327195995538] 145.136821963274
[16.4487022995527] 145.136203406385
[16.465590799553] 145.135502333128
[16.4828089995535] 145.134776172979
[16.4987522995525] 145.134184946434
[16.5153319995534] 145.133519995806
[16.5320288995536] 145.132833631232
[16.549012599553] 145.132125248753
[16.5650885995528] 145.131527255303
[16.5823712995534] 145.130792090117
[16.5990727995522] 145.130129253272
[16.6161434995538] 145.129406021353
[16.6318381995534] 145.128818092544
[16.6491636995524] 145.128100182863
[16.6648985995525] 145.127492146571
[16.6823159995529] 145.126754426022
[16.6993301995535] 145.12607732779
[16.7151640995526] 145.125465884324
[16.7324298995536] 145.124754040119
[16.7494665995528] 145.124027184889
[16.7652909995522] 145.123445126342
[16.7812257995538] 145.122830304709
[16.7985310995537] 145.122101009234
[16.8155560995529] 145.12139511409
[16.8326985995536] 145.120702956704
[16.8479341995535] 145.120138494926
[16.8659373995524] 145.119354185568
[16.8821064995536] 145.118715707595
[16.8991669995521] 145.118027085957
[16.9150525995537] 145.117408706746
[16.9324517995537] 145.116685223946
[16.9481807995526] 145.116086751598
[16.9652058995525] 145.115378013357
[16.9818214995521] 145.114712341183
[16.9987529995524] 145.114023646244
[17.0158231995538] 145.113304003491
[17.0319781995531] 145.112696128017
[17.0484985995536] 145.112034235144
[17.0656165995533] 145.111317424141
[17.0821089995534] 145.110653210587
[17.0981102995538] 145.110042619881
[17.1157066995529] 145.109298334859
[17.1327262995528] 145.108593801412
[17.1480259995533] 145.108032642451
[17.1654064995528] 145.107313383111
[17.1815013995529] 145.106688495522
[17.199243899553] 145.105911921602
[17.2158700995533] 145.105241212697
[17.2321056995534] 145.104620489875
[17.2490301995531] 145.108605200985
[17.2649096995538] 145.107974562376
[17.2817405995538] 145.107262653777
[17.2988839995523] 145.106543628926
[17.3157565995534] 145.105818031976
[17.3315475995532] 145.105200669504
[17.3484397995526] 145.104461193407
[17.3650722995535] 145.103791992938
[17.3818344995525] 145.103083355765
[17.3981488995523] 145.102428464986
[17.4151600995538] 145.111358025126
[17.4325179995521] 145.110448710321
[17.448823699553] 145.109646444225
[17.4657516995521] 145.108784334834
[17.4822928995527] 145.10793909948
[17.4984342995522] 145.1071368351
[17.5158226995536] 145.106253334096
[17.532198199553] 145.1054491209
[17.5492310995523] 145.104549466565
[17.5649270995527] 145.103822473841
[17.5822308995521] 145.102928408833
[17.5995475995533] 145.101998923853
[17.6151412995532] 145.101279511103
[17.6323838995522] 145.100390055168
[17.6484060995535] 145.099592110578
[17.6655441995536] 145.104793781426
[17.6825982995524] 145.103874749671
[17.6986568995526] 145.113803896504
[17.7149769995522] 145.113092675626
[17.7330473995535] 145.112226609438
[17.7485040995525] 145.111587745637
[17.7653842995533] 145.110819559238
[17.7824726995532] 145.11004677515
[17.7983743995537] 145.109376484258
[17.8150144995525] 145.108630288167
[17.8321373995532] 145.107855168574
[17.8484267995536] 145.107147082212
[17.8650103995533] 145.106413550321
[17.8819683995534] 145.105639377011
[17.8992410995525] 145.1048339873
[17.9149016995525] 145.104195380866
[17.9317547995524] 145.103415598076
[17.9492018995534] 145.104869441124
[17.9658050995531] 145.104227188013
[17.9818043995529] 145.103606434901
[17.9991693995526] 145.102889317138
[18.0158925995529] 145.102192564002
[18.0316932995538] 145.10160690125
[18.0492689995535] 145.100873139337
[18.0652806995531] 145.100251876145
[18.0822619995524] 145.09954110772
[18.0981137995532] 145.098956428091
[18.1148773995537] 145.098279722059
[18.1323097995537] 145.097545893013
[18.1486586995525] 145.096898866491
[18.1656955995531] 145.096208029299
[18.1824831995527] 145.095508242867
[18.1997972995523] 145.094798954179
[18.2149303995539] 145.094246055995
[18.2320314995522] 145.093540340114
[18.2492316995522] 145.092821642998
[18.2655577995538] 145.092188305405
[18.2818656995532] 145.091551066085
[18.2990258995524] 145.090845325581
[18.3149223995533] 145.090245570211
[18.3321544995524] 145.089527288763
[18.3494418995524] 145.08880112053
[18.3645702995527] 145.088256934189
[18.3822940995524] 145.087503240531
[18.3993691995529] 145.086796246948
[18.414788299553] 145.086221754523
[18.4322864995538] 145.085488446401
[18.4491944995534] 145.084805025447
[18.4659708995532] 145.084131454747
[18.4824024995523] 145.08345921202
[18.4982830995523] 145.082872918442
[18.5157708995539] 145.082118722017
[18.5320047995538] 145.081500424519
[18.5488021995534] 145.080807808726
[18.5654827995531] 145.0801523114
[18.5819903995525] 145.079497639797
[18.5993354995535] 145.078776578762
[18.6147218995538] 145.078202420548
[18.6318234995524] 145.077494048565
[18.6482073995521] 145.076838249186
[18.6660696995532] 145.076073245754
[18.6818536995524] 145.075478728467
[18.6985301995537] 145.074802183797
[18.7148032995538] 145.07416763565
[18.7318034995533] 145.073473917255
[18.7484036995538] 145.072807389153
[18.7653608995533] 145.072119646985
[18.7822830995538] 145.071426173501
[18.7994224995527] 145.070727215704
[18.8149101995532] 145.07014795431
[18.8320271995526] 145.069436002684
[18.8481107995522] 145.068817064661
[18.8667490995522] 145.067966594523
[18.8815910995527] 145.067449800296
[18.8992461995531] 145.066703048651
[18.9149087995538] 145.066110843799
[18.9325140995534] 145.065358188716
[18.9495085995532] 145.064664404868
[18.9652849995528] 145.064071263421
[18.9814830995529] 145.06344041401
[18.9987778995528] 145.062717719408
[19.0159115995539] 145.062003199538
[19.0322611995525] 145.061372568256
[19.0483845995532] 145.060745266883
[19.0657996995524] 145.060021278974
[19.0819447995527] 145.059384329455
[19.0992382995537] 145.058667992282
[19.1157356995536] 145.058028934897
[19.1321391995534] 145.057373008535
[19.1492771995527] 145.056640993522
[19.1648203995537] 145.056080372884
[19.1816649995526] 145.055399115684
[19.1981566995528] 145.054738070571
[19.2160418995536] 145.053956460562
[19.2326605995531] 145.053302503085
[19.2481070995527] 145.052721597999
[19.2654821995529] 145.052004239222
[19.2826442995538] 145.051279182468
[19.2980632995532] 145.050728579711
[19.3159143995526] 145.049946856958
[19.3318388995522] 145.04934327379
[19.3493804995524] 145.04858493123
[19.3660602995533] 145.047935661815
[19.3815429995539] 145.047356811114
[19.3995022995532] 145.046584660634
[19.4152716995522] 145.045991451218
[19.4324037995539] 145.045276956178
[19.448144299553] 145.044668997936
[19.4661533995531] 145.043911850927
[19.4824373995525] 145.043246931772
[19.4982019995532] 145.042665428416
[19.5155602995528] 145.041931128613
[19.5322286995524] 145.041272848351
[19.5481015995538] 145.040671640766
[19.5653213995538] 145.039950171529
[19.5826955995526] 145.039220043783
[19.5989836995523] 145.038587268302
[19.6159333995529] 145.037879771318
[19.6320537995525] 145.037268481199
[19.6479339995531] 145.036650815971
[19.6656901995539] 145.035897224354
[19.6821177995535] 145.035243155778
[19.6982782995528] 145.034621954404
[19.7154628995522] 145.03391580185
[19.7324588995525] 145.033234050599
[19.7481265995539] 145.032636966339
[19.7657233995524] 145.031887669235
[19.7815166995533] 145.031278708568
[19.7991594995528] 145.030545417219
[19.8149296995525] 145.029934004337
[19.8318944995535] 145.029249204025
[19.8480221995524] 145.028633264638
[19.8648565995536] 145.027930487884
[19.8825831995528] 145.027172077013
[19.8984067995534] 145.026586294193
[19.9157786995529] 145.025856937356
[19.9326904995523] 145.025170504262
[19.948750599553] 145.024543187313
[19.9648088995527] 145.023939809875
[19.9825260995531] 145.023178422889
[19.9994921995531] 145.022485962135
[20.0148137995529] 145.021915559177
[20.0315272995522] 145.021235095317
[20.0487370995525] 145.020525748691
[20.0731965995528] 145.018852886662
[20.0848156995526] 145.01864558446
[20.0983276995521] 145.018153254478
[20.1145811995539] 145.017539176883
[20.1316227995521] 145.016842284353
[20.1475344995524] 145.0162268221
[20.1665547995526] 145.015282799075
[20.1826804995526] 145.014721252449
[20.2004884995531] 145.013968563295
[20.2107526995533] 145.013736198617
[20.2329561995539] 145.012452797772
[20.2474490995537] 145.01188063011
[20.2649287995537] 145.011109711786
[20.2820952995535] 145.010527699663
[20.2990015995529] 145.009751561549
[20.3150794995527] 145.009202304638
[20.3331197995522] 145.008373917792
[20.3485017995536] 145.008771210626
[20.3645558995522] 145.008144643945
[20.3815715995534] 145.007419295428
[20.3990786995528] 145.006650732996
[20.4161470995532] 145.005915758866
[20.4325559995523] 145.005248959945
[20.4495124995537] 145.004534918038
[20.4652208995522] 145.003923344086
[20.4826470995522] 145.003136982842
[20.4984721995534] 145.002530831345
[20.5154674995538] 145.0018030166
[20.5323793995522] 145.001020283089
[20.5492751995534] 145.000337237945
[20.5648358995531] 144.999742106121
[20.5818180995539] 144.999023504977
[20.5990754995528] 144.998284973148
[20.6150179995529] 144.997645228717
[20.6325493995537] 144.996877790149
[20.6481565995527] 144.996269797817
[20.6658982995523] 144.995475987348
[20.6823741995522] 144.994784775126
[20.6985726995536] 144.994136972579
[20.7157305995534] 144.99340728632
[20.7319418995521] 144.992753692513
[20.7485561995527] 144.992048078982
[20.7649949995539] 144.991383845868
[20.7816359995522] 144.990665601668
[20.7982911995532] 144.989965562221
[20.815183699553] 144.989261167969
[20.8326316995535] 144.988502703417
[20.8488615995539] 144.987849838315
[20.8657964995527] 144.987122912397
[20.8819628995534] 144.986465273215
[20.8994411995536] 144.999644793647
[20.9151969995528] 144.998975423646
[20.9314624995532] 144.998256885504
[20.948881499553] 144.997409010658
[20.9650497995535] 144.996720105064
[20.9823680995523] 144.995893853039
[20.9989226995531] 144.995156138245
[21.0156426995527] 144.99434363516
[21.0320169995539] 144.993649104361
[21.0480294995523] 144.992957979826
[21.0655339995537] 144.992120178966
[21.082218599553] 144.991344069952
[21.0985396995529] 144.990632384062
[21.1153727995534] 144.989872986256
[21.1324210995535] 144.989023431119
[21.1483331995532] 144.988371550196
[21.1655537995539] 144.987562526939
[21.1825734995527] 144.986789524537
[21.1982127995525] 144.986124370239
[21.2153094995538] 144.985306979048
[21.2324749995532] 144.984529059242
[21.2482219995527] 144.992119845922
[21.2663205995523] 144.99116912006
[21.2819520995527] 144.99047264303
[21.2979374995539] 144.989730591205
[21.3149769995525] 144.988904018391
[21.3321433995534] 144.988070752511
[21.3494841995525] 144.987183109368
[21.3644888995532] 144.986563475764
[21.3816547995539] 144.985698950289
[21.3982592995526] 144.984925360113
[21.4151623995531] 144.984093366761
[21.4324801995535] 144.983244189592
[21.4482766995534] 144.982517203911
[21.4650258995534] 144.98172278051
[21.4817057995533] 144.980903983189
[21.4994724995522] 144.98000861768
[21.5148839995527] 144.97931642012
[21.5322427995525] 144.978473864832
[21.5490986995537] 144.977642489969
[21.5649014995524] 144.97693505304
[21.5829271995535] 144.976010727667
[21.5981184995526] 144.975346229105
[21.6152186995532] 144.974499916104
[21.6319693995538] 145.387977854029
[21.6489722995539] 145.387154674154
[21.6661444995534] 145.3863022695
[21.6816494995528] 145.385614026313
[21.6987874995539] 145.384765625526
[21.7158491995524] 145.383942875079
[21.7314716995534] 145.392168085036
[21.7490832995536] 145.391306702112
[21.7659921995528] 145.390573496138
[21.7827866995522] 145.389808061885
[21.7984323995533] 145.38915485523
[21.8155000995539] 145.40957638068
[21.8316052995524] 145.408973395542
[21.8486499995524] 145.408257621825
[21.8649845995533] 145.407623397473
[21.8826613995534] 145.406858913307
[21.8987198995528] 145.406245915463
[21.9154355995524] 145.405573526718
[21.9323061995528] 145.404896266915
[21.9492088995521] 145.404185857046
[21.9651397995531] 145.403593610791
[21.9815504995531] 145.402926340147
[21.9987725995525] 145.402228919585
[22.0155470995524] 145.401530752931
[22.032677399553] 145.400839614936
[22.0488731995538] 145.400214838997
[22.0660477995534] 145.399488477862
[22.0820406995535] 145.398870133963
[22.0986973995532] 145.398219606236
[22.1154604995536] 145.397540333218
[22.1329415995533] 145.396786260073
[22.1481382995535] 145.396230719972
[22.1659835995524] 145.395476135296
[22.1823129995537] 145.394839923635
[22.1988271995524] 145.394170180826
[22.2160083995532] 145.393445274895
[22.2315275995534] 145.392885761687
[22.248942999553] 145.392146702648
[22.2647975995533] 145.391546222968
[22.2824890995525] 145.390772716503
[22.2982830995534] 145.390189217097
[22.3153731995535] 145.38947778913
[22.3321306995531] 145.388795518807
[22.3492169995534] 145.388086911733
[22.3656261995529] 145.387458701139
[22.3813607995526] 145.386841175162
[22.399394299553] 145.386081344939
[22.4148553995528] 145.385509856956
[22.4325942995529] 145.384739119716
[22.4494539995521] 145.384054243816
[22.4648711995524] 145.383476795488
[22.4823211995536] 145.382733341336
[22.4993727995534] 145.382049415736
[22.5145164995538] 145.381502970141
[22.5327174995527] 145.380689501049
[22.5494017995534] 145.380010316796
[22.5649721995524] 145.379440290066
[22.5819768995534] 145.378751525133
[22.5991945995538] 145.378017857922
[22.6151698995527] 145.377403991165
[22.6321598995528] 145.376726084744
[22.6490412995536] 145.376016080279
[22.6661643995521] 145.375319594272
[22.681981099553] 145.37471554129
[22.6992731995524] 145.374001162386
[22.7153537995528] 145.373378061438
[22.7319253995538] 145.372715314324
[22.7492709995531] 145.371973848124
[22.7652635995528] 145.371376825049
[22.7821075995525] 145.370674838616
[22.7982198995524] 145.37005569147
[22.8149506995524] 145.369392984319
[22.8323086995533] 145.368672343433
[22.8491746995533] 145.367988864314
[22.8653914995539] 145.367340385862
[22.882603299553] 145.366610766317
[22.8984790995528] 145.366029267521
[22.915686499553] 145.365303910144
[22.9314390995532] 145.364696235068
[22.9490297995526] 145.363947599746
[22.9647995995529] 145.363373801332
[22.9825036995535] 145.362599111481
[22.998547399553] 145.361984175005
[23.0154826995531] 145.361283931344
[23.0325363995526] 145.360600371079
[23.0484888995525] 145.359974228633
[23.0649005995529] 145.359342308676
[23.0818357995522] 145.358646289536
[23.0985031995533] 145.35797433545
[23.1156927995526] 145.357268824101
[23.1326098995523] 145.35658008361
[23.1492709995528] 145.355889223097
[23.1649594995524] 145.355313586324
[23.1818412995526] 145.354628889226
[23.199010499553] 145.353901239019
[23.2151895995521] 145.353267843238
[23.232628099553] 145.35253969046
[23.2488867995526] 145.35190005205
[23.2652459995534] 145.351263926449
[23.2820025995534] 145.350576627347
[23.2982125995532] 145.34996266821
[23.3152218995529] 145.349256777483
[23.3326656995523] 145.348531528839
[23.3478958995529] 145.347974223812
[23.3652092995526] 145.347252257139
[23.382448499553] 145.346536018291
[23.3981271995526] 145.345933170366
[23.4152440995531] 145.345230451752
[23.4322715995531] 145.344536331454
[23.4481550995533] 145.34393179778
[23.4651179995526] 145.343237456716
[23.4818168995535] 145.342561965039
[23.499370599553] 145.341824913464
[23.5150348995521] 145.341232070375
[23.5323433995527] 145.340498176194
[23.5484033995526] 145.339880086987
[23.5654637995522] 145.339167416439
[23.5828877995536] 145.3384443734
[23.5987380995539] 145.33783580265
[23.6146576995525] 145.337240772913
[23.6319374995528] 145.336515081035
[23.6487799995539] 145.335825762045
[23.6656831995533] 145.33515093996
[23.6818973995523] 145.334503307223
[23.6991296995529] 145.333792740136
[23.7146775995534] 145.333203195625
[23.7316296995523] 145.332523631107
[23.7487268995537] 145.331799936644
[23.7648037995532] 145.331198094543
[23.7817672995534] 145.330473765148
[23.799376899553] 145.329742391867
[23.8152123995533] 145.329095525128
[23.8321770995535] 145.328440213935
[23.8489921995533] 145.327778153923
[23.8664545995525] 145.327023782454
[23.8818655995528] 145.326458570707
[23.8987411995531] 145.325787606086
[23.9160143995523] 145.325065055433
[23.9329518995528] 145.324366913324
[23.9486897995539] 145.348925294824
[23.9661223995536] 145.348162301094
[23.9819490995524] 145.347525150781
[23.9983153995527] 145.346850093847
[24.0151450995527] 145.346135338092
[24.0327577995522] 145.345357471176
[24.0493275995523] 145.344663134182
[24.0661845995528] 145.343940372833
[24.081870299553] 145.34331347225
[24.0994755995525] 145.342531991474
[24.1152393995526] 145.341911127858
[24.1316710995525] 145.341230665052
[24.1490513995523] 145.340445348098
[24.1659412995523] 145.339744729206
[24.1819693995531] 145.339095749014
[24.1990805995538] 145.33833671256
[24.2150098995535] 145.337698117167
[24.2322988995529] 145.33695704828
[24.2491730995534] 145.336222302959
[24.2650500995533] 145.335591015855
[24.2819738995531] 145.334847425795
[24.2994953995531] 145.334085724015
[24.3161170995536] 145.333403842529
[24.3319253995523] 145.332757759822
[24.3481752995522] 145.33206814193
[24.3656539995536] 145.331328691517
[24.3826049995532] 145.330600045675
[24.3989422995528] 145.329930670805
[24.4155673995538] 145.329208064464
[24.4322731995526] 145.328515863878
[24.4480170995521] 145.327896205096
[24.4652127995523] 145.327152181961
[24.4821888995539] 145.326398839577
[24.4991480995523] 145.325684238379
[24.5162128995526] 145.324959904411
[24.5328581995527] 145.324246985447
[24.548352799553] 145.323634564788
[24.5659183995522] 145.322873004167
[24.5822664995521] 145.322198874012
[24.5995235995524] 145.321429050548
[24.6159637995534] 145.320748672216
[24.6325191995529] 145.320068866117
[24.6495190995538] 145.319329883476
[24.6649521995532] 145.318732169385
[24.681855199553] 145.318003567397
[24.6992778995536] 145.317228086819
[24.7153517995539] 145.316580193357
[24.7326720995534] 145.315831096614
[24.7481083995535] 145.315196386421
[24.7659340995524] 145.314427507251
[24.7821701995526] 145.313740577113
[24.7981334995529] 145.313107948328
[24.8157337995526] 145.312314699963
[24.831493099553] 145.311709209532
[24.8485068995524] 145.310963998697
[24.8657803995538] 145.34065758052
[24.8826435995525] 145.339836984185
[24.8995522995538] 145.339046028836
[24.9149777995535] 145.338380816596
[24.9320279995536] 145.337547449627
[24.9489358995525] 145.336728423724
[24.9659974995539] 145.33591883836
[24.9817361995538] 145.335209027771
[24.9996304995529] 145.334307470581
[25.0153359995529] 145.333600032191
[25.032561299553] 145.332777482664
[25.0493664995538] 145.331997263014
[25.0654700995528] 145.33126084843
[25.0814624995528] 145.330534490083
[25.0989895995535] 145.329668682222
[25.1147985995522] 145.328948842672
[25.1319539995529] 145.328116954411
[25.1492355995524] 145.327266530798
[25.1647562995531] 145.326609724291
[25.1821765995537] 145.325726250047
[25.1990045995535] 145.324947750842
[25.2153704995526] 145.32416698966
[25.2317738995534] 145.32341380614
[25.2491702995521] 145.322561295025
[25.2658857995539] 145.321770791145
[25.2825069995524] 145.320980608914
[25.2984926995523] 145.320274185547
[25.3156277995531] 145.31943887461
[25.3327920995525] 145.318611812538
[25.3491883995539] 145.342148885654
[25.3648562995531] 145.341559505562
[25.3820570995522] 145.340827739704
[25.3983000995522] 145.340181323198
[25.415947599553] 145.339413452428
[25.4317815995528] 145.338812980136
[25.4493496995528] 145.338049015912
[25.465207399553] 145.337437208664
[25.4820938995526] 145.336725371505
[25.4994810995522] 145.335990393298
[25.515350099553] 145.335379390989
[25.5323821995535] 145.334671706408
[25.548999699553] 145.333975110363
[25.5651124995529] 145.333361249806
[25.5819579995532] 145.332664686539
[25.5986818995534] 145.331974609377
[25.6158953995528] 145.331239410774
[25.6316901995524] 145.33065045647
[25.6483503995532] 145.329957803497
[25.6655515995535] 145.329231117356
[25.6824869995526] 145.328519188405
[25.6985970995538] 145.327876752559
[25.7153465995525] 145.327208299931
[25.7321109995537] 145.326515984581
[25.7493281995521] 145.325783643226
[25.7651474995528] 145.325177528351
[25.7813210995537] 145.32453754946
[25.7984800995528] 145.32381726185
[25.815855199553] 145.323069226848
[25.8319020995532] 145.322451358635
[25.8487237995523] 145.321756685994
[25.8655543995537] 145.321070738361
[25.8820202995521] 145.320385888678
[25.8988228995531] 145.319714033
[25.9156268995539] 145.319023372086
[25.9324967995526] 145.318316686467
[25.9481014995526] 145.317713327199
[25.9652148995538] 145.317012934343
[25.9818050995527] 145.316331308187
[25.9984970995538] 145.315646286709
[26.0151009995534] 145.314966318359
[26.0322969995523] 145.314259125204
[26.0495086995525] 145.313519643311
[26.0652286995537] 145.31291800501
[26.0819647995522] 145.312225138046
[26.0994059995537] 145.311484924091
[26.1151820995528] 145.310879995654
[26.1319917995534] 145.310183986201
[26.1493634995531] 145.309457916261
[26.1650289995523] 145.308860462426
[26.1817983995534] 145.308152286828
[26.1995600995524] 145.307374916333
[26.2148529995538] 145.306815531456
[26.2318554995527] 145.30610503862
[26.2487307995525] 145.30541880428
[26.2660131995526] 145.304671077877
[26.2826126995533] 145.30399103626
[26.2981468995531] 145.303418524508
[26.3154096995531] 145.302680250933
[26.3328390995539] 145.301944713215
[26.3493728995527] 145.301235962959
[26.3651747995536] 145.300649876631
[26.3831399995524] 145.299851952087
[26.3984369995524] 145.299271135198
[26.4156617995523] 145.298548779974
[26.4314644995538] 145.29794559019
[26.4484823995535] 145.297237839561
[26.4653386995524] 145.296542746609
[26.4816509995526] 145.295885623446
[26.4993118995535] 145.295120820562
[26.5155455995537] 145.294495187414
[26.5327579995537] 145.293757449618
[26.5492001995535] 145.293083662112
[26.5647371995528] 145.29250622719
[26.5815836995534] 145.291806712533
[26.5993880995538] 145.291028548009
[26.6149431995527] 145.290435043117
[26.6317498995522] 145.289725184399
[26.6493461995524] 145.288226442509
[26.6636682995522] 145.288108490891
[26.6829618995525] 145.287204638243
[26.6989873995535] 145.314798018566
[26.7146392995528] 145.314214363755
[26.731629799553] 145.313505459474
[26.7488797995538] 145.312773526705
[26.7659604995533] 145.312082538031
[26.7821139995522] 145.311436324308
[26.7981985995539] 145.310823411051
[26.8153746995522] 145.310096907155
[26.8326549995527] 145.309381092219
[26.8481356995526] 145.308804864477
[26.8653222995526] 145.308080355622
[26.8826649995535] 145.307343539914
[26.898215399553] 145.306772901371
[26.9151296995533] 145.306079169423
[26.9326991995531] 145.305328826927
[26.9479596995534] 145.304760824549
[26.9655019995535] 145.304023417409
[26.9813428995531] 145.303424720391
[26.999463999553] 145.302614156771
[27.0150558995538] 145.302040719597
[27.0314973995537] 145.301374882117
[27.0485017995525] 145.300674181876
[27.0660414995527] 145.299945083823
[27.0827240995532] 145.299253260443
[27.0981891995525] 145.298671371267
[27.1151527995535] 145.297974167759
[27.1314573995533] 145.297334629562
[27.1490365995523] 145.296578607455
[27.1661486995527] 145.295888616449
[27.1820224995536] 145.295272455291
[27.1986695995529] 145.294611243228
[27.2155084995538] 145.293906451085
[27.2324949995527] 145.293216885069
[27.2494271995529] 145.292527490687
[27.2661691995527] 145.291836461089
[27.2815892995532] 145.291260248319
[27.2985714995539] 145.290568547758
[27.3155765995525] 145.289859900328
[27.3327996995522] 145.289148325503
[27.3484534995532] 145.288542548933
[27.3648607995528] 145.287902050257
[27.3816763995528] 145.287226978257
[27.3990440995531] 145.286494894098
[27.4155377995521] 145.28582049309
[27.4314861995535] 145.285225696128
[27.4493695995534] 145.284445029402
[27.4649274995536] 145.283862073758
[27.4823234995529] 145.283113384199
[27.4981372995535] 145.282518769391
[27.5148324995534] 145.281844344093
[27.5315594995536] 145.281161698894
[27.5488270995538] 145.280428561814
[27.5660231995535] 145.279717302435
[27.5820167995535] 145.279105521263
[27.5984310995536] 145.278452128271
[27.6149216995527] 145.277793218905
[27.6317335995536] 145.277114941141
[27.6490492995526] 145.276386481605
[27.6656857995531] 145.275712177606
[27.6813730995527] 145.275118040785
[27.6986154995539] 145.274395147889
[27.7158094995539] 145.272939855802
[27.7297258995532] 145.272848653638
[27.7493468995526] 145.271862893078
[27.7649421995538] 145.271280853756
[27.7826246995537] 145.27053008518
[27.7981092995524] 145.269960271602
[27.8151221995522] 145.26924843947
[27.8321181995525] 145.268533656632
[27.8493714995529] 145.267828038135
[27.865044999553] 145.267227946843
[27.8825655995533] 145.266481044522
[27.8991100995536] 145.265840191526
[27.9147332995526] 145.265245394461
[27.9319527995522] 145.26451106041
[27.9489530995525] 145.263806656617
[27.9647707995537] 145.263224429737
[27.9817840995529] 145.262508181932
[27.9987115995536] 145.261810288198
[28.0155709995524] 145.26111703162
[28.0317773995539] 145.260505096539
[28.0489554995529] 145.259788615506
[28.0661247995522] 145.259071301095
[28.0829264995537] 145.258366409966
[28.0983073995521] 145.257805225439
[28.1156575995537] 145.257070469579
[28.1323248995523] 145.256399128208
[28.1485144995531] 145.255761375344
[28.1661320995536] 145.255015442477
[28.1818269995529] 145.254425818135
[28.1988348995528] 145.25371709637
[28.2153083995527] 145.253045311431
[28.2317880995524] 145.252411967906
[28.2482157995528] 145.251744073169
[28.265979799553] 145.250986398932
[28.2815576995526] 145.250393763258
[28.2993622995527] 145.24963987055
[28.3156653995538] 145.248994479546
[28.3314560995532] 145.248394426496
[28.3490523995533] 145.247626049758
[28.3652903995535] 145.246997045455
[28.3816631995523] 145.246360306096
[28.3994831995533] 145.245569590563
[28.4153512995526] 145.244959240455
[28.4316547995531] 145.244329463253
[28.4486521995532] 145.265609210353
[28.4649052995537] 145.26486438945
[28.4817369995526] 145.264053550845
[28.4986993995535] 145.263240041653
[28.515348199553] 145.262442939996
[28.5321107995533] 145.261648625061
[28.5483909995528] 145.260878691294
[28.5661761995525] 145.259988151429
[28.5824590995526] 145.259228696903
[28.5981590995525] 145.258541766997
[28.6157725995527] 145.257641220267
[28.6328023995538] 145.25683944078
[28.6488915995524] 145.256107786162
[28.6652943995523] 145.255334192761
[28.6824608995521] 145.254487823042
[28.6992669995525] 145.253706117124
[28.7153759995526] 145.252967764277
[28.7325153995534] 145.252120767796
[28.7484048995539] 145.251412147806
[28.7653345995532] 145.250594109027
[28.7822725995538] 145.249757491678
[28.8001007995535] 145.248866031463
[28.8149937995531] 145.248227269345
[28.8331258995531] 145.247324318303
[28.8495235995524] 145.246561530106
[28.8654555995527] 145.245821603723
[28.8815985995534] 145.245081595028
[28.8982553995538] 145.253193257041
[28.9149738995529] 145.252461615104
[28.9324624995534] 145.251660305334
[28.9524243995529] 145.24999802117
[28.9683308995536] 145.249699448497
[28.9780289995524] 145.24947117851
[28.9998587995524] 145.248120768183
[29.0151646995528] 145.247529873223
[29.0330594995521] 145.246703304721
[29.0482354995529] 145.246087900513
[29.0653693995537] 145.245331811963
[29.0823277995532] 145.244580263757
[29.0982156995524] 145.243934608667
[29.1151181995538] 145.243186569822
[29.1319221995527] 145.242452099517
[29.1485696995533] 145.24170553836
[29.1657414995534] 145.240949922143
[29.1825518995538] 145.240223167204
[29.1984129995526] 145.239534325624
[29.2168395995523] 145.23863654498
[29.2327181995533] 145.237984502156
[29.2489342995523] 145.237293723106
[29.2663689995534] 145.236498742656
[29.2836329995534] 145.235719387955
[29.2991945995527] 145.235093577449
[29.3159861995537] 145.234368314503
[29.3313876995526] 145.233746835899
[29.3482279995533] 145.232997080697
[29.365073899553] 145.232261962924
[29.3827078995528] 145.231457814349
[29.3988322995538] 145.230748912863
[29.4158147995531] 145.229986066795
[29.4328745995535] 145.229224525341
[29.4489992995532] 145.22855369137
[29.4662046995527] 145.227763313566
[29.4817538995521] 145.227146474147
[29.4994343995531] 145.226331683017
[29.5155129995528] 145.225644829624
[29.5325173995534] 145.224886339951
[29.5488092995529] 145.239102805298
[29.5651788995528] 145.23845704497
[29.5825292995523] 145.237741141314
[29.5990453995528] 145.237088866941
[29.6152649995529] 145.236422585532
[29.6319122995537] 145.235783400376
[29.6492964995523] 145.23504511453
[29.6651633995534] 145.234449039527
[29.6821352995521] 145.233735392117
[29.6985050995536] 145.233111072589
[29.7149862995539] 145.232442024902
[29.7319135995531] 145.231756308465
[29.7494301995539] 145.231031033678
[29.7649923995523] 145.230449999526
[29.7824782995522] 145.229706062468
[29.799803799553] 145.228977164564
[29.8150266995526] 145.228412462313
[29.8322836995521] 145.227711655487
[29.8485341995529] 145.227049309162
[29.8669037995533] 145.226255166669
[29.8822130995522] 145.225684149527
[29.8991048995522] 145.225005023285
[29.9149759995526] 145.224409819364
[29.9327034995531] 145.223621106862
[29.9494580995524] 145.222967857279
[29.9659400995533] 145.222327384945
[29.9821922995525] 145.221691897547
[29.9994366995525] 145.220969260991
[30.0159369995527] 145.220236168405
