[0.0199999995529652] 0
[0.0647957995533943] 0
[0.987735999555298] 0
[1.02535869955318] 0
[1.05643219955527] 0
[1.08304589955515] 0
[1.11017439955322] 0
[1.13632029955261] 0
[1.16412749955271] 0
[1.19326679955338] 0
[1.21993569955521] 0
[1.24878199955492] 0
[1.27600929955224] 0
[1.30703119955433] 0
[1.33904249955231] 0
[1.37038559955181] 0
[1.39922509955431] 0
[1.4299335995529] 0
[1.45996639955411] 0
[1.49013609955364] 0
[1.52216049955314] 0
[1.55062639955213] 0
[1.5842087995552] 0
[1.61483849955403] 0
[1.6480960995541] 0
[1.67961389955235] 0
[1.71379139955388] 0
[1.74626069955411] 0
[1.7805201995543] 0
[1.813471499554] 0
[1.8487625995549] 0
[1.88439459955407] 0
[1.92161199955444] 0
[1.9611409995523] 0
[2.00259629955326] 0
[2.03868509955282] 0
[2.07501879955453] 0
[2.11248999955205] 0
[2.14931369955229] 0
[2.18620379955246] 0
[2.22136379955191] 0
[2.25995519955177] 0
[2.30091559955326] 0
[2.33923029955258] 0
[2.37793229955423] 0
[2.41583039955367] 0
[2.45390339955338] 0
[2.49190389955402] 0
[2.53253609955209] 0
[2.57024099955379] 0
[2.60808079955314] 0
[2.64749659955487] 0
[2.68547899955229] 0
[2.72351469955174] 0
[2.76247039955342] 0
[2.80313229955209] 0
[2.84104119955373] 0
[2.87930089955262] 0
[2.91763499955414] 0
[2.95713829955275] 0.00060445093549788
[2.99722669955372] 0.00148051406722516
[3.036056299552] 0.00259778322651982
[3.07387419955194] 0.00378098431974649
[3.1120073995553] 0.00520211597904563
[3.14878189955198] 0.00664681335911155
[3.18815879955218] 0.00821666978299618
[3.22483419955461] 0.00988161005079746
[3.26325679955335] 0.0114836432039738
[3.30360419955468] 0.0133560504764318
[3.34108649955306] 0.015621867030859
[3.38194089955505] 0.0181291960179806
[3.41877519955233] 0.0214095003902912
[3.45622119955442] 0.0249295216053724
[3.49200089955411] 0.028741056099534
[3.53277869955491] 0.0328713320195675
[3.5727579995546] 0.0398968197405338
[3.61299169955237] 0.0527590289711952
[3.65079569955196] 0.0682650730013847
[3.68959809955413] 0.0893088728189468
[3.72612329955518] 0.115061432123184
[3.76392949955334] 0.135751470923424
[3.80184619955253] 0.157589420676231
[3.83904129955408] 0.179889172315598
[3.87871889955204] 0.201777413487434
[3.91614009955447] 0.225136339664459
[3.95545809955365] 0.247173801064491
[3.99209889955455] 0.270333528518677
[4.03307029955249] 0.291920006275177
[4.0697587995528] 0.316061198711395
[4.10568919955404] 0.337681323289871
[4.14372069955425] 0.358856499195099
[4.17972549955448] 0.381271541118622
[4.21860509955513] 0.402493357658386
[4.25794779955322] 0.425410836935043
[4.29736729955403] 0.448602288961411
[4.33557619955172] 0.471839934587479
[4.37461879955299] 0.494364738464355
[4.41517219955495] 0.517381548881531
[4.45203209955434] 0.541289806365967
[4.48931609955252] 0.563021063804626
[4.52548049955294] 0.569539308547974
[4.56528989955405] 0.624260067939758
[4.60190479955418] 0.726527333259583
[4.63994449955499] 0.84627240896225
[4.67952169955242] 0.98692911863327
[4.71602259955398] 1.72874963283539
[4.75432679955338] 2.45655417442322
[4.79047609955524] 3.14162731170654
[4.82884379955431] 3.7740695476532
[4.8657010995521] 4.44519853591919
[4.90392589955445] 5.09020853042603
[4.94085659955454] 5.75935554504395
[4.97875849955381] 6.40598583221436
[5.0177704995549] 7.06972217559814
[5.05280309955197] 7.61824941635132
[5.08987179955511] 7.77105951309204
[5.12578519955423] 7.93375968933105
[5.16439369955333] 8.09238815307617
[5.20049979955365] 8.26395130157471
[5.2379163995538] 8.4253044128418
[5.2740706995537] 8.59338760375977
[5.31120839955474] 8.7565975189209
[5.34805739955482] 8.92501735687256
[5.38218099955338] 9.09285736083984
[5.41833219955515] 9.2488956451416
[5.45180759955474] 9.41481685638428
[5.48858239955371] 9.56898784637451
[5.52158579955358] 9.73891448974609
[5.55809729955217] 9.89188957214355
[5.59229689955464] 10.0616235733032
[5.62928039955295] 10.2210597991943
[5.66235149955173] 10.3939428329468
[5.69741359955515] 10.5489311218262
[5.73049789955257] 10.7136363983154
[5.76565309955186] 10.8694000244141
[5.79990749955323] 11.0352668762207
[5.83631589955257] 11.1972208023071
[5.87059909955497] 11.3697071075439
[5.90663729955486] 11.5324373245239
[5.94485089955197] 11.7038135528564
[5.9787558995522] 11.8858699798584
[6.01386899955469] 12.0476760864258
[6.04714589955256] 12.2634372711182
[6.08334039955298] 12.4686737060547
[6.1162131995552] 12.6919841766357
[6.1525334995531] 12.8948678970337
[6.18559289955374] 12.9999837875366
[6.22313409955314] 13.0891008377075
[6.25888499955181] 13.1902990341187
[6.29545629955464] 13.2866725921631
[6.33075729955453] 13.3852567672729
[6.36626509955386] 13.4804191589355
[6.40256709955429] 13.5761384963989
[6.43745419955303] 13.673999786377
[6.4729612995543] 13.7680463790894
[6.50853459955397] 13.8637647628784
[6.54532189955353] 13.9596614837646
[6.58144039955368] 14.0588331222534
[6.6197314995552] 14.1562004089355
[6.65605049955411] 14.2594270706177
[6.6947501995528] 14.3573369979858
[6.73235629955525] 14.4616651535034
[6.76958929955435] 14.5630445480347
[6.80573269955494] 14.6634197235107
[6.84167899955355] 14.760856628418
[6.88433449955483] 14.9546718597412
[6.92059199955474] 14.9546718597412
[6.95856229955461] 15.1501665115356
[6.9975247995535] 15.2525320053101
[7.03507789955256] 15.357572555542
[7.07102949955515] 15.458812713623
[7.1070522995542] 15.5999622344971
[7.14591829955316] 15.7469825744629
[7.18200269955196] 15.7579317092896
[7.21951179955431] 15.7554903030396
[7.25810689955324] 15.7529525756836
[7.29724989955503] 15.7503423690796
[7.3348323995524] 15.7476949691772
[7.37333979955292] 15.745153427124
[7.4109610995547] 15.7425489425659
[7.44769189955332] 15.7400045394897
[7.4864842995521] 15.7375202178955
[7.52270969955498] 15.7348976135254
[7.56062809955256] 15.7324485778809
[7.59652359955362] 15.7298851013184
[7.63461889955215] 15.7274589538574
[7.67065619955247] 15.7248840332031
[7.70904419955332] 15.722448348999
[7.74938199955432] 15.7198534011841
[7.78489339955195] 15.7171268463135
[7.82388729955346] 15.7147264480591
[7.86121339955207] 15.7120914459229
[7.90150639955391] 15.7827577590942
[7.94007929955478] 15.8607416152954
[7.97724289955295] 15.935399055481
[8.01566539955456] 16.0073318481445
[8.05140139955256] 16.0817050933838
[8.09006169955319] 16.1508827209473
[8.12825779955529] 16.2257251739502
[8.16694599955372] 16.2845611572266
[8.20421549955427] 16.3440246582031
[8.24148749955202] 16.4013061523438
[8.28088009955172] 16.4585933685303
[8.31643579955198] 16.5191383361816
[8.35423909955352] 16.5737857818604
[8.39033499955258] 16.6318893432617
[8.42974479955228] 16.6873664855957
[8.46701089955241] 16.7479400634766
[8.50544349955453] 16.8052158355713
[8.5417679995553] 16.8776893615723
[8.58107999955246] 16.9482822418213
[8.62120939955275] 16.9845657348633
[8.65775039955406] 16.9918613433838
[8.69555869955366] 16.9977703094482
[8.73663429955195] 17.0039577484131
[8.77413819955473] 17.0107650756836
[8.81208989955485] 17.0170555114746
[8.84977459955189] 17.0234985351563
[8.89060079955379] 17.0299682617188
[8.92920449955272] 17.0370616912842
[8.96924339955513] 17.0447196960449
[9.00891899955241] 17.0518684387207
[9.04676789955192] 17.0589542388916
[9.08641999955216] 17.0657138824463
[9.12168929955442] 17.0657138824463
[9.15906409955278] 17.0783214569092
[9.19551959955425] 17.0850048065186
[9.23281439955463] 17.0681209564209
[9.27100189955308] 17.0486011505127
[9.30690129955474] 17.0286254882813
[9.34484329955376] 17.0285606384277
[9.37972339955377] 17.0308895111084
[9.41665199955241] 17.0330505371094
[9.45221839955411] 17.0353584289551
[9.4895965995529] 17.0518188476563
[9.52467899955445] 17.0704441070557
[9.56532149955456] 17.0879573822021
[9.60267589955401] 17.0959339141846
[9.63847489955515] 17.1030540466309
[9.67588699955377] 17.1099720001221
[9.71166629955405] 17.1144905090332
[9.74791259955236] 17.1193332672119
[9.78235689955181] 17.1242389678955
[9.81788609955402] 17.1289005279541
[9.85088629955499] 17.1337089538574
[9.88732899955357] 17.1381759643555
[9.92126379955516] 17.1431083679199
[9.95842989955418] 17.1477012634277
[9.99797469955229] 17.1527309417725
[10.0337377995529] 17.1580848693848
[10.0696685995536] 17.1237850189209
[10.1049524995542] 17.0868473052979
[10.1420467995522] 17.0807132720947
[10.1771701995531] 17.0753688812256
[10.2143523995546] 17.0703067779541
[10.2484945995529] 17.0649490356445
[10.2862645995519] 17.0600280761719
[10.3228132995537] 17.0504684448242
[10.3600756995547] 17.0411472320557
[10.395529499554] 17.0316619873047
[10.432243899555] 17.0422058105469
[10.468714099552] 17.0552253723145
[10.5054085995544] 17.0631275177002
[10.5412642995543] 17.0708618164063
[10.5777264995522] 17.0604724884033
[10.6142716995528] 17.0486335754395
[10.6487114995543] 17.0439128875732
[10.6861526995526] 17.0402221679688
[10.720733899554] 17.0508918762207
[10.7593310995544] 17.0626487731934
[10.7956152995539] 17.0676536560059
[10.8339422995523] 17.0598583221436
[10.8717229995527] 17.0516109466553
[10.9085837995553] 17.0434856414795
[10.9469640995521] 17.0348110198975
[10.9833944995553] 17.0276374816895
[11.0215901995543] 17.0259304046631
[11.059324799553] 17.0246982574463
[11.100749999554] 17.0234832763672
[11.1381838995549] 17.0221500396729
[11.1738100995535] 17.0290107727051
[11.2128666995523] 17.0357933044434
[11.2491642995519] 17.0432300567627
[11.2883364995541] 17.050142288208
[11.3237066995534] 17.0364971160889
[11.363014499555] 17.0228481292725
[11.4006917995539] 17.0246620178223
[11.4380215995552] 17.0287380218506
[11.4743074995531] 17.0327835083008
[11.5122230995548] 17.0195789337158
[11.5497840995522] 17.006555557251
[11.5866155995536] 16.993932723999
[11.6244105995538] 17.0033626556396
[11.661300099553] 17.0141944885254
[11.6996327995548] 17.0054702758789
[11.7368371995544] 16.9953746795654
[11.7738551995535] 16.9957523345947
[11.8139774995543] 16.9967632293701
[11.8596286995526] 16.9887065887451
[11.898367199552] 16.9792499542236
[11.9352016995545] 16.9846267700195
[11.9729271995529] 16.9904270172119
[12.0108117995551] 16.9793663024902
[12.0495316995548] 16.9673633575439
[12.0878100995542] 16.9550952911377
[12.124993499554] 16.9676036834717
[12.1637561995522] 16.980863571167
[12.2006687995527] 16.994686126709
[12.2374573995548] 16.9854984283447
[12.2734717995518] 16.9751319885254
[12.3112700995553] 16.9649848937988
[12.3491357995517] 16.9761409759521
[12.3868420995532] 16.9881839752197
[12.4262005995552] 17.0001792907715
[12.4651139995549] 16.9879608154297
[12.5032039995531] 16.9747371673584
[12.5414123995542] 16.9617977142334
[12.581160599555] 16.9733543395996
[12.6198959995527] 16.9863910675049
[12.6561319995526] 16.999095916748
[12.6960007995549] 16.9911460876465
[12.7348684995522] 16.9807548522949
[12.7730472995536] 16.9823207855225
[12.8109640995535] 16.9853096008301
[12.8462566995549] 16.98828125
[12.8854001995533] 16.9748973846436
[12.932662499552] 16.9586315155029
[12.9731958995544] 16.9724578857422
[13.0118439995531] 16.9856357574463
[13.0463009995547] 16.9981994628906
[13.0846098995535] 16.9910888671875
[13.1214800995549] 16.9817428588867
[13.1613075995519] 16.9727516174316
[13.2013122995522] 16.9747428894043
[13.238735799554] 16.9773139953613
[13.2748278995532] 16.9797191619873
[13.3122719995517] 16.9820404052734
[13.3504003995549] 16.984447479248
[13.3880331995533] 16.9834327697754
[13.4275570995524] 16.9820499420166
[13.464500899554] 16.9805965423584
[13.5017938995552] 16.9792385101318
[13.5403654995534] 16.9778652191162
[13.577867199554] 16.9833946228027
[13.6152818995542] 16.9841003417969
[13.651030199555] 16.9848613739014
[13.6884887995548] 16.9855918884277
[13.7239731995542] 16.9863586425781
[13.7625700995522] 16.9801483154297
[13.7998682995531] 16.973461151123
[13.8378922995544] 16.9670085906982
[13.8769934995544] 16.9604396820068
[13.9155951995526] 16.9622764587402
[13.956031599555] 16.9650001525879
[13.9951059995547] 16.9678573608398
[14.0343087995534] 16.9706172943115
[14.0717089995524] 16.9733905792236
[14.1093687995526] 16.9727039337158
[14.1466124995532] 16.9717082977295
[14.1817363995542] 16.9707336425781
[14.2186587995529] 16.9635696411133
[14.2536803995536] 16.9554443359375
[14.2928156995549] 16.9477386474609
[14.3302009995532] 16.9660015106201
[14.3669148995541] 16.9843368530273
[14.4030638995537] 16.9961490631104
[14.4405482995535] 17.0067768096924
[14.4786277995518] 16.9990940093994
[14.5160655995533] 16.989953994751
[14.5538708995518] 16.9809703826904
[14.5892343995547] 16.9799823760986
[14.6255667995538] 16.9715919494629
[14.662317399554] 16.9620590209961
[14.6988013995542] 16.9661026000977
[14.7363982995521] 16.9706058502197
[14.7733419995529] 16.9752464294434
[14.8122940995527] 16.9798069000244
[14.8482823995546] 16.986946105957
[14.885106199552] 16.9928188323975
[14.9201214995519] 16.9988288879395
[14.9579727995551] 17.0045433044434
[14.9957380995547] 16.9996166229248
[15.0329177995518] 16.9944038391113
[15.0693066995518] 17.0120143890381
[15.1045452995531] 17.0302658081055
[15.1409485995537] 17.0303993225098
[15.1764825995524] 17.0293216705322
[15.2132617995521] 17.0282726287842
[15.247919499554] 17.0271854400635
[15.287786699555] 17.0171794891357
[15.3252813995532] 17.0201816558838
[15.3632669995532] 17.0252094268799
[15.399921999553] 17.0303001403809
[15.4365300995523] 17.0352153778076
[15.4749620995535] 17.0195751190186
[15.5126538995537] 17.0020008087158
[15.550276099555] 17.0059566497803
[15.5858913995544] 17.0107612609863
[15.6241024995543] 17.015308380127
[15.6620489995548] 17.0201873779297
[15.6993382995533] 17.0033531188965
[15.7371701995544] 17.0028114318848
[15.773819299553] 17.0029277801514
[15.8117675995527] 17.0030403137207
[15.847281999555] 16.990852355957
[15.8842073995547] 16.9963531494141
[15.919564699554] 17.0031185150146
[15.957679299554] 17.009593963623
[15.995902099552] 17.0028324127197
[16.0357226995548] 16.995288848877
[16.0733707995532] 16.9953498840332
[16.1106338995523] 16.9963855743408
[16.1502971995542] 16.9974136352539
[16.1884128995553] 16.9985103607178
[16.2266115995553] 16.9972972869873
[16.2633177995522] 16.9958515167236
[16.3013485995543] 16.9944629669189
[16.3449698995537] 16.9930248260498
[16.3814376995542] 16.9913730621338
[16.4193018995538] 16.9918022155762
[16.4558604995545] 16.9924468994141
[16.4933853995535] 16.9930686950684
[16.531063599552] 16.9937076568604
[16.5691714995519] 16.994348526001
[16.6073951995531] 16.9941329956055
[16.6444786995526] 16.9938220977783
[16.6822594995538] 16.9935188293457
[16.7197432995526] 16.9932098388672
[16.7593661995525] 16.9929027557373
[16.796621499554] 16.9930038452148
[16.8355809995519] 16.9931449890137
[16.8753154995538] 16.9932899475098
[16.914475699552] 16.9934406280518
[16.954016099553] 16.9935855865479
[16.9906762995524] 16.999397277832
[17.0325055995527] 17.0045986175537
[17.070135099555] 17.010534286499
[17.1085226995529] 17.0158729553223
[17.1504074995537] 17.0100898742676
[17.1878993995524] 17.0034866333008
[17.2287604995545] 17.0230979919434
[17.2695398995529] 17.0457801818848
[17.3083486995529] 17.0442924499512
[17.3480779995552] 17.04176902771
[17.3850801995541] 17.0391864776611
[17.4282851995522] 17.0367813110352
[17.4691991995533] 17.0262184143066
[17.5088524995517] 17.0262584686279
[17.5495019995542] 17.0276107788086
[17.5879056995545] 17.0241107940674
[17.6255708995523] 17.0204772949219
[17.6652855995526] 17.0169143676758
[17.7027737995522] 17.0370788574219
[17.7393407995551] 17.0563316345215
[17.7741764995553] 17.0583591461182
[17.8136660995551] 17.0594043731689
[17.8498828995544] 17.0605888366699
[17.8874916995519] 17.061674118042
[17.9248556995553] 17.0444221496582
[17.9636463995521] 17.0261631011963
[18.0025802995551] 17.0306167602539
[18.0382212995537] 17.0361881256104
[18.0763850995536] 17.0412883758545
[18.1127396995544] 17.0467472076416
[18.1507713995525] 17.0319004058838
[18.1881959995553] 17.0147094726563
[18.227548199553] 17.0248317718506
[18.2666215995523] 17.036979675293
[18.3064657995528] 17.0490417480469
[18.3475149995538] 17.036491394043
[18.385802799552] 17.0221862792969
[18.4238877995522] 17.0088424682617
[18.4620377995525] 17.0201663970947
[18.4990900995545] 17.0326156616211
[18.5370406995535] 17.0447044372559
[18.575518699552] 17.0359745025635
[18.6157040995531] 17.0259265899658
[18.653181599555] 17.015438079834
[18.6918320995537] 17.0257186889648
[18.7309197995528] 17.0372886657715
[18.7664345995545] 17.0489883422852
[18.8052384995535] 17.0399513244629
[18.8408251995534] 17.0288391113281
[18.8790312995552] 17.0186500549316
[18.9139726995527] 17.0277309417725
[18.9542734995521] 17.0368690490723
[18.9899279995552] 17.0366230010986
[19.0299703995552] 17.0349712371826
[19.0668298995552] 17.0331211090088
[19.1035956995547] 17.0354194641113
[19.1420772995552] 17.0383777618408
[19.1788947995519] 17.0414733886719
[19.216878499552] 17.0444374084473
[19.2525510995547] 17.0474948883057
[19.2906320995535] 17.0277099609375
[19.3293146995529] 17.0239906311035
[19.3656101995548] 17.0210285186768
[19.4030753995539] 17.0182514190674
[19.4379249995545] 17.0153865814209
[19.475115399553] 17.0278091430664
[19.5114933995537] 17.041711807251
[19.551049599555] 17.037618637085
[19.5871657995522] 17.0315532684326
[19.6266151995551] 17.0260238647461
[19.664584899554] 17.0299491882324
[19.7003055995519] 17.0346240997314
[19.737305099552] 17.0390357971191
[19.7732701995519] 17.0342140197754
[19.8108530995523] 17.0295429229736
[19.8462923995539] 17.0246620178223
[19.8829568995534] 17.0200595855713
[19.9184254995525] 17.0252113342285
[19.9577505995549] 17.0350399017334
[19.9953620995548] 17.0359001159668
[20.0344462995527] 17.0359649658203
[20.0741369995521] 17.0360336303711
[20.113368399554] 17.0260467529297
[20.1550150995536] 17.0162448883057
[20.1960974995527] 17.0058536529541
[20.2385604995543] 17.0080699920654
[20.2779651995552] 17.0103607177734
[20.3190100995525] 17.012487411499
[20.3595587995551] 17.014705657959
[20.399124599553] 17.0168972015381
[20.4386772995531] 17.0159816741943
[20.4793378995528] 17.0147399902344
[20.5226698995539] 17.0134620666504
[20.5676899995524] 17.0121002197266
[20.612350399555] 17.0106868743896
[20.6532063995546] 17.011137008667
[20.6952265995533] 17.0117378234863
[20.7373266995528] 17.0123538970947
[20.7776437995526] 17.0129718780518
[20.8183306995525] 17.0135631561279
[20.857782999552] 17.0133838653564
[20.8992493995538] 17.0131244659424
[20.9391775995537] 17.0128517150879
[20.981604599554] 17.0125904083252
[21.0260530995547] 17.0123119354248
[21.0664621995529] 17.0233383178711
[21.111176599552] 17.0249481201172
[21.1541434995524] 17.0266990661621
[21.1929859995544] 17.0283851623535
[21.2357579995551] 17.0299129486084
[21.2767876995531] 17.0196628570557
[21.3155188995552] 17.009822845459
[21.3557687995526] 17.0005435943604
[21.3940583995536] 16.9909133911133
[21.439829799554] 16.9888572692871
[21.481583099554] 16.9870090484619
[21.5226678995532] 16.9853248596191
[21.5682525995544] 16.9836692810059
[21.6160395995539] 16.9818344116211
[21.6589068995527] 17.0172176361084
[21.7045862995546] 17.0269222259521
[21.7493837995535] 17.0353298187256
[21.7927306995552] 17.0390453338623
[21.8368478995544] 17.0425586700439
[21.8840188995528] 17.0461349487305
[21.9323878995529] 17.0213928222656
[21.9796611995553] 16.9939937591553
[22.0298154995544] 16.9946899414063
[22.0732750995521] 16.9989967346191
[22.1115117995541] 17.0027313232422
[22.1515164995544] 17.0060157775879
[22.189122699554] 17.0094509124756
[22.2300549995525] 17.007453918457
[22.2720969995535] 17.004545211792
[22.3135662995519] 17.0015563964844
[22.3557271995523] 16.9986095428467
[22.3949630995521] 16.9956130981445
[22.4335413995541] 16.9999923706055
[22.4716856995547] 17.0041961669922
[22.5135357995532] 17.0083522796631
[22.5543721995527] 17.0129108428955
[22.5938935995546] 17.0173587799072
[22.6345600995519] 16.9933547973633
[23.1620988995528] 16.9721240997314
[23.1899468995543] 16.9721240997314
[23.2284876995545] 16.9822311401367
[23.2688343995542] 16.9807929992676
[23.3095867995544] 16.9780006408691
[23.3488789995536] 16.9751815795898
[23.3893632995532] 16.9724636077881
[23.4281845995538] 16.9696636199951
[23.4659858995547] 16.9784526824951
[23.5056396995533] 16.986967086792
[23.5443228995537] 16.9959030151367
[23.5824567995551] 17.0046234130859
[23.6217411995531] 16.9962615966797
[23.6582780995523] 16.9868965148926
[23.6962738995535] 16.9994716644287
[23.7340602995537] 17.0138263702393
[23.7746617995545] 17.0281009674072
[23.8144711995519] 17.0170917510986
[23.8525305995536] 17.0045013427734
[23.8918414995533] 16.992467880249
[23.9297584995547] 16.9958457946777
[23.9675648995544] 16.999963760376
[24.005180399552] 17.0040683746338
[24.0431415995517] 17.0081520080566
[24.0807210995517] 17.0122737884521
[24.1175994995538] 17.0108070373535
[24.1553504995536] 17.0087547302246
[24.1900915995539] 17.0066509246826
[24.2285404995528] 17.0047168731689
[24.2646266995544] 17.0025749206543
[24.3027337995518] 17.013126373291
[24.3413719995551] 17.005916595459
[24.3795980995528] 16.9956912994385
[24.4156240995544] 16.9855766296387
[24.4511814995531] 16.9871864318848
[24.4886207995551] 16.9890251159668
[24.5247233995542] 16.9795398712158
[24.5620568995546] 16.9695682525635
[24.5968863995549] 16.9592628479004
[24.6350871995528] 16.9607429504395
[25.1455154995529] 17.0022735595703
[25.1842689995538] 17.0022735595703
[25.2075312995548] 16.9650230407715
[25.2448482995533] 16.9655723571777
[25.2842016995528] 16.9664039611816
[25.321826399555] 16.9724407196045
[25.3604187995552] 16.9783725738525
[25.3929366995544] 16.9991054534912
[25.4270940995521] 16.9989128112793
[25.4607893995526] 16.9973964691162
[25.4959294995533] 16.9959011077881
[25.529454599553] 16.9943408966064
[25.5649196995546] 16.9928531646729
[25.5994638995544] 16.9937629699707
[25.6350887995541] 16.9949359893799
[25.668840399554] 16.9961433410645
[25.7046640995541] 16.9972877502441
[25.7370247995532] 16.9985027313232
[25.7732479995539] 16.9824123382568
[25.8070977995521] 16.9798812866211
[25.8443505995529] 16.9779014587402
[25.880352999553] 16.9757251739502
[25.9149687995523] 16.9736213684082
[25.951440099554] 16.9864883422852
[25.9850861995546] 17.0008029937744
[26.0200382995536] 16.997184753418
[26.0556994995532] 16.989688873291
[26.0919172995527] 16.9824390411377
[26.1259778995518] 16.9839496612549
[26.1617087995546] 16.9858283996582
[26.1972642995534] 16.9745941162109
[26.2331874995543] 16.9625473022461
[26.2680073995543] 16.9708194732666
[26.3034272995537] 16.9797840118408
[26.3366745995518] 16.9889049530029
[26.3739063995527] 16.993579864502
[26.4091770995547] 16.9983463287354
[26.4473083995545] 16.9988899230957
[26.4833207995543] 16.99924659729
[26.5174314995529] 16.999584197998
[26.5543274995543] 16.9999084472656
[26.589464599554] 16.9891815185547
[26.6262508995533] 16.9740734100342
[26.6615878995544] 16.9762382507324
[26.7013846995542] 16.9790859222412
[26.737598099553] 16.9822940826416
[26.7752127995518] 16.9852123260498
[26.8126872995526] 17.0006408691406
[26.852124199555] 16.9899463653564
[26.8883364995527] 16.9773712158203
[26.9232778995538] 16.9658241271973
[26.9603262995552] 16.973503112793
[26.9971968995524] 16.9824981689453
[27.0359134995524] 16.9914493560791
[27.0719701995549] 16.9789867401123
[27.1091790995524] 16.9816360473633
[27.1444815995528] 16.9853630065918
[27.1838699995533] 16.9889698028564
[27.2215212995543] 16.9870986938477
[27.2568177995527] 16.9838275909424
[27.2931441995534] 16.9818115234375
[27.3285004995523] 16.9797420501709
[27.3662880995544] 16.97243309021
[27.4023014995546] 16.9639320373535
[27.4412444995542] 16.9751110076904
[27.4775876995518] 16.9878578186035
[27.5161747995553] 16.9947452545166
[27.5550215995536] 17.0012264251709
[27.5931105995551] 16.9883899688721
[27.6312841995532] 16.9744625091553
[27.6677902995543] 16.9831981658936
[27.7063320995549] 16.9925632476807
[27.7437528995542] 16.9933757781982
[27.7819661995527] 16.9937438964844
[27.820350299553] 16.9941215515137
[27.8576369995535] 16.9967594146729
[27.8984393995524] 16.9992828369141
[27.9362937995538] 17.0020427703857
[27.9752674995543] 17.0046062469482
[28.0106424995538] 17.0072441101074
[28.052439299554] 17.0063419342041
[28.089734399553] 17.0048522949219
[28.1266241995545] 17.0035228729248
[28.1648687995548] 17.0022087097168
[28.2029575995548] 17.0008449554443
[28.2411714995542] 17.0013027191162
[28.277264499553] 17.0019607543945
[28.3181033995534] 17.0025806427002
[28.3569762995539] 17.0032825469971
[28.3955035995532] 17.0039501190186
[28.4338274995534] 17.0037307739258
[28.471897399555] 17.0034160614014
[28.515773299554] 17.003101348877
[28.5555164995531] 17.0027389526367
[28.5926191995532] 17.0024108886719
[28.6304282995552] 17.0025119781494
[28.6696120995548] 17.0026607513428
[28.7083773995546] 17.002815246582
[28.745493599552] 17.0029697418213
[28.7857791995521] 17.0031147003174
[28.8260079995525] 17.0030632019043
[28.8626861995544] 17.0029888153076
[28.9012440995539] 17.0029201507568
[28.9383082995519] 17.0028495788574
[28.9781058995541] 17.0027809143066
[29.0165548995537] 17.0020618438721
[29.0540458995529] 17.0015487670898
[29.0912077995526] 17.001049041748
[29.1294261995536] 17.0005550384521
[29.1676791995524] 17.0000457763672
[29.2064953995541] 16.9995384216309
[29.2448701995527] 16.9995956420898
[29.281642099555] 16.9997329711914
[29.3206022995546] 16.9998645782471
[29.3593228995524] 17.0000057220459
[29.3959673995523] 17.0001449584961
[29.4342081995528] 17.0002765655518
[29.4763128995546] 17.0002117156982
[29.5146305995549] 17.0001125335693
[29.5537280995522] 17.0000228881836
[29.590356799552] 16.9999313354492
[29.6270817995537] 16.9998455047607
[29.6642562995548] 16.9997596740723
[29.701814799555] 16.9997844696045
[29.7374967995529] 16.9998245239258
[29.7757551995528] 16.9998645782471
[29.8138036995551] 16.9999046325684
[29.8532076995543] 16.9999446868896
[29.889360399553] 16.9999885559082
[29.9254201995536] 16.9999752044678
[29.964256499552] 16.9999542236328
[30.0029563995522] 16.9999332427979
