[0.0199999995529652] -0.00719451904296875
[0.0751615995529633] -0.033355712890625
[0.115938099552963] -0.104690551757813
[0.148329999552963] -0.104690551757813
[0.17887259955296] -0.156875610351563
[0.20945499955296] -0.282737731933594
[0.241304399552959] -0.359504699707031
[0.27283169955296] -0.449409484863281
[0.306553099552964] -0.548149108886719
[0.339966199552961] -0.6649169921875
[0.373420999552962] -0.791572570800781
[0.408857299552963] -0.929367065429688
[0.444176899552964] -1.08763885498047
[0.481025099552966] -1.25762939453125
[0.518053699552965] -1.44829559326172
[0.556576499552961] -1.65334320068359
[0.596351699552962] -1.8812255859375
[0.636272299552964] -2.13203430175781
[0.67828339955296] -2.39939880371094
[0.720686799552965] -2.69807434082031
[0.765147899552964] -3.01718139648438
[0.811124299552965] -3.37116241455078
[0.85775569955296] -3.75794219970703
[0.904387599552962] -4.17156982421875
[0.951047999552962] -4.60652923583984
[0.998742099552963] -5.06311798095703
[1.04529129955296] -5.55213165283203
[1.09328029955297] -6.05066680908203
[1.14326859955296] -6.58721160888672
[1.19231839955296] -7.17062377929688
[1.24229079955296] -7.76668548583984
[1.29136149955296] -8.39845275878906
[1.34125969955296] -9.04244232177734
[1.39464939955296] -9.72171783447266
[1.44647919955296] -10.4764862060547
[1.49946199955296] -11.2355575561523
[1.55058549955297] -12.0390548706055
[1.60348059955296] -12.8399963378906
[1.65579729955297] -13.6961364746094
[1.70794909955296] -14.5697631835938
[1.76121989955296] -15.4673233032227
[1.81441799955297] -16.411979675293
[1.86947799955296] -17.3831100463867
[1.92483679955296] -18.41796875
[1.97964049955296] -19.4885025024414
[2.03713669955296] -20.577766418457
[2.09126069955296] -21.7529754638672
[2.15012449955297] -22.8880004882813
[2.20413489955296] -24.1564102172852
[2.25720749955296] -25.3488540649414
[2.31071779955296] -26.548225402832
[2.36630739955297] -27.7855758666992
[2.42191789955297] -29.1013259887695
[2.47656619955296] -30.4479064941406
[2.53207199955296] -31.8004837036133
[2.60298859955297] -33.2045135498047
[2.69060409955296] -35.0476913452148
[2.78128689955296] -37.4001960754395
[2.87219559955296] -39.9157295227051
[2.95967979955297] -42.5186042785645
[3.04396089955296] -45.0985107421875
[3.12014119955296] -47.6536407470703
[3.19332889955296] -50.0201110839844
[3.26190669955296] -52.3461685180664
[3.32345979955296] -54.571849822998
[3.38353579955296] -56.6067123413086
[3.44280219955296] -58.6281509399414
[3.49985429955296] -60.6568031311035
[3.55724679955296] -62.6415939331055
[3.61391519955296] -64.670539855957
[3.66785949955296] -66.7053909301758
[3.72527189955296] -68.6709747314453
[3.77976359955296] -70.7952575683594
[3.83694149955296] -72.8405990600586
[3.89235959955296] -75.0188446044922
[3.94667719955297] -77.1601715087891
[4.00110069955296] -79.2879257202148
[4.05475269955296] -81.4488830566406
[4.10676969955296] -83.5968780517578
[4.15981529955296] -85.6971435546875
[4.21234429955296] -87.8422622680664
[4.26522559955296] -89.9553909301758
[4.49284289955296] -96.7779083251953
[4.51301819955296] -96.7779083251953
[4.55998919955297] -95.5866394042969
[4.58781269955296] -95.5866394042969
[4.62561349955296] -94.6745834350586
[4.67446319955296] -94.0742111206055
[4.72541599955296] -93.3217544555664
[4.77655839955296] -92.562370300293
[4.82714609955296] -91.8258209228516
[4.87781309955296] -91.1223678588867
[4.92733069955296] -90.4429931640625
[4.97633949955296] -89.8030853271484
[5.02495689955296] -89.1933212280273
[5.07252979955296] -88.6116027832031
[5.12017259955297] -88.0645904541016
[5.16803269955296] -87.5390472412109
[5.21544489955296] -87.0335693359375
[5.26121989955296] -86.5548706054688
[5.30257439955296] -86.1132659912109
[5.34269189955296] -85.7310791015625
[5.38195189955296] -85.3761138916016
[5.42045919955297] -85.0438537597656
[5.46016819955296] -84.7325134277344
[5.49902819955296] -84.4269256591797
[5.53842059955296] -84.1426849365234
[5.57816829955296] -83.8697738647461
[5.61739059955296] -83.6099014282227
[5.65722979955297] -83.3685531616211
[5.69464639955297] -83.1389770507813
[5.73249979955296] -82.9370956420898
[5.77005299955296] -82.7469177246094
[5.80873449955296] -82.5720825195313
[5.84799129955297] -82.4066696166992
[5.88683419955296] -82.2539138793945
[5.92680979955296] -82.1175689697266
[5.96648149955296] -81.9929275512695
[6.00568789955296] -81.8846740722656
[6.04600449955296] -81.7927703857422
[6.08594369955296] -81.7142028808594
[6.12727309955297] -81.6520233154297
[6.16843719955296] -81.6044387817383
[6.21108139955296] -81.5736694335938
[6.25276119955296] -81.5596313476563
[6.29428649955296] -81.5629425048828
[6.33528899955297] -81.5831680297852
[6.37788299955296] -81.61962890625
[6.42034009955296] -81.6753082275391
[6.46349249955296] -81.7484817504883
[6.50633019955296] -81.8411254882813
[6.55040719955296] -81.9510955810547
[6.59536229955296] -82.0833129882813
[6.64066209955296] -82.2379760742188
[6.68751129955296] -82.4139709472656
[6.73485729955296] -82.6175079345703
[6.78129579955296] -82.8451919555664
[6.82741579955296] -83.0896759033203
[6.87417199955296] -83.3533401489258
[6.92116819955297] -83.64208984375
[6.96857029955297] -83.9539947509766
[7.01703569955296] -84.2906341552734
[7.06487489955296] -84.6578598022461
[7.11127309955296] -85.0428009033203
[7.15808059955296] -85.437255859375
[7.20495649955296] -85.856689453125
[7.25204489955296] -86.2982940673828
[7.29935339955296] -86.7636566162109
[7.34610479955296] -87.2531433105469
[7.39350249955297] -87.7583084106445
[7.44026399955296] -88.2924957275391
[7.48612399955297] -88.8409576416016
[7.53144479955296] -89.3994903564453
[7.57666519955296] -89.9715957641602
[7.62228729955297] -90.5625
[7.66812199955297] -91.1790618896484
[7.71395019955296] -91.8191146850586
[7.75887329955296] -92.4796752929688
[7.80422079955297] -93.1469955444336
[7.84904099955296] -93.8407897949219
[7.89335969955296] -94.5462188720703
[7.93827599955296] -95.2630233764648
[7.98375679955296] -96.0092926025391
[8.02862409955296] -96.7852249145508
[8.07257099955297] -97.570442199707
[8.11727239955296] -98.3584976196289
[8.32101059955296] -99.2255706787109
[8.35301239955296] -99.2255706787109
[8.38244369955297] -98.8955459594727
[8.42599659955296] -98.7569046020508
[8.47032089955296] -98.5703430175781
[8.51451199955297] -98.3997573852539
[8.55739159955296] -98.2488403320313
[8.60212919955296] -98.1204376220703
[8.64645709955296] -98.006103515625
[8.68973449955296] -97.9121017456055
[8.73401249955296] -97.8386917114258
[8.77857259955297] -97.7828216552734
[8.82159679955296] -97.7460708618164
[8.86549159955296] -97.7287521362305
[8.90706329955296] -97.72998046875
[8.94702769955296] -97.7481002807617
[8.98837619955296] -97.7811813354492
[9.03004229955296] -97.8321838378906
[9.07682329955296] -97.9006118774414
[9.12992739955296] -97.9989013671875
[9.17669879955297] -98.1381454467773
[9.22003059955296] -98.2822494506836
[9.26768269955296] -98.4341735839844
[9.31286839955296] -98.6235122680664
[9.35683539955296] -98.8230895996094
[9.39990919955297] -99.036247253418
[9.44271599955296] -99.2632675170898
[9.48696919955296] -99.5068664550781
[9.53168409955296] -99.7779006958008
[9.57574889955296] -99.624382019043
[9.62032439955296] -99.453498840332
[9.66547349955296] -99.3001251220703
[9.70966009955296] -99.1647796630859
[9.75488249955296] -99.0514755249023
[9.80044029955296] -98.9555740356445
[9.84627149955296] -98.8793182373047
[9.89062629955296] -98.8232116699219
[9.93616289955296] -98.788215637207
[9.98181389955296] -98.7726287841797
[10.026606599553] -98.7774505615234
[10.071932199553] -98.8018569946289
[10.117724899553] -98.8467102050781
[10.163055199553] -98.91259765625
[10.207502599553] -98.9979782104492
[10.252967399553] -99.10107421875
[10.298233299553] -99.226806640625
[10.342611199553] -99.3720932006836
[10.387879399553] -99.5338516235352
[10.433006599553] -99.7189559936523
[10.477441499553] -99.923454284668
[10.522375199553] -99.7671661376953
[10.567556199553] -99.6098175048828
[10.612225799553] -99.4716339111328
[10.656881699553] -99.3545837402344
[10.701924399553] -99.2571334838867
[10.746936099553] -99.1787414550781
[10.790943599553] -99.1202774047852
[10.835635799553] -99.0821151733398
[10.880898099553] -99.0629577636719
[10.924758299553] -99.0636520385742
[10.969295499553] -99.0831985473633
[11.014242999553] -99.1225051879883
[11.057511099553] -99.1819915771484
[11.101955799553] -99.2576217651367
[11.147111799553] -99.3546829223633
[11.190950999553] -99.4733047485352
[11.235045399553] -99.6073150634766
[11.279512699553] -99.7611846923828
[11.323683699553] -99.9357528686523
[11.367871199553] -99.8459091186523
[11.411803899553] -99.7714462280273
[11.455362199553] -99.7163391113281
[11.499060799553] -99.6803131103516
[11.541661799553] -99.6629104614258
[11.584277399553] -99.6637420654297
[11.627244799553] -99.6823959350586
[11.670180299553] -99.7193069458008
[11.713832499553] -99.7372207641602
[11.756901999553] -99.7713317871094
[11.800752199553] -99.8231964111328
[11.844816899553] -99.8948593139648
[11.888108799553] -99.8465957641602
[11.932156199553] -99.806396484375
[11.975930799553] -99.7845230102539
[12.023716499553] -99.7220993041992
[12.068638999553] -99.6719818115234
[12.113155499553] -99.6446533203125
[12.158628199553] -99.6370239257813
[12.203090399553] -99.6495056152344
[12.247513199553] -99.6811065673828
[12.290940899553] -99.6389617919922
[12.335826199553] -99.6143417358398
[12.379956699553] -99.6086654663086
[12.423742899553] -99.622184753418
[12.468506999553] -99.6544036865234
[12.513183999553] -99.6384048461914
[12.556931799553] -99.6400146484375
[12.601951499553] -99.6603622436523
[12.646455999553] -99.7011871337891
[12.690589899553] -99.7609710693359
[12.735802899553] -99.7851715087891
[12.780398099553] -99.8259811401367
[12.824515399553] -99.8857421875
[12.870135299553] -99.9063110351563
[12.914924899553] -99.9459381103516
[12.959102999553] -99.8583602905273
[13.004213899553] -99.787109375
[13.049321399553] -99.7343139648438
[13.093256099553] -99.7014846801758
[13.137881999553] -99.6884460449219
[13.182574199553] -99.6947326660156
[13.226537999553] -99.7206268310547
[13.270745199553] -99.7650604248047
[13.315403799553] -99.7468948364258
[13.359532299553] -99.7422409057617
[13.403934799553] -99.7567443847656
[13.448869299553] -99.7906875610352
[13.492496599553] -99.8448333740234
[13.536623399553] -99.9160842895508
[13.581134899553] -99.9637222290039
[13.624543099553] -99.9146423339844
[13.669053199553] -99.8827209472656
[13.713287599553] -99.8694229125977
[13.756824199553] -99.8382797241211
[13.801203299553] -99.8240356445313
[13.845393699553] -99.8288345336914
[13.888607499553] -99.8527755737305
[13.932649799553] -99.8575973510742
[13.976360099553] -99.8785171508789
[14.020741199553] -99.9180221557617
[14.064635699553] -99.9774627685547
[14.108444199553] -99.9217300415039
[14.152257099553] -99.885383605957
[14.196501599553] -99.8678665161133
[14.239425599553] -99.8693771362305
[14.283279099553] -99.888916015625
[14.326603699553] -99.9277496337891
[14.370522399553] -99.93310546875
[14.414314199553] -99.9314880371094
[14.457691599553] -99.9474182128906
[14.501649399553] -99.9343795776367
[14.545312899553] -99.938606262207
[14.588136099553] -99.9286727905273
[14.795211599553] -99.954833984375
[14.827752399553] -99.954833984375
[14.856288499553] -99.9433059692383
[14.900984599553] -99.9359283447266
[14.944899199553] -99.9439697265625
[14.988114699553] -99.9707870483398
[15.032466199553] -99.9619064331055
[15.075883299553] -99.9506683349609
[15.119859799553] -99.9361114501953
[15.164334599553] -99.9398651123047
[15.207444399553] -99.9630584716797
[15.251538299553] -99.9586715698242
[15.2956760995529] -99.9310760498047
[15.339389799553] -99.9208908081055
[15.383951399553] -99.9295425415039
[15.428144799553] -99.9578475952148
[15.4715652995529] -99.9492568969727
[15.516100599553] -99.9574813842773
[15.559734399553] -99.9299926757813
[15.604261299553] -99.9195022583008
[15.648906799553] -99.9282455444336
[15.692279199553] -99.9565658569336
[15.737346799553] -100.002532958984
[15.782159599553] -99.9549407958984
[15.826836399553] -99.9274063110352
[15.871776799553] -99.9195327758789
[15.916330799553] -99.9314270019531
[15.959977299553] -99.9626846313477
[16.0053561995529] -100.012001037598
[16.050368899553] -99.9620819091797
[16.094733599553] -99.9324035644531
[16.138257599553] -99.9224548339844
[16.182903099553] -99.931282043457
[16.226076099553] -99.9598922729492
[16.2702941995529] -100.005844116211
[16.314675499553] -99.9594116210938
[16.358408799553] -99.9321594238281
[16.402960299553] -99.9240646362305
[16.447241999553] -99.9352951049805
[16.4924891995529] -99.965690612793
[16.540965199553] -99.9844360351563
[16.588521399553] -99.9524383544922
[16.635206599553] -99.9437255859375
[16.680953699553] -99.9565582275391
[16.7254286995529] -99.9562072753906
[16.7714067995529] -99.9405364990234
[16.816664399553] -99.9439163208008
[16.861204299553] -99.9673385620117
[16.906116799553] -99.9556732177734
[16.951147999553] -99.9619750976563
[16.995799499553] -99.9385986328125
[17.040453999553] -99.9330139160156
[17.085356299553] -99.9469909667969
[17.129436999553] -99.980827331543
[17.173532899553] -99.9444351196289
[17.218416199553] -99.9270324707031
[17.263372699553] -99.9290771484375
[17.306710199553] -99.9509506225586
[17.351149399553] -99.9904632568359
[17.396514399553] -99.9484329223633
[17.441851199553] -99.9257583618164
[17.486152799553] -99.9232635498047
[17.530050599553] -99.9400787353516
[17.5737333995529] -99.9756393432617
[17.618179499553] -99.9378204345703
[17.663093199553] -99.9186935424805
[17.707025699553] -99.9191589355469
[17.752691099553] -99.9385452270508
[17.797849199553] -99.9791488647461
[17.841299999553] -99.93701171875
[17.885774699553] -99.9149932861328
[17.930238899553] -99.9118576049805
[17.975365599553] -99.9281234741211
[18.021541099553] -99.9646072387695
[18.066171899553] -99.9874038696289
[18.110232399553] -99.9508514404297
[18.156078599553] -99.9350509643555
[18.201245999553] -99.9392318725586
[18.245610299553] -99.9633636474609
[18.289452399553] -99.9473037719727
[18.3355988995529] -99.9484252929688
[18.382271699553] -99.9704895019531
[18.427318899553] -99.9446105957031
[18.473319999553] -99.9372863769531
[18.518807199553] -99.950569152832
[18.564459399553] -99.984001159668
[18.609256799553] -99.9650802612305
[18.654947599553] -99.9635696411133
[18.701338499553] -99.9364471435547
[18.747484999553] -99.9282913208008
[18.792904599553] -99.9410705566406
[18.838383299553] -99.9738922119141
[18.884651599553] -99.9714431762695
[18.929573699553] -99.9372711181641
[18.9731953995529] -99.9219512939453
[19.0177714995529] -99.9257431030273
[19.062640099553] -99.9491119384766
[19.106329999553] -99.9415588378906
[19.151356499553] -99.9513931274414
[19.196612699553] -99.9458770751953
[19.2415084995529] -99.9356155395508
[19.286815599553] -99.9442138671875
[19.331920899553] -99.9435882568359
[19.375640899553] -99.9619522094727
[19.420588399553] -99.9586868286133
[19.465523299553] -99.9727096557617
[19.509586399553] -99.9530029296875
[19.555000999553] -99.9511566162109
[19.599654099553] -99.9694900512695
[19.6439302995529] -99.951545715332
[19.6886753995529] -99.9512481689453
[19.733689899553] -99.9489364624023
[19.779376999553] -99.9426193237305
[19.8234140995529] -99.9558715820313
[19.868295499553] -99.9619979858398
[19.913228299553] -99.9423599243164
[19.957168799553] -99.9412841796875
[20.001523899553] -99.9591674804688
[20.046360299553] -99.9606170654297
[20.089933999553] -99.9807357788086
[20.133930399553] -99.9503707885742
[20.178779799553] -99.9393768310547
[20.222061899553] -99.9478988647461
[20.266163599553] -99.9745025634766
[20.310640399553] -99.9415817260742
[20.355456199553] -99.9277877807617
[20.400022199553] -99.9335861206055
[20.445425299553] -99.9588317871094
[20.489618399553] -100.004776000977
[20.534861799553] -99.9600448608398
[20.579604899553] -99.934326171875
[20.623847699553] -99.9285354614258
[20.668760299553] -99.942008972168
[20.713078899553] -99.9754791259766
[20.756726399553] -99.9390182495117
[20.801297099553] -99.9216613769531
[20.845302999553] -99.9234313964844
[20.889147499553] -99.9441680908203
[20.933733299553] -99.9836959838867
[20.977927399553] -99.94189453125
[21.021741499553] -99.9196319580078
[21.066581199553] -99.916389465332
[21.110572799553] -99.9327926635742
[21.154936699553] -99.9678726196289
[21.198977699553] -99.9655990600586
[21.242541899553] -99.9319534301758
[21.287475799553] -99.9154434204102
[21.332163299553] -99.918212890625
[21.375469199553] -99.9405670166016
[21.4199397995529] -99.9294891357422
[21.4645005995529] -99.9357833862305
[21.507483999553] -99.9615707397461
[21.551263499553] -99.9643249511719
[21.595143199553] -99.9375076293945
[21.638383999553] -99.9279174804688
[21.682127899553] -99.9368057250977
[21.725259099553] -99.9645767211914
[21.769657799553] -99.9577331542969
[21.814064499553] -99.9431533813477
[21.857251799553] -99.9456405639648
[21.901325699553] -99.9391937255859
[21.945329699553] -99.9509963989258
[21.988608999553] -99.9817810058594
[22.034675199553] -99.9469528198242
[22.078666399553] -99.930793762207
[22.122635899553] -99.9343414306641
[22.166496799553] -99.9568634033203
[22.209672599553] -99.9449157714844
[22.253299399553] -99.9497756958008
[22.297127099553] -99.9452972412109
[22.340492499553] -99.9355087280273
[22.384519799553] -99.9434661865234
[22.428843699553] -99.9705581665039
[22.471789799553] -99.9647369384766
[22.516086099553] -99.9403991699219
[22.559680999553] -99.9330139160156
[22.603465899553] -99.9443893432617
[22.647352599553] -99.9507751464844
[22.690489899553] -99.9754257202148
[22.734281199553] -99.9428863525391
[22.778694199553] -99.929084777832
[22.821952899553] -99.934440612793
[22.865853299553] -99.9580078125
[22.908977499553] -99.9656066894531
[22.952641199553] -99.9484710693359
[22.9967769995529] -99.9483489990234
[23.039812699553] -99.9370346069336
[23.083776199553] -99.9433517456055
[23.128372499553] -99.9687652587891
[23.171758799553] -99.9355087280273
[23.215471899553] -99.9218139648438
[23.258967099553] -99.9267654418945
[23.303032699553] -99.9502487182617
[23.348348499553] -99.9930877685547
[23.391471399553] -99.9485549926758
[23.435535499553] -99.9242935180664
[23.4798744995529] -99.9185485839844
[23.5229183995529] -99.9320602416992
[23.566995099553] -99.9633483886719
[23.611082399553] -100.014442443848
[23.655831099553] -99.9651641845703
[23.700187999553] -99.9348449707031
[23.744326999553] -99.9240875244141
[23.7886156995529] -99.9324951171875
[23.833008099553] -99.9601821899414
[23.876997199553] -99.9763870239258
[23.921871599553] -99.9477233886719
[23.966373199553] -99.9390640258789
[24.010056399553] -99.9499130249023
[24.055078999553] -99.9792709350586
[24.099465199553] -99.9635238647461
[24.143737399553] -99.9654006958008
[24.187975199553] -99.9383544921875
[24.232700399553] -99.9286575317383
[24.276231599553] -99.9384765625
[24.320734199553] -99.9666290283203
[24.365781499553] -99.9647598266602
[24.409414099553] -99.9341201782227
[24.453804499553] -99.9212188720703
[24.498405799553] -99.9274139404297
[24.5420649995529] -99.9531631469727
[24.5865735995529] -99.9669570922852
[24.630894499553] -99.9462051391602
[24.674766299553] -99.9432067871094
[24.7188467995529] -99.9317474365234
[24.763449099553] -99.9386215209961
[24.8070084995529] -99.965087890625
[24.851250799553] -99.973388671875
[24.896657999553] -99.946907043457
[24.9400847995529] -99.941276550293
[24.984022199553] -99.9543838500977
[25.0281248995529] -99.9865951538086
[25.071234199553] -99.9496536254883
[25.115313399553] -99.9318389892578
[25.159316699553] -99.9326782226563
[25.203912699553] -99.952522277832
[25.248016299553] -99.9921340942383
[25.291475099553] -99.9515609741211
[25.494816299553] -99.9397430419922
[25.525743999553] -99.9397430419922
[25.554622299553] -99.915397644043
[25.598076299553] -99.9165954589844
[25.641283999553] -99.9369201660156
[25.685578899553] -99.9754486083984
[25.7303225995529] -99.9343795776367
[25.773339099553] -99.9125213623047
[25.817776699553] -99.9096527099609
[25.862177599553] -99.9260635375977
[25.905207999553] -99.9618072509766
[25.949835499553] -100.014602661133
[25.992699999553] -99.9625701904297
[26.037800499553] -99.9306259155273
[26.081588399553] -99.9169692993164
[26.124518399553] -99.9225234985352
[26.168115899553] -99.946044921875
[26.212902299553] -99.9885787963867
[26.257028299553] -99.9442367553711
[26.301497099553] -99.9196395874023
[26.3464041995529] -99.9142532348633
[26.389806299553] -99.928596496582
[26.433718899553] -99.9609375
[26.478220299553] -100.012580871582
[26.521298699553] -99.9623413085938
[26.566016999553] -99.9319152832031
[26.6096608995529] -99.9199523925781
[26.654220599553] -99.9269561767578
[26.698450399553] -99.9535903930664
[26.742224799553] -99.9992141723633
[26.786566599553] -99.9544525146484
[26.830968999553] -99.9283905029297
[26.874684899553] -99.9216384887695
[26.919147599553] -99.9337387084961
[26.962881799553] -99.9654388427734
[27.007070599553] -99.9645080566406
[27.052351699553] -99.9326553344727
[27.096863299553] -99.9183044433594
[27.140545599553] -99.9236297607422
[27.1853495995529] -99.9475784301758
[27.229468699553] -99.9381713867188
[27.435286999553] -99.9454345703125
[27.467455699553] -99.9454345703125
[27.497072399553] -99.9423828125
[27.540264799553] -99.9449920654297
[27.585004599553] -99.9598999023438
[27.628784099553] -99.9647064208984
[27.671900999553] -99.9420700073242
[27.715729699553] -99.9368438720703
[27.758942499553] -99.9503707885742
[27.803476299553] -99.9820327758789
[27.848072999553] -99.9434661865234
[27.891762199553] -99.9246520996094
[27.936002699553] -99.9249420166016
[27.980104699553] -99.9444351196289
[28.023097299553] -99.9829483032227
[28.068075499553] -99.9441146850586
[28.112401499553] -99.9232864379883
[28.155957299553] -99.9220352172852
[28.200495499553] -99.9394149780273
[28.244681499553] -99.9766464233398
[28.288667599553] -99.9373779296875
[28.333227999553] -99.9172058105469
[28.377004199553] -99.9162445068359
[28.421124699553] -99.9341049194336
[28.4651760995529] -99.9711990356445
[28.508302799553] -99.9692687988281
[28.552054899553] -99.934700012207
[28.596623599553] -99.9165191650391
[28.639436299553] -99.91748046875
[28.683658499553] -99.936393737793
[28.7292013995529] -99.9252624511719
[28.773883799553] -99.9324798583984
[28.818816099553] -99.9591445922852
[28.8643304995529] -99.9633026123047
[28.909332099553] -99.9360961914063
[28.955293199553] -99.9272766113281
[29.000311299553] -99.9389877319336
[29.045573799553] -99.9460830688477
[29.0897729995529] -99.9718246459961
[29.134898999553] -99.9507827758789
[29.179555599553] -99.9472579956055
[29.223285899553] -99.9374847412109
[29.2679696995529] -99.9444961547852
[29.312616699553] -99.9410018920898
[29.357826399553] -99.9562530517578
[29.403223799553] -99.9917373657227
[29.450178899553] -99.9514923095703
[29.495797799553] -99.9316177368164
[29.539886999553] -99.9327163696289
[29.584814599553] -99.9528503417969
[29.629180399553] -99.957878112793
[29.6737878995529] -99.9430541992188
[29.717841799553] -99.9452667236328
[29.7619993995529] -99.9380111694336
[29.805276999553] -99.9489822387695
[29.849803499553] -99.9781112670898
[29.893136699553] -99.9652786254883
[29.937274699553] -99.9517974853516
[29.9817781995529] -99.9360198974609
[30.025409799553] -99.939079284668
[30.070206399553] -99.9607543945313
[30.114919599553] -99.9565200805664
[30.1592026995529] -99.9700317382813
[30.2043010995529] -99.947395324707
[30.249881799553] -99.9421539306641
[30.295285299553] -99.9572296142578
[30.340161199553] -99.9924774169922
[30.3843277995529] -99.9547805786133
[30.428158099553] -99.936653137207
[30.471371699553] -99.9375076293945
[30.515220299553] -99.9566650390625
[30.558606799553] -99.9949722290039
[30.602323199553] -99.9553375244141
[30.646703699553] -99.9342193603516
[30.6904112995529] -99.9320907592773
[30.735312499553] -99.9487457275391
[30.780143799553] -99.9856262207031
[30.824568399553] -99.9461517333984
[30.868681399553] -99.9263610839844
[30.918113599553] -99.9258041381836
[30.963294199553] -99.9491424560547
[31.007083699553] -99.9905014038086
[31.051517899553] -99.9492263793945
[31.095365999553] -99.9267272949219
[31.138094599553] -99.9233856201172
[31.181780799553] -99.9380416870117
[31.225060099553] -99.9717483520508
[31.268688399553] -99.9360275268555
[31.312275199553] -99.9184951782227
[31.3569162995529] -99.9196090698242
[31.402670799553] -99.940299987793
[31.449138799553] -99.982048034668
[31.4943418995529] -99.9374923706055
[31.539305299553] -99.9142150878906
[31.584220399553] -99.910888671875
[31.629289999553] -99.9273529052734
[31.6736638995529] -99.9638061523438
[31.720018299553] -100.019012451172
[31.766144799553] -99.9639053344727
[31.811675099553] -99.9299392700195
[31.856028399553] -99.916748046875
[31.900435499553] -99.9231948852539
[31.944506899553] -99.9489898681641
[31.988266999553] -99.99365234375
[32.0334687995529] -99.9494476318359
[32.079030999553] -99.9238433837891
[32.122419799553] -99.9183959960938
[32.166809499553] -99.9316711425781
[32.210967599553] -99.9645919799805
[32.254409399553] -100.016464233398
[32.298559199553] -99.9677886962891
[32.342257799553] -99.9374389648438
[32.385886599553] -99.9261322021484
[32.430089899553] -99.9335174560547
[32.473170899553] -99.9601669311523
[32.517332099553] -100.004341125488
[32.561646099553] -99.9592437744141
[32.605132899553] -99.9332580566406
[32.648749099553] -99.9263076782227
[32.692084999553] -99.9380035400391
[32.735788599553] -99.9680404663086
[32.779559799553] -99.9341354370117
[32.822874399553] -99.9188003540039
[32.868218899553] -99.9220275878906
[32.913024999553] -99.9455795288086
[32.957112099553] -99.9885482788086
[33.003860099553] -99.9455718994141
[33.050333099553] -99.9214630126953
[33.095430599553] -99.9186706542969
[33.138779999553] -99.935920715332
[33.182421999553] -99.9709396362305
[33.226429299553] -99.9331970214844
[33.270813099553] -99.9141311645508
[33.3156508995529] -99.9142303466797
[33.361120399553] -99.9340515136719
[33.405915299553] -99.9744338989258
[33.449645999553] -99.9328002929688
[33.494061399553] -99.9109191894531
[33.539237999553] -99.9080429077148
[33.583949999553] -99.9251480102539
[33.6287959995529] -99.9616775512695
