[0.894768199883401] 0
[1.36074269656092] 0
[1.76102209370583] 0
[1.86146119423211] 0
[1.94598199427128] 0
[2.29518579598516] 0
[2.41184619721025] 0
[4.69529759604484] 0
[5.3947814963758] 0
[5.5447222981602] 0
[5.7285708989948] 0
[7.11157900188118] 0
[8.72800510656089] 0
[9.37796391081065] 0
[9.56119251064956] 0
[9.77775301132351] 0
[11.0117775080726] 0
[11.8106735032052] 0
[13.644261604175] 0
[13.7279643043876] 0
[13.8115986026824] 0
[15.6615867959335] 0
[16.6289406027645] 0
[17.7613012045622] 0
[18.0119665022939] 0
[18.2448286004364] 0
[19.1449362961575] 0
[20.795932197012] 0
[22.1472378000617] 0
[22.37992240116] 0
[22.5962731000036] 0
[23.5971839958802] 0
[26.0465931966901] 0
[26.3471352960914] 0
[26.6292393906042] 0
[26.8796184901148] 0
[27.2637233901769] 0
[27.6956692896783] 0
[28.3103808937594] 0
[28.9092739913613] 0
[29.5139426933601] 0
[29.8143120910972] 0
