[0] 1.47113613022817E-05
[0.0199999995529652] 0.082961425196366
[0.0430052995534425] 0.780081441577652
[0.0525744995529749] 0.916507231046985
[0.0744673995532139] 2.0107899296688
[0.0898036995531584] 3.01248456079623
[0.10671109955274] 4.34286534244056
[0.123427699552849] 5.91718684685278
[0.139410299552765] 7.63481101350763
[0.15644129955308] 9.72882664600363
[0.172622299553041] 11.9307141803497
[0.189198299553027] 14.430222854975
[0.206407199552814] 17.2822371902739
[0.222788399552883] 20.2394480256094
[0.239753899552852] 23.5322070877517
[0.256903899553436] 27.130483479741
[0.273091199553164] 30.7488529178804
[0.289254999553123] 34.606457491423
[0.306639599552909] 38.9718198151159
[0.323210199553614] 43.3958215095637
[0.339160699552849] 47.8790064826596
[0.35601519955344] 52.8719186317452
[0.372584599553193] 58.0593563355425
[0.389334999553284] 45.364631930642
[0.406720199553092] 48.6421847142506
[0.424544599552974] 39.6459107283808
[0.439406799553581] 23.7644862160904
[0.456347699553589] 16.0799307538219
[0.472649099553564] 15.7044399345207
[0.490073499553546] 13.9085592815618
[0.506866699553029] 13.1579386607296
[0.522609899553572] 13.7404840416884
[0.539902999553306] 14.3649212309643
[0.556129699552912] 15.2521562238235
[0.572615899553057] 15.5849624853994
[0.589776999553578] 16.4997355841658
[0.606424699552917] 17.3454445416724
[0.623538799552989] 18.3712780231714
[0.640214499553622] 19.3725585568237
[0.656701199553027] 20.3522975209652
[0.672898799552968] 21.3916598504336
[0.690248399552729] 22.5183922040778
[0.705955599552908] 23.5593585212197
[0.723425599553593] 24.7788611480081
[0.740198099552799] 25.9129775308816
[0.756850399553514] 27.1157762479437
[0.772756699553611] 28.2744888863608
[0.789780199553206] 29.5540098979609
[0.806537799553553] 30.8236332053384
[0.823332599553396] 32.1554699209453
[0.840011999553099] 33.4532528041065
[0.857593199552866] 34.8904046688815
[0.87375139955293] 36.2134414714506
[0.889772999553315] 37.5963181110879
[0.906715599553536] 39.0122995770754
[0.923003199553023] 40.4425044790442
[0.939437699553309] 41.9027695704237
[0.957068999553485] 43.5357936386287
[0.973976499552919] 1.51673326332732
[0.990103699553401] 1.18992379592427
[1.00794939955358] 0.96848138639238
[1.02387199955319] 0.728890309283493
[1.03974389955329] 0.566481922366707
[1.05631339955289] 0.410075119219618
[1.0726086995528] 0.299378890328069
[1.09003409955312] 0.208998368195969
[1.10595129955345] 0.105104986772511
[1.12363879955319] 0.0510056075234268
[1.13982449955347] 0.0255633139554371
[1.15550489955331] 0.0324930655178985
[1.17306499955339] 0.0661716021212237
[1.19078599955355] 0.128710451999951
[1.20732929955284] 0.207076711789422
[1.22400409955299] 0.323364885552731
[1.24006909955278] 0.449246540216042
[1.25652169955356] 0.611976469405668
[1.27279669955351] 0.798494070179304
[1.29005059955307] 1.03230933700297
[1.30701749955279] 1.29521526555711
[1.32384499955333] 1.55146822526298
[1.34004819955317] 0.0478086222175283
[1.35633229955329] 0.0202155953047594
[1.37293799955296] 0.0328519379509053
[1.39032029955342] 0.0492328547904186
[1.40726459955295] 0.016033912255425
[1.42305079955349] 0.0234925157049691
[1.43939379955282] 0.0171801486798195
[1.45585159955317] 0.0266838672163443
[1.47310819955328] 0.0302737064959939
[1.48975859955317] 0.0153206190681054
[1.50607909955306] 0.0242530672781855
[1.52321439955358] 0.0212418230984539
[1.53935649955292] 0.017849472703495
[1.55658099955326] 0.0286573698717991
[1.57283719955285] 0.0204785227401073
[1.58989849955287] 0.0233549257886294
[1.60642119955355] 0.0230906747785904
[1.62294689955343] 0.110400622888843
[1.63952039955348] 0.194420996868576
[1.65707689955343] 0.496403624306645
[1.67248429955362] 0.410860029291107
[1.68956289955349] 0.917376906547934
[1.70676289955281] 1.08631083792543
[1.72273639955347] 0.959743498022457
[1.74026269955357] 1.56287947092208
[1.75692299955335] 1.18775147036861
[1.7724949995536] 0.753094924179774
[1.78936799955318] 0.834816754013187
[1.80741809955362] 0.555597204243043
[1.82381239955339] 0.0795133561192463
[1.84000669955276] 0.0257421079474626
[1.85647809955299] 0.0248960079257184
[1.87297859955288] 0.0347355884306692
[1.89082309955302] 0.0886671891614601
[1.90653819955332] 0.052587139525648
[1.92255489955278] 0.0340344757353564
[1.94001339955321] 0.0447825569191484
[1.9565579995533] 0.0165261685295812
[1.97267949955312] 0.0381715712340448
[1.99003559955327] 0.0407200009975715
[2.00591239955338] 0.0529612635564096
[2.02321729955293] 0.0176858237418772
[2.03923949955333] 0.026302390021784
[2.05624399955286] 0.0373912470056955
[2.07330059955348] 0.0284827746202595
[2.08922149955288] 0.0200633624448587
[2.10631139955331] 0.029451982098928
[2.1235419995528] 0.0287713047175953
[2.13998619955328] 0.0226167210762402
[2.15654049955356] 0.0658727484721115
[2.1735438995529] 0.375283436982079
[2.18983709955319] 0.604273903924235
[2.20592339955328] 0.787294065649646
[2.22309789955307] 1.16947448702095
[2.24009189955359] 0.912201039591495
[2.25612469955286] 0.301830612055389
[2.27345109955331] 0.120104500018635
[2.29053939955338] 0.0248999227580324
[2.3064479995528] 0.0163145247265443
[2.32283419955274] 0.0159016023236793
[2.33972229955361] 0.0174905094169221
[2.35593739955311] 0.0165380846943753
[2.37240659955296] 0.0205358069876678
[2.39024439955301] 0.0234111597635257
[2.40694899955361] 0.0192089946237287
[2.4227096995528] 0.0170706648028746
[2.43948159955289] 0.0232522885284991
[2.45707409955321] 0.029133732093846
[2.47401229955358] 0.0187310360295437
[2.48962959955315] 0.027013652529276
[2.50581909955326] 0.0213068820396647
[2.52333959955286] 0.0370408591450598
[2.54077039955337] 0.0402839103333935
[2.55755669955306] 0.0499685705978725
[2.57391189955342] 0.0792407675731427
[2.58965559955323] 0.131588792142898
[2.6062455995534] 0.307966457623168
[2.62459909955305] 0.555026312902265
[2.64095229955274] 0.506545709711037
[2.65705709955273] 0.567367016270173
[2.67333469955338] 0.520415280078358
[2.68959659955362] 0.288620384909426
[2.70681469955343] 0.182674649984696
[2.72287509955277] 0.120650846179977
[2.74004839955342] 0.130896473067264
[2.75630789955358] 0.122849548823719
[2.77252169955318] 0.065783800747047
[2.78976569955285] 0.0539408967525745
[2.8066877995534] 0.0420465932547742
[2.82251419955355] 0.023866350426062
[2.83964019955329] 0.0243109331628616
[2.8570354995536] 0.0185133701900948
[2.87324539955353] 0.0207263011148061
[2.88949119955305] 0.0172605530389682
[2.90637579955273] 0.0247565875167741
[2.92388549955285] 0.017982232524006
[2.93930319955325] 0.0189861351354653
[2.95685109955321] 0.0261275037936701
[2.97343789955357] 0.0299733478990498
[2.98943159955343] 0.0182067250815456
[3.00589379955272] 500.023380011409
[3.02365379955336] 498.600136742442
[3.04011229955358] 497.277121319018
[3.0570918995536] 495.915449210645
[3.07342639955277] 494.629778650909
[3.08960529955311] 493.322735215975
[3.10584039955302] 227.863245641851
[3.12343449955279] 219.126954892905
[3.13933859955341] 213.572989555782
[3.15634519955347] 208.570888355106
[3.17259259955335] 204.872101461601
[3.19002519955302] 201.176219344473
[3.2059037995532] 198.42414348666
[3.22338799955287] 195.582576485643
[3.23917699955291] 193.395663117163
[3.25700599955326] 190.975000293977
[3.27253319955344] 189.141758210153
[3.28979649955272] 187.13648619006
[3.30644089955331] 185.398268395792
[3.32304079955338] 183.771271692223
[3.3401689995535] 182.123069787858
[3.35629619955307] 180.689061106424
[3.3725520995531] 179.309574687683
[3.38993239955289] 177.882195272919
[3.40591769955336] 176.635440881529
[3.42300179955328] 175.315831045145
[3.43966789955357] 174.131901722043
[3.45680649955284] 172.93764046259
[3.47315879955295] 171.860359780993
[3.48965259955276] 170.785064833513
[3.50669349955297] 169.733130856097
[3.52318739955354] 168.75597096217
[3.53974139955335] 167.803244742732
[3.55605809955341] 166.902815394497
[3.57273869955316] 166.015425199352
[3.59032159955314] 165.106130327611
[3.60674669955279] 164.300971918874
[3.622579199553] 163.539321320725
[3.63924739955291] 162.797335847304
[3.6562960995534] 162.03770518021
[3.67292059955344] 161.194751479649
[3.68947949955327] 160.543606929714
[3.70681079955284] 159.806640197214
[3.72292999955334] 159.211650276618
[3.73933809955361] 158.645834388245
[3.75599739955305] 158.056789883189
[3.77332739955273] 157.520612250215
[3.78958459955356] 157.033728084688
[3.80663869955333] 156.538903191952
[3.82294859955346] 156.091761998896
[3.83952979955302] 155.671044334314
[3.85628959955284] 155.29104990611
[3.87339319955299] 154.886159465098
[3.89017179955317] 154.528284274249
[3.9070386995536] 154.197268368586
[3.92360739955348] 153.905550973709
[3.93952419955349] 153.650111863108
[3.95810039955359] 157.94986110169
[3.97330439955294] 157.765459545047
[3.9901580995529] 157.726098362422
[4.00655609955356] 157.647588065453
[4.02291709955352] 157.57558713612
[4.03992119955274] 157.583346167059
[4.05720459955319] 157.475945229354
[4.07276409955284] 157.023719645522
[4.0907003995535] 156.998075343057
[4.10747469955277] 156.897899005729
[4.1239045995535] 156.832483377975
[4.13977189955312] 156.865531095846
[4.15631549955287] 156.967642870299
[4.17247139955361] 156.990374749363
[4.19009189955341] 157.217538151322
[4.20734039955278] 157.251479810268
[4.22434619955311] 157.488817918926
[4.24061409955357] 162.06214900316
[4.25694399955319] 162.268399728644
[4.27262899955349] 162.492206658303
[4.28942809955333] 162.947550532457
[4.30709299955288] 163.350432683767
[4.32265259955329] 163.454067851608
[4.33924369955275] 163.77056963539
[4.35678659955283] 163.866603455476
[4.37333409955318] 163.998688634185
[4.3899953995533] 164.222314777119
[4.40658149955289] 164.596254480672
[4.42290849955316] 164.988050159837
[4.44017839955359] 165.447077805461
[4.45638929955294] 165.896056608528
[4.47252859955279] 166.348299751714
[4.49009159955312] 166.868578339382
[4.50638069955312] 167.395515946817
[4.52297389955311] 167.937172551916
[4.54029239955344] 168.525996584497
[4.55647039955329] 169.101229805262
[4.57296249955289] 169.716432801182
[4.59091409955272] 170.474162038247
[4.60762709955361] 171.15016008212
[4.62364899955355] 171.895432934447
[4.64059279955291] 172.732906909253
[4.65607189955335] 173.330059460467
[4.67245019955317] 174.164977070265
[4.68954349955311] 174.987404532074
[4.70591509955284] 175.71609671662
[4.7226386995535] 176.51058705541
[4.74164379955346] 177.513130561755
[4.75649639955282] 178.193969443797
[4.77377239955331] 179.152012812542
[4.79047579955295] 180.071194338856
[4.80716979955287] 175.978658080229
[4.82242199955363] 176.279554118379
[4.84006279955338] 177.050118919491
[4.85580769955322] 177.743669416479
[4.87320599955274] 178.545974310411
[4.89009569955306] 179.361691700899
[4.90637829955358] 180.154583861777
[4.92268779955339] 180.977151457234
[4.93941429955339] 181.838696625635
[4.95711589955317] 182.782923301038
[4.97265689955293] 183.651297300303
[4.99038909955289] 184.664310753814
[5.00693869955285] 185.619415955436
[5.02357909955299] 186.671938852892
[5.03991809955278] 187.766946130109
[5.05684899955304] 189.040856984122
[5.07421899955352] 190.261240885937
[5.09006089955346] 190.864343532099
[5.10722529955274] 191.97938489475
[5.12251689955337] 192.81628896366
[5.13972959955299] 193.961987055569
[5.1563874995536] 195.098932224083
[5.17343949955284] 196.292274615166
[5.19082239955333] 183.058468944311
[5.20687209955304] 168.015343722557
[5.22279319955305] 164.575264653968
[5.24012289955317] 164.723006295151
[5.25653919955312] 164.915732012258
[5.27375869955358] 165.080479770569
[5.2901812995533] 165.269765551052
[5.30631609955344] 165.483424392761
[5.32320869955311] 165.556873458627
[5.34029989955343] 161.214063892557
[5.3564352995536] 161.412802702671
[5.37256859955323] 157.085526853039
[5.3891523995535] 157.311381847132
[5.40708739955335] 157.740529529888
[5.42342479955278] 157.821354627753
[5.4395503995529] 158.019091415429
[5.45636209955319] 158.281438887787
[5.47254389955287] 158.438094612725
[5.48936499955289] 158.500952227471
[5.50612549955349] 158.602286437291
[5.52285289955307] 158.789799191678
[5.54018199955317] 159.017458148264
[5.55679599955329] 159.204696355881
[5.57375699955355] 159.451501595534
[5.58999179955299] 159.657679644803
[5.60640739955306] 159.883290222322
[5.62271439955293] 160.094979231761
[5.63966989955316] 160.311135048312
[5.65616319955279] 160.533448040752
[5.67335119955351] 160.777857789311
[5.69024819955303] 161.037964989979
[5.70618969955285] 161.231005928201
[5.7234687995533] 161.48162326156
[5.74055859955297] 161.729759555658
[5.7570112995536] 161.950222617057
[5.77302989955297] 162.182730563096
[5.78975809955318] 162.433259913214
[5.8060118995536] 162.67575643291
[5.82355449955321] 162.951406719667
[5.83972389955306] 163.206087337928
[5.85663319955347] 663.466807983711
[5.87327539955277] 663.195661130552
[5.89039529955335] 662.927158214754
[5.90616679955292] 662.685117424724
[5.92326209955354] 662.427069631428
[5.94039609955325] 662.178517614047
[5.95603729955292] 659.025061958374
[5.97313959955318] 658.20787898383
[5.98929299955307] 657.432499039386
[6.00558249955338] 313.800514669402
[6.0228422995533] 299.284514962357
[6.04028869955346] 297.99519588045
[6.05650739955308] 296.947771941478
[6.0726856995534] 295.096654561819
[6.0896164995529] 294.086284090017
[6.10632059955333] 293.27230039284
[6.12294279955313] 262.705233416626
[6.13932129955356] 261.989286258193
[6.15675659955286] 260.256294863453
[6.17279669955315] 259.447613636895
[6.19011489955301] 258.623142137988
[6.20591559955301] 257.900807727171
[6.22258119955313] 257.166124699041
[6.23955789955289] 256.446879542593
[6.25595139955294] 255.792593422908
[6.27257779955289] 255.144857352732
[6.2903569995533] 254.496797766068
[6.30686729955323] 253.916180561736
[6.32325389955349] 253.385887729238
[6.33949619955274] 257.378645163748
[6.35586189955302] 256.893532558983
[6.37363439955334] 256.407891905308
[6.38957769955323] 256.00152501403
[6.40621219955301] 255.626909729661
[6.42309709955316] 255.210726403881
[6.4394817995535] 254.8852622727
[6.45660189955288] 254.561670906397
[6.47285189955346] 754.118760469098
[6.49038249955356] 753.186657547493
[6.50595649955358] 752.368662875817
[6.52332629955345] 751.568628228142
[6.54049679955278] 750.795386056753
[6.55622029955339] 750.111772798482
[6.57353169955331] 749.418802949165
[6.58968659955281] 748.795989945628
[6.60613909955282] 748.108486696289
[6.62349229955362] 747.49233380229
[6.64062429955356] 518.85769264579
[6.65728639955341] 516.481227244555
[6.67260249955325] 514.827080968656
[6.69049499955327] 513.008663854274
[6.70656429955307] 511.498874010137
[6.72251139955279] 510.149540853573
[6.73984839955301] 508.847902889588
[6.7573813995532] 507.342221083303
[6.77429149955333] 501.553354051957
[6.79039739955351] 500.394842010064
[6.80704489955315] 496.671649631159
[6.82311589955316] 495.312245713061
[6.83939089955311] 493.814647163641
[6.85644709955341] 492.547141973945
[6.87271979955312] 490.827464426312
[6.88960239955304] 489.455968237166
[6.90656849955303] 488.149663809527
[6.9223696995532] 487.248208354264
[6.93959829955293] 486.139166630253
[6.95595009955287] 485.258108734447
[6.97294139955284] 484.31530600056
[6.99063439955353] 483.454042956415
[7.00747399955344] 482.754388371498
[7.02368479955294] 482.162098029729
[7.03885659955358] 481.679863361781
[7.05714079955305] 481.506666119211
[7.07302809955308] 480.632266564704
[7.08970599955319] 480.076958557927
[7.10598309955276] 479.495296775679
[7.1231806995529] 479.107910572347
[7.13953069955278] 478.309895148938
[7.15749789955316] 477.888677670576
[7.1730279995536] 477.516897063989
[7.18964579955355] 477.299989673229
[7.2069564995536] 977.05229004708
[7.22392099955323] 975.797783420673
[7.23920029955298] 973.22064155981
[7.25675819955359] 972.142911332961
[7.27270629955274] 971.253307988376
[7.28985709955305] 970.360675380308
[7.30635529955362] 969.45307113636
[7.3234596995535] 968.552818007311
[7.33919769955355] 967.784402355476
[7.35623629955353] 691.680515762659
[7.37305759955325] 1184.3619321728
[7.38993709955321] 1175.52807191851
[7.40624799955276] 1170.77463567672
[7.42334689955351] 1113.38868385691
[7.44020369955342] 1109.85582649576
[7.45709639955294] 1108.05163364572
[7.47292589955305] 1106.42414250262
[7.49023739955283] 1104.74782735156
[7.50643139955355] 1103.27978410255
[7.52275429955353] 1101.90024234997
[7.54017669955283] 912.198313217682
[7.55685019955308] 905.007630120093
[7.57301249955344] 899.6754917297
[7.5896691995531] 894.73624662352
[7.60708329955287] 894.702380321989
[7.62293249955292] 890.461964159571
[7.63996349955323] 887.180665569356
[7.657360399553] 883.627442081861
[7.67400829955295] 879.987918950428
[7.68931519955277] 877.403915921262
[7.70593919955354] 875.039845334794
[7.72332519955307] 872.455459413399
[7.74017499955335] 875.110305946244
[7.75620499955312] 873.39261826382
[7.77269939955295] 871.488967125276
[7.78922229955333] 869.843316374757
[7.80583239955286] 868.392239600963
[7.82319229955283] 866.8389761355
[7.83991019955283] 865.658139148246
[7.85630679955284] 797.625898647552
[7.87354979955307] 794.788792447668
[7.88923959955355] 792.550887060784
[7.90636409955277] 790.082335776069
[7.92344229955324] 787.889066108756
[7.94079799955307] 786.276377402069
[7.95724129955306] 785.068000457572
[7.97332529955293] 782.903296143437
[7.98911669955305] 781.579995299123
[8.00625079955353] 779.738284513733
[8.02285789955295] 776.603507094203
[8.0398399995529] 774.606619926771
[8.05712579955343] 772.622573289718
[8.07343479955307] 770.5153874578
[8.09066369955326] 768.878675802245
[8.10774609955297] 767.241069030372
[8.12394129955283] 1265.8528738161
[8.14017119955315] 1264.09153417949
[8.15640069955316] 1262.3295423573
[8.17311359955329] 1260.55254212049
[8.18959799955337] 1258.98287348313
[8.20676709955296] 1257.36310826635
[8.22337579955274] 963.941244882157
[8.23955059955279] 954.913052351405
[8.25630139955319] 943.192796355995
[8.27292799955285] 938.274041669207
[8.28976949955359] 1429.61347004642
[8.306659199553] 1425.42766615914
[8.32343519955339] 1421.98835340343
[8.34006709955338] 1418.67536517075
[8.35701519955273] 1415.6415532421
[8.37307649955346] 1413.03585177376
[8.38985499955288] 1365.28793975103
[8.40687809955307] 1107.3179199817
[8.42301709955336] 1104.11675081705
[8.44073749955351] 1097.50572929964
[8.45692749955288] 1092.88978107686
[8.47257979955339] 1089.26879926061
[8.48988449955323] 1085.15447079245
[8.50568909955291] 1081.91548493832
[8.52321439955358] 1078.40448644434
[8.53945219955312] 1075.74325998436
[8.55577269955302] 1036.22431001508
[8.57260639955348] 1034.06318797264
[8.58996659955301] 1031.93928176243
[8.60622699955275] 1030.29561522667
[8.62251629955335] 1028.70949554239
[8.63996899955328] 1027.12346550619
[8.65618689955318] 1025.89345195247
[8.67289779955354] 1024.75486900121
[8.68998349955291] 1023.81691564726
[8.70581439955276] 1022.81112643636
[8.72348699955273] 1022.04760786424
[8.73968589955348] 1021.36018899381
[8.75733869955275] 1020.80037910543
[8.7725521995535] 1020.44235382689
[8.78973389955354] 1020.11222179733
[8.80680379955356] 1020.04118657621
[8.82286239955283] 1020.01618370555
[8.83979539955362] 1020.24335705387
[8.85700469955282] 1020.51949075477
[8.87267679955312] 1020.50430639908
[8.88936659955289] 1020.68673443033
[8.90737089955292] 1020.92320499522
[8.92278609955338] 1021.0500986631
[8.94041559955349] 1021.50531713384
[8.95665159955297] 951.930399295991
[8.97355699955278] 950.165897087125
[8.9894623995533] 949.530513071214
[9.00649209955282] 948.930979065604
[9.0231676995536] 948.478668714487
[9.04070379955283] 948.148192642855
[9.05738069955351] 947.956380989191
[9.07353029955357] 947.905449442199
[9.09098889955294] 948.304229522439
[9.1060182995534] 948.214171064174
[9.12446929955331] 949.098805249049
[9.1407710995536] 948.162673181308
[9.15655019955284] 948.22859798242
[9.17310759955308] 948.632201289093
[9.19001249955272] 949.132756589948
[9.20739159955338] 949.768454431011
[9.22301379955297] 950.065469061746
[9.23975669955325] 950.73699520744
[9.25629909955296] 951.450368675467
[9.27290999955312] 952.334855691394
[9.28954869955305] 908.346748835435
[9.30660949955291] 908.40710166084
[9.32355739955347] 908.564343389301
[9.3394046995536] 908.775656175774
[9.35841079955298] 909.185321792988
[9.37337989955358] 1409.46584687261
[9.39045529955274] 1409.35321915441
[9.40645969955312] 1409.32781810789
[9.42413669955295] 1409.38103194396
[9.44121979955344] 1409.46964173921
[9.45625129955351] 1409.60980596907
[9.47285929955342] 1409.86928020793
[9.48968499955299] 1410.14474567502
[9.50581619955301] 1410.57892046651
[9.52339209955335] 1223.55124521272
[9.53942669955359] 1220.41157459785
[9.5562933995534] 1217.96182571361
[9.57277239955329] 1215.72414415306
[9.58929229955356] 1213.50637903935
[9.60705589955342] 1211.27260068264
[9.62250879955354] 1209.42284851464
[9.64052449955307] 1207.45836068992
[9.65652989955288] 1205.70044652797
[9.67310009955327] 1204.07821527797
[9.68978689955293] 1202.52557060864
[9.70668799955274] 1200.91844761092
[9.72416529955353] 1199.51712224028
[9.74027989955357] 1198.43518430146
[9.75745219955297] 1197.2279601306
[9.77147659955335] 1196.21147441976
[9.79338809955334] 1694.73168524301
[9.80665679955291] 1692.83413480332
[9.82354399955329] 1498.50128725988
[9.84034569955293] 1496.34001154326
[9.85594629955358] 1494.50199857659
[9.87394749955274] 1492.53935497877
[9.89014009955281] 1490.76335744626
[9.90664009955344] 1489.00828673395
[9.91878449955311] 1487.86572861666
[9.93968519955342] 1485.98008480896
[9.95699329955278] 1984.47234576748
[9.97636549955314] 1981.3338637743
[9.9876750995536] 1979.46260809453
[10.0076269995534] 1790.52076516593
[10.0238274995536] 1787.43800129258
[10.0415992995531] 1784.06908377457
[10.0531446995528] 1719.60758266766
[10.0733742995535] 1714.04856127395
[10.0899347995528] 1709.97575662554
[10.1062059995529] 1706.05711790666
[10.1227232995534] 2202.2837062413
[10.1392271995528] 2197.20760983354
[10.1563956995533] 2192.05706049959
[10.172681899553] 2187.29771421414
[10.1899022995531] 2031.01953379591
[10.2068523995531] 2024.03545974305
[10.2235077995529] 2017.20707596897
[10.2392933995534] 2011.24780958463
[10.2568259995533] 2004.95989815516
[10.272652699553] 1999.62960745728
[10.2895421995536] 1994.0939558809
[10.3063479995535] 1988.77608658974
[10.3228810995533] 1983.82227425511
[10.3399101995528] 1964.25121631963
[10.3564366995533] 1958.88868213385
[10.3734270995528] 1953.4080568735
[10.3892481995535] 1948.62865812052
[10.4084688995536] 1942.78521665236
[10.4238156995534] 1938.26856510133
[10.4413007995536] 1933.13156019863
[10.4570150995532] 1928.89801293375
[10.4727400995534] 1924.61082113191
[10.4894053995531] 1920.19842434807
[10.5072026995531] 1915.49425371184
[10.5235685995531] 1911.42790561267
[10.5392409995529] 1907.61468934948
[10.5562969995535] 1903.54755361606
[10.573264699553] 1899.4858790374
[10.5893873995528] 1895.78246580463
[10.6074760995534] 1891.68773263794
[10.6234374995529] 1883.68466038886
[10.6405332995528] 1875.50272937933
[10.6566041995529] 1872.23552538208
[10.6731466995534] 1868.87068269801
[10.6892178995531] 1865.80852492001
[10.7076717995533] 1862.27664758263
[10.723036499553] 1859.44367818548
[10.7397223995531] 1856.43783651021
[10.7568040995529] 1853.40136017834
[10.773288499553] 2350.56107591914
[10.7904364995529] 2346.09252714343
[10.8071688995533] 2341.77247570578
[10.8232133995534] 2337.70801313006
[10.8398769995529] 2033.1153942566
[10.8569549995527] 2029.0293214764
[10.8734202995529] 2025.14036042334
[10.8913167995534] 2020.90272471077
[10.9064430995531] 2017.48618842302
[10.9224221995528] 2014.00248572086
[10.9396447995532] 2010.24442813889
[10.9564920995535] 2006.71366969132
[10.9724842995529] 2003.41450031253
[10.9898773995528] 2499.91092302484
[11.0061750995528] 2495.15573479396
[11.0235069995533] 2490.17822519486
[11.040262599553] 2485.40703345565
[11.056973099553] 2480.82385055702
[11.0728766995535] 2290.07609826076
[11.0895325995534] 2281.54391440741
[11.1067243995531] 2272.93447826764
[11.123484699553] 2265.74711976639
[11.140281299553] 2259.08692365969
[11.1557442995536] 2253.58517778256
[11.1736397995528] 2747.25918494871
[11.1894717995528] 2740.84341059261
[11.206587699553] 2733.84580682189
[11.2234756995531] 2727.25330657697
[11.2406991995531] 2720.72248177526
[11.2566372995534] 2714.99669503638
[11.274312599553] 2547.79008550758
[11.2890423995532] 2542.75478885895
[11.3059905995533] 2536.87850853422
[11.3225379995529] 2531.59671097654
[11.3397000995528] 3026.02896714773
[11.3574660995528] 3018.81077405588
[11.373246999553] 3012.53947907592
[11.3899799995534] 3006.04504832249
[11.4073852995534] 2996.18838315334
[11.4233492995536] 2989.79856449651
[11.4400303995535] 2983.23676096041
[11.4570848995536] 2976.74561095407
[11.4736039995532] 2846.09690699251
[11.4903082995534] 2843.85577580461
[11.5076122995533] 2832.01315583807
[11.5244662995528] 3307.70706309893
[11.5404767995533] 3297.23598181228
[11.5562226995535] 3287.5402594515
[11.5730350995527] 3277.32468467857
[11.589331999553] 3268.16919301681
[11.606409899553] 3258.74675671698
[11.6226979995536] 3250.01616847445
[11.639610399553] 3241.17443901958
[11.6561981995528] 3232.74439873596
[11.6733153995528] 3224.29331910022
[11.6893822995535] 3216.58132505814
[11.7058205995536] 3208.69709046337
[11.7234629995528] 3200.5040862254
[11.7396288995533] 3063.65730049443
[11.7568289995534] 3055.37371905861
[11.7728367995533] 3047.78117877617
[11.7901272995532] 3039.83057233546
[11.8067774995534] 3032.39894829281
[11.8232812995529] 3025.1200007579
[11.8393257995531] 3018.10576789993
[11.8562176995529] 3010.97005490124
[11.8728158995527] 3004.06601584787
[11.8894470995529] 2996.59324664502
[11.9076504995528] 2988.99845644336
[11.9230887995536] 2982.86755505178
[11.9403408995531] 2976.02964453938
[11.9566774995528] 2969.63286580668
[11.9735275995536] 2963.1717957115
[11.9905925995536] 2956.79307590066
[12.0068585995532] 2950.83896146433
[12.0237182995534] 2944.71272502772
[12.0395251995533] 2939.17602976656
[12.0564003995532] 2933.35727591371
[12.0726569995531] 2927.87136014809
[12.0895497995534] 2922.2536368678
[12.1062013995534] 2916.83574746425
[12.1229261995531] 2911.39988283393
[12.1392088995535] 2906.27202528341
[12.1558576995531] 3401.12224684855
[12.1734558995531] 3394.2064667816
[12.1894422995529] 3388.09312450729
[12.205903899553] 3381.8640387996
[12.2230652995531] 3375.24148511598
[12.2397856995531] 3368.33707959343
[12.2561286995533] 3361.7256653029
[12.2736307995528] 3354.74061840868
[12.2898732995536] 3348.40745935786
[12.3064633995527] 3341.99568782695
[12.3229851995529] 3835.7323541912
[12.3399514995535] 3827.90290005728
[12.356102699553] 3820.5384805699
[12.3730662995531] 3812.8730301683
[12.3904572995534] 3805.16108544182
[12.406755299553] 3798.04641913931
[12.4235226995534] 3790.80418529139
[12.4393793995532] 3770.57961493464
[12.4569454995535] 3762.5639944433
[12.4729417995532] 3755.28739735739
[12.4894284995535] 3747.90717714495
[12.5061215995529] 3740.49499476529
[12.5225160995533] 3692.28195776974
[12.539590499553] 3683.05677772495
[12.5564424995528] 3674.11566873257
[12.573591499553] 3665.11557424812
[12.5893005995531] 3657.03604379376
[12.6066134995535] 3648.20686884889
[12.6225984995535] 3598.67496393597
[12.6402514995534] 3587.83487498989
[12.6563724995531] 3579.47873694839
[12.6734703995535] 3570.70991592885
[12.6893112995531] 3562.75726859321
[12.707625299553] 3553.58954307157
[12.7233939995531] 3545.92741797582
[12.7401331995534] 3537.78193205387
[12.7561702995536] 3530.1406066345
[12.7734472995535] 3521.93138612731
[12.7896966995531] 3514.39064632122
[12.8076492995533] 3506.07597153119
[12.8242614995534] 3498.51183065345
[12.8400060995527] 3491.45535766925
[12.8566067995534] 3484.15447058145
[12.8731913995534] 3476.92158260904
[12.8895050995534] 3469.89935321328
[12.905962199553] 3462.80043292638
[12.9230512995528] 3455.74323377586
[12.9395630995532] 3448.89346701489
[12.9568101995528] 3441.93585994161
[12.9729073995532] 3435.4714180669
[12.9899803995531] 3428.75944204921
[13.0067891995532] 3422.21819239701
[13.0227047995531] 3416.07801779606
[13.0399383995527] 3419.53544549954
[13.0559233995527] 3411.85256016655
[13.0735910995536] 3403.33748575509
[13.0904505995532] 3395.61120446337
[13.1060333995529] 3388.68724151272
[13.1230938995532] 3381.40426615847
[13.1403213995536] 3374.80913139196
[13.156511399553] 3367.53938372552
[13.173567199553] 3359.96427257175
[13.1900334995535] 3352.92778354688
[13.2064642995529] 3346.03097733029
[13.2234676995531] 3338.98271935193
[13.2396852995535] 3332.34993953463
[13.2565381995528] 3325.68127564121
[13.2730852995528] 3319.19519488385
[13.2898823995529] 3312.81081837757
[13.306861299553] 3306.41463069213
[13.3226481995534] 3300.60189992176
[13.3391117995534] 3294.56107175933
[13.357352299553] 3288.12215356483
[13.3736584995531] 3282.17939978451
[13.390276999553] 3276.52207262329
[13.4074235995531] 3270.71518503655
[13.4234926995532] 3265.39899171131
[13.4399549995533] 3260.01538702078
[13.4563913995535] 3254.80483422459
[13.4736087995534] 3248.00745950851
[13.4893405995535] 3241.39882447407
[13.5061222995528] 3238.17673340422
[13.5227587995532] 3232.28155905471
[13.5396814995529] 3226.24168897331
[13.556419599553] 3220.55430615582
[13.5736727995536] 3214.68732815139
[13.5902115995532] 3209.12820465711
[13.6059746995534] 3203.78987396995
[13.6228765995529] 3198.34222550163
[13.6397321995528] 3192.79389748512
[13.6567663995529] 3187.43320757399
[13.6728738995535] 3182.46649199508
[13.6901790995535] 3177.32568171336
[13.7064552995535] 3172.49309102023
[13.7242419995528] 3167.3618909942
[13.7401854995533] 3162.68632798213
[13.7566573995528] 3158.05294682891
[13.774359899553] 3153.15754655396
[13.7898953995527] 3149.07928376225
[13.8058389995531] 3144.9559750538
[13.8229164995528] 3140.53791815122
[13.839198699553] 3136.38894392153
[13.8567216995534] 3132.14769829222
[13.8726222995529] 3128.33543370887
[13.8898741995536] 3128.79045061571
[13.9060324995535] 3125.09802759756
[13.9224971995536] 3121.44371531446
[13.9400142995528] 3117.63636938282
[13.9559105995531] 3113.60557668685
[13.9731951995527] 3109.8729993857
[13.9900424995531] 3106.33837223178
[14.0058680995535] 3103.11318393573
[14.0232381995529] 3099.66862584918
[14.0394143995536] 3096.50673695152
[14.0558063995531] 3093.46922226903
[14.0728006995532] 3090.36591449475
[14.090262099553] 3087.56711532703
[14.1065890995533] 3084.68815586375
[14.1233189995528] 3081.97855994086
[14.1396695995536] 3079.62177032557
[14.1567276995529] 3077.57777194508
[14.1728134995528] 3075.14434045108
[14.1896444995527] 3072.87441222355
[14.2065377995532] 3070.19240429352
[14.2225860995532] 3067.61816473096
[14.2392136995531] 3065.31757517119
[14.257406099553] 3063.05115682441
[14.2726654995531] 3060.75697479091
[14.2899398995532] 3058.72369710747
[14.3073841995529] 3056.61883167962
[14.3228912995528] 3054.91433860849
[14.3400237995529] 3053.18984802714
[14.3558344995536] 3051.66919990135
[14.3725032995535] 3041.47904858854
[14.3899664995533] 3039.38067543713
[14.4068334995536] 3037.43550875973
[14.4229729995532] 3035.65712520949
[14.4396751995528] 3033.89618344565
[14.4563061995532] 3032.20058694019
[14.4731929995532] 3030.58657345483
[14.4893294995536] 3029.12780241066
[14.5063290995531] 3027.66815407646
[14.5224219995534] 3026.37690192316
[14.5397082995532] 3025.07519003924
[14.5568425995534] 3023.86704122445
[14.5727069995528] 3023.25345649481
[14.5895814995529] 3023.97197232325
[14.6068698995532] 3026.02201272691
[14.6234912995533] 3024.32750206705
[14.6396416995531] 3022.76862331902
[14.6574571995534] 3022.70271307387
[14.6734110995531] 3020.36658337896
[14.6900482995534] 3019.93870016101
[14.7071600995532] 3019.10796553273
[14.7236148995535] 3017.45492346034
[14.7393405995535] 3016.60899375729
[14.7564338995535] 3016.28506749701
[14.7735278995533] 3016.17584203217
[14.7894466995531] 3016.16689142856
[14.8059683995534] 3016.23731020075
[14.8225637995529] 3016.38491250317
[14.8397813995534] 3016.64370824608
[14.8566910995532] 3016.94719876351
[14.873188599553] 3017.35507493291
[14.8898692995535] 3017.84309734251
[14.9068001995529] 3018.43467140518
[14.9232237995529] 3019.0613455229
[14.9396196995531] 3019.77891890255
[14.9573870995528] 3020.65427345296
[14.9728368995529] 3021.57539195843
[14.9899854995529] 3023.06431967959
[15.0066379995533] 3025.33788798603
[15.0243812995532] 3028.50437951275
[15.0405570995536] 3029.21141102992
[15.0581908995528] 3031.37546953124
[15.0737545995535] 3030.83158974621
[15.0893940995529] 3032.22302648605
[15.1073290995528] 3034.47056055174
[15.1227958995532] 3034.24842871521
[15.1403880995531] 3036.67209328356
[15.1563465995532] 3037.36466771858
[15.1736099995533] 3038.96573662282
[15.1900647995535] 3040.745915104
[15.2058964995531] 3040.79304621289
[15.2226665995531] 3042.69080083013
[15.2402294995536] 3044.76074028341
[15.2558518995529] 3046.65443165044
[15.272734399553] 3048.80350697517
[15.289962799553] 3051.07597474708
[15.3068345995534] 3053.41114383921
[15.3238202995535] 3055.82001698169
[15.3393076995535] 3058.11173221351
[15.3577803995531] 3060.90942514497
[15.3726964995531] 3063.27672052644
[15.390111099553] 3066.08047700634
[15.4060912995528] 3068.75756394549
[15.4226837995529] 3071.58961502655
[15.4394873995534] 3074.59792404718
[15.4559258995532] 3077.55408855759
[15.4731989995535] 3080.77809517877
[15.4903352995534] 3084.08999608357
[15.505900999553] 3087.19970857063
[15.5231185995535] 3090.67242859133
[15.5399648995535] 3097.97538953643
[15.555813899553] 3100.64942488736
[15.5728146995534] 3103.64008690619
[15.5908225995536] 3110.82422367724
[15.606761299553] 3113.5939323886
[15.6227070995528] 3116.50384143333
[15.6398753995536] 3119.72691101092
[15.6564078995534] 3122.92954283695
[15.6729576995531] 3126.25221010338
[15.689877799553] 3129.7004378825
[15.7060013995533] 3133.16552263137
[15.722611999553] 3136.69698680007
[15.7398042995528] 3140.53331979379
[15.7562610995528] 3144.29809328453
[15.7733794995529] 3148.19297872279
[15.7903658995529] 3152.11005167773
[15.8075477995535] 3156.22751895603
[15.8230403995531] 3160.05611283353
[15.8402495995533] 3164.34463095539
[15.856653799553] 3168.45232609353
[15.8727531995528] 3172.61128054633
[15.8901088995535] 3177.17166071254
[15.9062584995536] 3181.54600735684
[15.9235815995535] 3186.22610502143
[15.9393106995531] 3190.60787993762
[15.9558868995528] 3195.28252647346
[15.9731319995535] 3200.23230551952
[15.9900832995536] 3205.22505182792
[16.0062853995532] 3209.97658959186
[16.0230571995535] 3215.0091218959
[16.0397598995532] 3217.68849886841
[16.0561445995536] 3221.7668135478
[16.0734967995531] 3226.22059784781
[16.0894616995529] 3230.3433713539
[16.1070611995528] 3234.53058191047
[16.1237437995533] 3237.84496253721
[16.1395003995531] 3240.37600436763
[16.1560471995535] 3243.09004140837
[16.173409299553] 3246.05182869832
[16.1898704995529] 3248.87885649079
[16.2067001995529] 3251.87135645076
[16.2234851995536] 3254.95742179126
[16.2393382995533] 3257.95968610557
[16.2564934995535] 3261.26213177275
[16.2729904995531] 3264.50733281656
[16.2915230995532] 3268.25346424521
[16.3058745995531] 3271.20161387701
[16.3242755995534] 3275.07565716138
[16.3396073995527] 3278.37010945876
[16.356282099553] 3282.02568242857
[16.3731633995531] 3284.57656643093
[16.3899893995531] 3287.26496043998
[16.406800099553] 3290.04917819942
[16.4226472995533] 3292.76318672357
[16.4399288995528] 3295.75311727411
[16.4564576995535] 3298.72881967757
[16.4731182995529] 3301.79430694764
[16.4902760995528] 3307.04973305092
[16.5082187995531] 3309.64532111738
[16.522571599553] 3311.75149514061
[16.5400646995531] 3313.52648702358
[16.5564832995533] 3314.41457208891
[16.5727775995529] 3317.73646568065
[16.5900989995534] 3316.9243257694
[16.6058938995529] 3316.30604991668
[16.6235677995528] 3315.69197610437
[16.6392152995531] 3315.26790755986
[16.6561278995532] 3314.89201415444
[16.672852699553] 3314.60630497005
[16.6899345995535] 3314.41336247364
[16.7060928995534] 3314.33003165579
[16.7232773995529] 3314.31115129865
[16.7400763995529] 3314.39832085594
[16.7566244995533] 3314.56751971164
[16.7727721995534] 3031.84082102112
[16.7895371995528] 2936.15416671943
[16.8061428995534] 2904.98070051511
[16.8238938995528] 2891.87407538353
[16.8403126995536] 2884.36108365213
[16.8563068995536] 2879.33068544907
[16.8742122995536] 2875.16822893153
[16.8895903995535] 2871.82824592968
[16.906336299553] 2868.67421685537
[16.9233058995533] 2865.76495025222
[16.9393020995531] 2863.19977184199
[16.9561844995533] 2860.70329035244
[16.9730435995534] 2858.35459158673
[16.9909459995533] 2856.0190398376
[17.0060419995534] 2854.08600326945
[17.0240543995533] 2851.85783385183
[17.0395857995536] 2849.99292022107
[17.0565927995531] 2845.33286341804
[17.0725481995532] 2842.39040349068
[17.0893462995527] 2839.36244674251
[17.1064873995529] 2836.33310790718
[17.1236841995533] 2833.38922305948
[17.1401404995531] 2830.65064764824
[17.1567461995528] 2827.95080861729
[17.1725627995529] 2825.43730190538
[17.1897498995531] 2822.8025917201
[17.2068735995535] 2820.24241069649
[17.2234261995536] 2817.81752716444
[17.2395236995535] 2815.54207636706
[17.2562511995529] 2813.23168745538
[17.2731308995535] 2810.98500691088
[17.289701699553] 2808.8414861368
[17.3065009995535] 2806.72584418267
[17.3226248995534] 2804.79510981491
[17.3397033995534] 2802.77012198262
[17.3563131995534] 2800.86874782296
[17.3735156995535] 2798.97781446566
[17.3889598995529] 2797.30677269611
[17.4060148995532] 2795.60707557578
[17.4238915995529] 2793.85021227815
[17.4402546995534] 2792.27684570462
[17.456464199553] 2790.82768321532
[17.4731674995528] 2789.39325733308
[17.4900236995536] 2790.09933028916
[17.5062640995529] 2788.07997285686
[17.523271899553] 2786.02926249404
[17.5392462995533] 2784.11032417895
[17.5561124995529] 2782.21475184066
[17.5736561995536] 2780.2879999875
[17.5894706995532] 2778.56976456532
[17.6065729995535] 2776.83828126603
[17.6227391995535] 2775.26401027267
[17.639917599553] 2773.5494373037
[17.6559064995536] 2772.10425827714
[17.6727492995533] 2770.64605167667
[17.6899433995532] 2769.12249741156
[17.7061891995536] 2767.74686875915
[17.7231984995533] 2766.38408547738
[17.7399924995534] 2765.09871736137
[17.756095099553] 2763.8792359353
[17.7732741995533] 2762.65145808362
[17.790197499553] 2761.46826843274
[17.8062640995531] 2760.40282468108
[17.823582899553] 2635.54012898744
[17.8394954995529] 2633.78233939928
[17.8564451995535] 2632.2401820145
[17.8732572995532] 2569.75183230274
[17.8891430995536] 2566.38598141708
[17.9067038995536] 2564.05130468298
[17.9229594995531] 2550.42462086238
[17.9400733995535] 2547.22423287784
[17.9562205995535] 2544.84370997687
[17.9729638995532] 2542.52989991693
[17.990138999553] 2540.23978297267
[18.0077974995529] 2537.97302826551
[18.0236088995534] 2536.00782539724
[18.0401148995534] 2532.97667306903
[18.0578905995535] 2530.78443728901
[18.074237799553] 2528.86979520701
[18.0895632995534] 2527.12467335712
[18.1067991995533] 2525.21636761159
[18.1225059995531] 2523.56408182002
[18.139394799553] 2521.83728370395
[18.1565041995527] 2520.18723220388
[18.1737040995531] 2518.59649804973
[18.1905269995532] 2517.11648704253
[18.2058511995529] 2515.26948820896
[18.2237008995535] 2513.01180441702
[18.2400553995531] 2511.42920305326
[18.2576073995533] 2509.89154911464
[18.2738580995529] 2508.48231780328
[18.2898469995534] 2507.16565456688
[18.3057185995531] 2505.91315799927
[18.3237311995535] 2504.5301786383
[18.3400650995536] 2503.33895445997
[18.3561761995534] 2502.22615136831
[18.3744378995534] 2501.02612190187
[18.3895069995533] 2500.0229150163
[18.4067403995532] 2499.06004973938
[18.4232951995527] 2498.07899710575
[18.4410381995531] 2497.12684410083
[18.4568821995535] 2496.25742088971
[18.4735996995532] 2495.42314250516
[18.4903616995534] 2494.58567112913
[18.5065511995535] 2493.79672383837
[18.5229490995534] 2493.12702497815
[18.5395288995533] 2492.49644342582
[18.5566243995536] 2489.61060103954
[18.5732600995534] 2487.29501112266
[18.5893547995529] 2485.10864054892
[18.6060704995534] 2482.88577588135
[18.6225009995533] 2480.72814564476
[18.6395221995535] 2478.57776280302
[18.6564685995536] 2476.48376783149
[18.6735186995529] 2474.41635853435
[18.6901917995528] 2472.44532605882
[18.7058435995532] 2470.63601140693
[18.7228661995532] 2468.69917255204
[18.7411160995534] 2466.73382246805
[18.7562407995529] 2465.10693026238
[18.7727588995531] 2463.39904854128
[18.7901127995528] 2461.6539883086
[18.8067483995528] 2460.02872346777
[18.8225941995534] 2458.53554409522
[18.8394143995529] 2456.98395439667
[18.8573832995535] 2455.38215618431
[18.873949199553] 2453.96643278141
[18.889309999553] 2452.69820496564
[18.9061067995535] 2451.35611070179
[18.9226013995531] 2450.08144716632
[18.9391942995535] 2448.85346031481
[18.9563407995529] 2447.63450795192
[18.9730257995534] 2446.4636204124
[18.9901147995533] 2445.36786063476
[19.0066024995531] 2444.34406742811
[19.023512099553] 2443.33869937875
[19.0394854995529] 2444.3367236442
[19.0569425995536] 2442.79482669024
[19.073080399553] 2441.43326871121
[19.0902131995535] 2440.03130063732
[19.1063369995536] 2438.75341922578
[19.1225704995531] 2437.5374486394
[19.140474199553] 2436.24297734816
[19.156597999553] 2435.108868513
[19.1732535995534] 2434.01747507845
[19.1900094995535] 2433.00475424067
[19.2066900995533] 2432.05137446277
[19.2225344995531] 2431.1666362383
[19.2394497995529] 2430.34989620534
[19.2563035995536] 2429.58337159135
[19.2733967995528] 2424.33146621505
[19.2894231995533] 2423.58190167367
[19.3073362995528] 2423.00343858688
[19.324237799553] 2422.23114682094
[19.339667399553] 2421.43232212074
[19.3557949995529] 2420.85354222088
[19.372536199553] 2420.32335308774
[19.3900131995533] 2419.84023207034
[19.4065085995535] 2419.47320999272
[19.4232112995533] 2419.13404772385
[19.4394691995531] 2418.86750821147
[19.4566125995534] 2423.16273114311
[19.4736257995528] 2422.99333181081
[19.4903309995534] 2422.88488957227
[19.5061428995532] 2422.81743673322
[19.5228421995535] 2422.80778596046
[19.5407905995535] 2422.8825601729
[19.5567940995534] 2422.85649812147
[19.5736058995535] 2423.00341276986
[19.5902820995534] 2423.15005774041
[19.6069868995528] 2423.27060500341
[19.6229579995534] 2423.52956858328
[19.6393037995531] 2423.8193116778
[19.6570825995532] 2424.17571317923
[19.6725963995532] 2424.50769580965
[19.6898315995531] 2425.0531369124
[19.707565699553] 2425.62575957794
[19.7243478995533] 2926.12136276288
[19.7417600995532] 2560.96215113445
[19.7564678995532] 2554.33650210053
[19.7726500995532] 2553.59805227904
[19.7904457995528] 2552.42799763288
[19.8067289995533] 2551.6835247578
[19.8238415995529] 2550.82433571414
[19.8394252995531] 2549.87974527894
[19.8559692995532] 2549.49314890303
[19.8731233995532] 2548.7813424719
[19.891293099553] 3048.28433138624
[19.9074812995532] 3048.15233546801
[19.9235034995536] 3045.99595997777
[19.9413036995529] 2689.94045607255
[19.9562621995528] 2689.75518230807
[19.9732176995531] 2686.72063519347
[19.9904065995534] 2684.93626692332
[20.0077503995535] 2683.32932755975
[20.0232766995532] 2681.48164930595
[20.0407874995535] 2679.88008433018
[20.0564756995527] 2678.16167987515
[20.0732332995531] 3177.0551838536
[20.090325999553] 3175.83611008088
[20.1063270995528] 3180.23246041801
[20.1241922995532] 3176.36544087664
[20.1402177995533] 3173.27857740905
[20.1566732995534] 2832.54699039326
[20.173100299553] 2828.66710730126
[20.1895019995536] 2826.18912937114
[20.2078164995528] 2822.68455193001
[20.2235265995532] 2820.17616197607
[20.2397038995532] 2816.79120225631
[20.2557987995533] 2814.66330856441
[20.2741696995536] 2812.20199145088
[20.2903542995527] 2809.75606237056
[20.3072380995536] 2807.55546066552
[20.3224693995535] 2800.98539108728
[20.3401475995533] 2798.50542846188
[20.3562492995534] 2796.29593294323
[20.3724940995535] 2794.32914405244
[20.3906697995535] 2792.5921377639
[20.4074222995532] 2790.72634181936
[20.4228464995531] 2788.83072210242
[20.4408373995529] 2791.94768694138
[20.4559309995529] 2790.37844144211
[20.4741329995531] 2788.65853885503
[20.4900782995528] 2787.4359513578
[20.5060062995535] 2786.59175924054
[20.5227400995527] 2784.93728818762
[20.5399863995535] 2784.16662800137
[20.5567284995532] 2783.18366507022
[20.5732300995533] 2782.18572102931
[20.590416899553] 2781.53543157471
[20.6060155995528] 2780.72706581926
[20.6230243995533] 2780.45739775362
[20.6407000995532] 2779.78140304166
[20.6570394995533] 2779.28442863529
[20.6726248995528] 2779.45404897056
[20.6907473995534] 2779.07567130401
[20.706713599553] 2778.80700208699
[20.7240952995535] 2778.65264504093
[20.7397631995527] 2778.99855604379
[20.7563263995535] 2780.76768484266
[20.7725859995535] 2780.00370685818
[20.790212799553] 2779.54776669932
[20.8071671995531] 2779.08736678589
[20.8232401995529] 2778.81883578565
[20.8392331995528] 2774.32950450309
[20.8563537995533] 2773.93803249477
[20.8734942995534] 2773.95470017826
[20.8904433995531] 2774.13823850701
[20.9058317995532] 2773.69304478101
[20.9243403995533] 2774.2673434577
[20.9401046995536] 2774.5488758542
[20.9569389995531] 2775.21895969189
[20.972816599553] 2775.49013644194
[20.9904671995528] 2776.25907676637
[21.0075311995533] 2776.89148646653
[21.0231255995532] 2777.68011591983
[21.0403717995532] 2778.22332198185
[21.056551099553] 2779.23799300895
[21.0736113995536] 2780.53120769384
[21.089640999553] 2781.52392814881
[21.1064536995527] 2782.89831111942
[21.1245052995528] 2784.50543800082
[21.1397376995528] 2785.67156485342
[21.1574455995533] 2787.13805893529
[21.1732614995535] 2788.62908531827
[21.1897508995535] 2794.89083485698
[21.2064717995536] 2796.62640209906
[21.2229540995531] 2798.50190459739
[21.2393245995536] 2800.40240120329
[21.2566976995531] 2802.47693732814
[21.2727535995527] 2804.59392051615
[21.2905332995533] 2806.81269290167
[21.3080451995529] 2809.40879907758
[21.3238090995528] 2811.60074403351
[21.339650199553] 2814.00011113483
[21.3567713995535] 2816.61101682676
[21.3734057995534] 2819.34670680924
[21.3894448995534] 2821.97595435386
[21.4067098995529] 2824.75242711502
[21.4225569995533] 2827.56549212767
[21.4406647995529] 2830.90935009741
[21.4561475995533] 2834.48344346048
[21.4733207995532] 2837.08887309018
[21.4894074995527] 2839.55461584075
[21.5061419995536] 2842.29900091089
[21.5236033995534] 2845.12012122384
[21.5403466995531] 2847.77994977601
[21.5574747995533] 2850.83058978939
[21.5737627995532] 2853.25036007221
[21.5902375995529] 2855.83312475109
[21.6066562995529] 2858.48083107966
[21.6235577995531] 2861.32127795804
[21.6404270995536] 2864.20414624485
[21.6575206995531] 2867.29225928819
[21.6733366995531] 2870.20393773274
[21.6893520995536] 2873.23853793973
[21.7064307995533] 2876.53344719603
[21.7225971995531] 2879.84177008473
[21.7400163995535] 2883.32711765246
[21.7563583995534] 2886.74582162578
[21.7738543995529] 2890.42532680574
[21.7896321995531] 2893.89323351894
[21.8073001995535] 2897.7961693286
[21.8234777995531] 2901.53491106942
[21.839660699553] 2905.29630952789
[21.8561772995536] 2909.32424229964
[21.8736785995534] 2913.53773050369
[21.8906913995534] 2917.78856562519
[21.9058424995528] 2921.63900288174
[21.9238707995528] 2926.37142773442
[21.9407724995535] 3430.80020215958
[21.956725299553] 3435.1599595148
[21.9732583995528] 3439.65706865443
[21.9893088995532] 3447.25074281739
[22.0063423995534] 3451.34819659879
[22.0232473995529] 3455.62421112881
[22.0393623995533] 3459.77640302802
[22.0570563995534] 3464.47596027982
[22.0734008995532] 3131.67914767256
[22.0897314995527] 3108.60281344211
[22.1058681995528] 3108.41059580703
[22.1237249995529] 3109.65234271531
[22.1392366995533] 3111.06554176985
[22.1560762995532] 3112.8454574343
[22.1730058995536] 3114.8202282234
[22.1901579995529] 3117.19501113671
[22.2066857995533] 3119.73398980333
[22.2233365995535] 3122.61299486261
[22.240132199553] 3125.66502030459
[22.256270799553] 3128.86347589618
[22.2734006995533] 3133.46636532776
[22.2894188995533] 3135.71982788999
[22.3058735995528] 3138.47000813326
[22.3231375995529] 3141.4990192858
[22.3394178995532] 3145.11982496672
[22.3569069995528] 3148.55449732598
[22.3725818995536] 3151.78308374386
[22.389259599553] 3155.49985799596
[22.4070760995528] 3159.57251318266
[22.4234745995527] 3163.62187517088
[22.4400205995535] 3167.804411707
[22.4557458995532] 3170.45588389697
[22.4729690995528] 3174.7410633769
[22.4894339995535] 3177.43413514275
[22.5058680995535] 3181.8630937593
[22.5228050995529] 3184.4429428202
[22.5397497995527] 3188.86351804318
[22.5565208995531] 3193.41027677347
[22.5729172995534] 3195.58773127277
[22.5896549995532] 3201.14280609858
[22.606054199553] 3206.63414994406
[22.6228892995532] 3212.57657643446
[22.6402168995528] 3218.96222363192
[22.6560348995536] 3223.79031509149
[22.6736034995529] 3205.88058536495
[22.6900266995535] 3209.18842998373
[22.706886899553] 3212.16029905802
[22.7227048995528] 3212.18340174246
[22.740687599553] 3215.70531527354
[22.7573897995535] 3219.29179131322
[22.772933399553] 3225.53899687694
[22.7905086995534] 3227.53482791949
[22.8067469995531] 3225.809325321
[22.823843399553] 3227.93581740412
[22.8394851995536] 3230.74377449733
[22.8572160995536] 3234.12532570565
[22.8725105995536] 3237.33122585268
[22.8897699995532] 3741.07216787015
[22.906684599553] 3744.90665566317
[22.9238419995536] 3749.0574506074
[22.9401356995531] 3748.19377420552
[22.9567112995528] 3752.1307665815
[22.9736720995534] 3756.3349464722
[22.9897615995533] 3753.5940693122
[23.0059505995532] 3408.38501909557
[23.0229722995527] 3412.12929419549
[23.0393198995534] 3417.24964295837
[23.0570727995528] 3419.09469738981
[23.0733452995528] 3418.76368350063
[23.0897731995528] 3420.84539626233
[23.1064202995531] 3423.19001772771
[23.1233672995531] 3925.83770321393
[23.1401703995534] 3927.49604499565
[23.1562311995531] 3930.0112931491
[23.1729969995531] 3928.02872606822
[23.1892891995531] 3931.04261232299
[23.2066304995533] 3896.93388288573
[23.2233267995534] 3895.49872000735
[23.2394899995534] 3897.29043732805
[23.2558080995532] 3893.97101896036
[23.273357899553] 3892.03670766886
[23.2895200995536] 3893.17173973618
[23.3060641995535] 3894.64909023072
[23.323540499553] 3896.45984676675
[23.3399002995529] 3896.65505595356
[23.3563155995535] 3897.83412499121
[23.3725471995531] 3899.62488982569
[23.389994399553] 3904.90686036609
[23.4068307995531] 3903.98338742365
[23.4225472995531] 3902.52900551953
[23.4396222995529] 3901.84543536961
[23.4568601995534] 3901.23232176373
[23.4726278995531] 3900.04133458848
[23.4893272995532] 3899.21675649366
[23.5071984995529] 3897.30234139382
[23.5230186995532] 3896.83975971309
[23.5394152995532] 3896.52508992657
[23.5569491995529] 3896.30717564917
[23.5733742995535] 3896.3054184071
[23.5909752995531] 3896.36668492243
[23.606325099553] 3895.38875039621
[23.6239634995536] 3897.94917768736
[23.6398668995535] 3897.50822803924
[23.6562055995528] 3896.9038366575
[23.672887699553] 3896.53009377459
[23.6897735995535] 4366.93316031924
[23.7059606995535] 4348.53718463097
[23.7232994995529] 4346.87175134777
[23.7395376995528] 4346.21497259621
[23.7568461995534] 4345.55119860319
[23.7726926995529] 4345.15955474837
[23.7894850995535] 4160.30245541252
[23.8061274995534] 4158.84849371866
[23.8229431995533] 4158.11025056743
[23.839554399553] 4157.13391339928
[23.8562076995531] 4157.15843231912
[23.8731517995529] 4656.13740137965
[23.8894246995533] 4655.28467283555
[23.9064464995536] 4657.79107795587
[23.9233211995534] 4653.07455135319
[23.9394849995533] 4650.09763828504
[23.9568312995534] 4647.1673915592
[23.9733912995534] 4644.35075158513
[23.990289499553] 4641.70906039478
[24.0065260995534] 4639.43054468421
[24.0225833995528] 4637.34686544141
[24.0398817995529] 5135.22004082287
[24.0562238995535] 5133.28974244683
[24.0732202995532] 5131.41016252718
[24.0902088995535] 5129.67772359428
[24.1066738995532] 5128.2404998906
[24.1241957995535] 5126.89144371719
[24.1396905995534] 5125.74062109853
[24.1572605995534] 5123.51243310782
[24.1725680995532] 5121.51168612142
[24.1907564995536] 5123.58622388642
[24.2063398995533] 5121.01022869976
[24.223520599553] 5118.2888395696
[24.2394117995527] 5115.97801993942
[24.2572880995531] 5113.48575208115
[24.2737396995535] 5111.38889631706
[24.2904062995531] 5109.41417779291
[24.3061261995535] 5094.37605296912
[24.3236009995535] 5086.61285280332
[24.3399405995533] 5084.30095233063
[24.355848999553] 5082.14200464219
[24.3727436995532] 5079.95523985733
[24.3903413995531] 5077.85603313829
[24.4065759995528] 5076.12312455301
[24.4231539995535] 5074.46931723206
[24.4400140995531] 5064.92593228217
[24.4567790995534] 5062.93777302513
[24.473281599553] 5061.15383979657
[24.4907144995532] 5056.35575185093
[24.5076396995528] 5053.92873974802
[24.5239091995536] 5048.50516366862
[24.5399274995534] 5046.7163551767
[24.5566492995531] 5044.9727535786
[24.5739444995534] 5048.46074141682
[24.5899692995536] 5046.0755490019
[24.6058523995534] 5041.52789369666
[24.6229639995536] 5037.95617691481
[24.6398552995533] 5034.93794753948
[24.6565737995534] 5032.9352594133
[24.6733779995529] 5031.11336590545
[24.6895610995534] 5029.49399798825
[24.7064822995535] 5027.20530252167
[24.7225368995532] 5024.12268569502
[24.739390699553] 5009.12509025028
[24.7570098995529] 5005.48046786338
[24.7735199995532] 5003.26983042976
[24.7901563995529] 4999.75512489717
[24.8055843995535] 4997.32755843082
[24.824276499553] 5494.55533728856
[24.8399224995528] 5491.98035680639
[24.8561329995528] 5489.55309787363
[24.8734741995531] 5487.21816630759
[24.889399099553] 5483.69987466661
[24.9059113995536] 5479.0863853296
[24.9224726995535] 5477.36594067388
[24.9397094995529] 5472.73865418265
[24.9563381995531] 5466.36472903218
[24.9725011995533] 5451.52660653181
[24.9904286995534] 5447.06768863923
[25.0063924995529] 5443.0330564514
[25.0231561995533] 5439.10846117594
[25.0395674995534] 5434.98341862362
[25.0564884995529] 5430.94557841634
[25.0725533995528] 5427.38277659365
[25.0895063995531] 5423.68641495904
[25.1068015995534] 5420.04030777734
[25.1233701995534] 5416.67972994906
[25.1395228995534] 5413.5680300793
[25.1563151995533] 5410.43082974855
[25.1735149995529] 5407.18139966986
[25.1896273995535] 5404.17681359696
[25.2061738995535] 5401.30143292493
[25.223670499553] 5398.32492574141
[25.2391103995533] 5395.86914012639
[25.2571063995529] 5393.05449116478
[25.2730399995535] 5390.75879811968
[25.2893476995532] 5388.50700018577
[25.3067828995536] 5386.19661523445
[25.324152399553] 5384.02954370702
[25.3396429995528] 5382.25474870623
[25.357027299553] 5380.3509238291
[25.3739553995529] 5378.6358442468
[25.3909304995532] 5374.87535023907
[25.4057399995536] 5373.44200373189
[25.422853899553] 5374.60706465406
[25.4393699995535] 5372.46089173229
[25.4570420995533] 5370.27208439464
[25.4730424995532] 5368.4319086192
[25.4901177995534] 5366.62169945949
[25.5067876995536] 5864.81095915789
[25.5236253995536] 5863.20190999256
[25.5392801995531] 5861.52495278705
[25.5559615995535] 5860.10764701072
[25.5730617995532] 5854.7931869262
[25.5903624995535] 5852.82030412185
[25.6058011995528] 5850.88153378949
[25.6233198995533] 5848.86091185172
[25.6399778995528] 5842.73555186177
[25.6568107995536] 5840.94964268547
[25.6727625995536] 5839.68534326876
[25.6900977995529] 5838.45403745425
[25.7072724995533] 5837.336265287
[25.7233249995534] 5836.41491946289
[25.7392384995528] 5840.11384545685
[25.7571362995532] 5832.52622926595
[25.7731751995534] 5831.15382392251
[25.7895893995528] 5830.33005090852
[25.8059148995535] 5829.38347815662
[25.822640499553] 5828.50705649529
[25.8392743995528] 5826.21294829463
[25.8567146995529] 5823.54589621222
[25.8730162995535] 5822.41040992415
[25.8900560995535] 5820.5828094998
[25.9066363995535] 5819.13627504478
[25.9234305995533] 5822.59391955376
[25.9394555995532] 5820.94100588475
[25.9573122995535] 5502.38554555788
[25.9726637995527] 5499.66534162392
[25.9894992995532] 5495.34464926706
[26.0065069995535] 5492.32085673693
[26.0233892995529] 5489.3857125458
[26.0393325995528] 5487.04007351917
[26.0572744995534] 5484.70169115727
[26.0726702995535] 5482.70232827991
[26.0905568995531] 5481.05591633232
[26.1073781995528] 5479.05530100161
[26.1233412995534] 5475.71521097301
[26.139768299553] 5473.05236738708
[26.1573244995534] 5471.61034876581
[26.1727704995528] 5469.63696053484
[26.189440399553] 5467.78837767734
[26.2057480995536] 5966.65001595165
[26.2232580995533] 5965.144852238
[26.2394030995529] 5964.11457574021
[26.2560937995531] 5963.37685500225
[26.2731612995531] 5962.5100683579
[26.2902071995532] 5962.49245292053
[26.307079999553] 5961.75588879706
[26.3232403995535] 5961.66034576545
[26.3393980995534] 5961.5171286325
[26.356760099553] 5961.45247547923
[26.3739870995532] 5961.50493491335
[26.3899555995531] 5961.8846770161
[26.4065524995531] 5961.59038025759
[26.423024099553] 5961.84434522377
[26.4403250995529] 5962.58505297642
[26.4586682995532] 5962.56941136291
[26.4734567995529] 5963.44810481184
[26.4924097995536] 5969.74925192782
[26.5072926995535] 5968.58975246531
[26.5244500995532] 5966.99823779614
[26.5404214995533] 5966.14968547588
[26.5558383995531] 5965.49786679524
[26.5726198995535] 5964.9321586828
[26.5890018995533] 5964.15775673378
[26.6066080995533] 5963.29287649073
[26.6233969995528] 5961.15358317174
[26.6391238995529] 6459.24480539959
[26.6573528995532] 6457.43985104482
[26.6727939995535] 6062.06352215391
[26.689325499553] 5783.17306460396
[26.7061300995529] 5779.23935259334
[26.7223854995527] 5776.53186701171
[26.7394750995536] 5773.65575171426
[26.7560985995533] 5770.52158002532
[26.7725384995529] 5768.19705693238
[26.7902260995534] 5765.31498880787
[26.8067538995529] 5764.80980627664
[26.8231812995527] 5762.26560768918
[26.8408246995532] 5758.95375697802
[26.8567807995532] 5756.57022620679
[26.8741811995533] 5753.9172010598
[26.8897563995533] 5751.23931347513
[26.9072103995532] 5747.53879681244
[26.9227381995534] 5745.50155468361
[26.9403607995528] 5743.33879670336
[26.9573099995532] 5740.37214309809
[26.9727973995532] 5737.63327854619
[26.9895251995531] 5734.64056171029
[27.0059087995533] 5731.43040908406
[27.0235531995531] 5728.52259185686
[27.0392097995527] 5722.60624895154
[27.0560186995535] 5720.9762448688
[27.0727414995536] 5719.53646794197
[27.0905254995532] 5717.89031495197
[27.106728099553] 5716.72818203023
[27.1226865995532] 5715.68273040352
[27.1394993995527] 6212.90094889313
[27.1564746995527] 6209.77950337335
[27.1743154995529] 6205.57927866877
[27.1897809995535] 6201.24002067059
[27.2071314995528] 6197.25698139036
[27.2229469995527] 6193.28981880092
[27.2400476995535] 6017.24827980514
[27.2569485995527] 6006.85624000284
[27.2724422995534] 6005.1331970118
[27.2892838995531] 6003.19231106794
[27.3065869995535] 6001.48378910925
[27.3236764995536] 5999.91993750207
[27.3400914995527] 5998.42667523338
[27.3567591995534] 5997.18919338363
[27.3728953995533] 5995.89162751349
[27.3901757995536] 5994.50936053516
[27.406212799553] 5993.55569501466
[27.422506199553] 5992.6932387391
[27.4398535995533] 5991.71678060811
[27.4565621995534] 5991.06125442302
[27.4728860995529] 5990.57216407428
[27.4900570995533] 5990.00441661423
[27.5057970995531] 5989.77805022532
[27.5236242995534] 5989.3264283721
[27.5398551995531] 5989.03786131977
[27.5559065995531] 5989.02128853224
[27.5740961995534] 5988.57474939676
[27.5891941995533] 5985.81955364839
[27.6061635995529] 5983.00192108814
[27.6228471995528] 5980.32781960728
[27.6397255995535] 5977.66880204809
[27.6565513995529] 5975.25177723181
[27.6725324995532] 5973.10972836449
[27.6901215995531] 5968.0078458894
[27.7062242995535] 5965.94329335345
[27.722992899553] 5963.87412009115
[27.7399446995532] 5961.57904801634
[27.7564508995529] 5959.20988871958
[27.7730068995534] 5956.953179441
[27.7898684995534] 5954.55688436676
[27.8066009995528] 5952.33521833809
[27.823093299553] 5950.25822933349
[27.8397487995535] 5932.46382257414
[27.8558555995533] 5930.25068997443
[27.8725262995531] 5931.80808278456
[27.8902425995529] 5928.4025188811
[27.9070285995531] 5925.70128298609
[27.922939299553] 5923.25136826201
[27.9402136995532] 5920.68026386008
[27.9567169995535] 5917.63819865845
[27.9736345995534] 5915.28369795383
[27.9892608995533] 5913.16621300696
[28.0058706995533] 5911.15736472279
[28.0231665995534] 5903.67625342658
[28.0399290995529] 5898.40564701176
[28.0572743995535] 5895.22983575889
[28.0730366995531] 5891.94681084979
[28.089901499553] 5889.95781249422
[28.1061654995528] 5887.85883331254
[28.1242889995528] 5881.3781613672
[28.1393399995532] 5879.21398857229
[28.1566199995532] 5876.44156876978
[28.1734837995527] 5873.79395681051
[28.1894650995528] 5871.5267885179
[28.2063897995531] 5867.80007034676
[28.2237609995527] 5865.87961258586
[28.2400333995529] 5864.61689004176
[28.2567859995534] 5860.92648887225
[28.2735879995535] 5855.95016588038
[28.2897718995528] 5850.15638757328
[28.3069427995533] 5847.6781491594
[28.3233485995534] 5846.69750307674
[28.3405420995532] 5845.60539624537
[28.3562215995535] 5843.50143577721
[28.3729910995535] 5841.66588837064
[28.3915272995528] 5845.04956372559
[28.4065514995527] 5844.08707990599
[28.4227532995528] 5843.57417039889
[28.440212599553] 5842.93208291546
[28.4571400995528] 5839.8959163629
[28.4725129995531] 5838.03841661094
[28.4903511995535] 5837.34575569037
[28.5074465995531] 5835.84040656597
[28.5239761995535] 5834.53990430559
[28.5408431995529] 5833.33265697789
[28.5567269995536] 5832.12525839502
[28.5737042995534] 5829.68525703897
[28.5904014995531] 5828.18998507853
[28.6076554995534] 5827.42914640264
[28.6235263995532] 5834.12393198225
[28.6398532995536] 5830.53511791029
[28.6571411995528] 5828.42706826461
[28.6735608995532] 5826.57286112105
[28.6897707995531] 5822.26848967238
[28.7071372995533] 5819.90005333022
[28.7234565995532] 5818.01211060539
[28.7414623995528] 5816.04431166254
[28.756466199553] 5814.33185945733
[28.773265799553] 5812.37030234984
[28.7901241995532] 5810.24733189687
[28.8068423995528] 6306.17689497898
[28.8231547995529] 6304.76455284524
[28.8403868995529] 6302.19843620269
[28.8572700995528] 6300.09061964673
[28.8732847995534] 6298.00142039078
[28.8902018995532] 6296.31238671446
[28.907057499553] 6294.89016550815
[28.9228768995536] 6121.01552073325
[28.9392209995531] 6116.1353363628
[28.9561974995531] 6111.21861654831
[28.9731449995534] 6106.56951517375
[28.989471199553] 6102.24945945484
[29.0059676995534] 6098.51315157324
[29.0225845995528] 6095.00901198255
[29.0399272995528] 6086.90132077226
[29.0574127995533] 6080.68868872952
[29.0740260995535] 6076.69859164829
[29.0904974995528] 6067.34388028125
[29.1075311995528] 6063.31251248252
[29.1230908995531] 6060.60055269035
[29.1392174995535] 6058.47126262759
[29.1589123995527] 6056.47328906444
[29.1737888995531] 6555.36267594787
[29.1915016995536] 6554.91947071881
[29.2072720995529] 6554.4950197908
[29.2235811995533] 6554.23443231746
[29.2400095995536] 6554.33465894963
[29.2577527995536] 6551.77387466038
[29.2735294995528] 6551.60019558177
[29.2896183995535] 6559.07332046733
[29.3061760995533] 6440.88459295618
[29.3228077995527] 6432.83080299405
[29.340137399553] 6421.93577102016
[29.3558462995534] 6415.22855343154
[29.3728521995536] 6411.31396355686
[29.3892925995533] 6408.94353167539
[29.4064920995534] 6405.70412567945
[29.4226341995536] 6402.96556252754
[29.4397595995533] 6397.48046608674
[29.4568428995535] 6395.73977925585
[29.4728135995529] 6394.55685588745
[29.4895118995528] 6392.90959279492
[29.5063397995527] 6391.40749452091
[29.5224872995532] 6389.95647774174
[29.5394074995529] 6388.6985974895
[29.5574031995529] 6387.30033861201
[29.573037999553] 6386.23196293952
[29.5904409995528] 6385.4577134886
[29.6063979995533] 6383.27248854192
[29.623170799553] 6382.13376923988
[29.6395896995527] 6381.34206908942
[29.6564893995528] 6380.83146002788
[29.672594699553] 6380.49447906456
[29.6903528995535] 6378.14722144151
[29.7069459995528] 6878.79597817938
[29.7228077995533] 6879.32175942774
[29.7400718995532] 6880.19013052837
[29.7566532995534] 6881.21954425474
[29.7726385995529] 6882.44357394176
[29.7903976995531] 6884.70752856361
[29.8076282995535] 6885.88203415127
[29.823149799553] 6887.05996904613
[29.8393469995535] 6883.15571569464
[29.8572277995536] 6883.65473305883
[29.8740554995529] 6884.65128593716
[29.8905907995531] 6886.0457376088
[29.9074737995534] 6887.72611706333
[29.9242237995531] 6889.40716813499
[29.9352144995528] 6890.72222346754
[29.9571812995528] 6893.18570766561
[29.9725300995533] 6890.9312543338
[29.9896784995535] 6892.12437667415
[30.0072676995533] 6893.55564911866
[30.0224648995536] 6894.47231291599
[30.039421599553] 6897.14092886503
[30.0567739995531] 6897.99090648181
[30.0730943995532] 6899.37557368014
[30.0892354995531] 6900.58606344648
[30.1064035995532] 6902.094523551
[30.1231853995532] 6903.20230439955
[30.1396745995535] 6904.71542177126
[30.1568312995532] 6908.14555073813
[30.1727219995528] 7406.2557369398
[30.1902615995532] 7407.06445327882
[30.2063797995534] 7406.67570851587
[30.2229588995533] 7406.89445605835
[30.2401072995535] 7418.23250481319
[30.2558366995536] 7413.79369121554
[30.2737018995531] 7093.67115939652
[30.2892114995529] 7089.55641331582
[30.3062376995531] 7086.86635402673
[30.3234437995534] 7085.0299611914
[30.3392525995532] 7081.09112954411
[30.355877299553] 7073.75613559227
[30.373765499553] 7068.36765890994
[30.3892260995535] 7066.66769393574
[30.4065884995534] 7063.75074150665
[30.423002599553] 7061.56574563022
[30.4403783995531] 7064.56212606907
[30.4567384995535] 7061.55160793303
[30.4735288995535] 7058.89971588231
[30.4901806995531] 7056.92641819984
[30.5063839995528] 7055.31220334854
[30.5229353995528] 7054.07640270473
[30.5404383995528] 7052.99830826422
[30.5561508995534] 7052.53800674539
[30.5726308995536] 7051.63620851832
[30.5896253995534] 7050.61814369848
[30.6065487995529] 7049.90664135717
[30.6238135995536] 7049.72476242387
[30.6405102995532] 7049.68854680675
[30.6566751995533] 7049.84125088074
[30.6729563995532] 7049.95553086054
[30.6896074995529] 7050.02983807926
[30.7063467995531] 7047.72504529878
[30.7224707995529] 7047.32846449685
[30.7396004995535] 7033.25527745935
[30.7565325995529] 7029.09805752304
[30.7732623995535] 7028.3824670806
[30.7900716995528] 7028.58846545384
[30.8066518995529] 7031.66223646161
[30.8236797995532] 7031.59330345909
[30.8400737995535] 7031.85665511152
[30.8568563995532] 7031.48142928043
[30.8735411995531] 7031.4546969738
[30.8897663995531] 7031.52199733771
[30.9074327995531] 7031.74426283474
[30.9232201995528] 7032.08910862945
[30.9399721995533] 7032.65128194312
[30.9563563995534] 7033.18468305675
[30.9738224995535] 7033.89519938155
[30.9896470995536] 7033.73639102263
[31.0070786995529] 7034.56598511831
[31.0229906995528] 7035.4616491712
[31.0398133995532] 7036.44945045458
[31.0566616995529] 7037.60200105743
[31.072755399553] 7038.70593966776
[31.0897615995527] 7039.6783905172
[31.1068828995531] 7036.55836199656
[31.1226766995533] 7028.27255283856
[31.1393052995536] 7029.67294459932
[31.1570300995536] 7031.28645586874
[31.1733915995528] 7033.87006070108
[31.1897646995531] 7031.69637539292
[31.2074038995534] 7029.4145803793
[31.2237071995532] 7027.05346797264
[31.2397171995535] 7038.98851362099
[31.2569246995536] 7032.45820152042
[31.273692099553] 7027.85546654024
[31.290014999553] 7023.28832610512
[31.3067712995535] 7015.41251329279
[31.3226681995529] 7010.7247989324
[31.3396014995533] 7006.0808429797
[31.3564030995531] 7002.66002117279
[31.3731974995535] 6999.48639507626
[31.3896836995527] 6996.41990002168
[31.4063145995533] 6990.00737729098
[31.4233194995531] 6986.58595425695
[31.4396684995536] 6983.89696462169
[31.4577748995534] 6980.99953013579
[31.4731368995535] 6978.67873214398
[31.4901141995533] 6975.98439361518
[31.5069239995528] 6973.53212226229
[31.5229454995533] 6970.68832887265
[31.5400632995534] 6968.20853861414
[31.5566309995529] 6965.95063498941
[31.5731682995529] 6963.87010673176
[31.5896047995529] 6961.92941538547
[31.6068023995531] 6960.10988731108
[31.6229862995533] 6957.91296894655
[31.6395922995534] 6956.01378900108
[31.656467799553] 6953.37973071603
[31.6732058995531] 6951.12877423826
[31.6891089995534] 6951.15372240633
[31.7065786995536] 6949.45484299519
[31.7233398995531] 6947.01783967792
[31.7394589995529] 6944.8677729892
[31.7566453995532] 6942.68455357493
[31.7726689995534] 6940.79400942738
[31.7903636995534] 6938.75367208825
[31.8063030995536] 6937.1574579128
[31.8233187995529] 6935.53099198653
[31.8399549995529] 6934.10512997707
[31.8558072995529] 6932.8611401205
[31.8733522995535] 6931.62389203518
[31.8897113995536] 6930.61593285483
[31.9066561995533] 6929.71361411229
[31.9232740995531] 6928.94639555179
[31.9400303995535] 6928.34678024246
[31.9563845995535] 6927.88651518039
[31.972672799553] 6927.13888780502
[31.9896320995531] 6925.78135834374
[32.0063441995535] 6925.44721234875
[32.0227725995528] 6925.25096271134
[32.0401942995531] 6925.22167516091
[32.0565722995534] 6925.11509553565
[32.0734466995527] 6924.99211557128
[32.0902648995534] 6923.05920612596
[32.106646999553] 6922.85627715543
[32.1233386995527] 6922.86600251721
[32.1396653995535] 6922.98211512242
[32.1560698995536] 6923.49566727622
[32.172724899553] 6923.53331824607
[32.1890873995535] 6923.72084722294
[32.2062268995533] 6924.06208388188
[32.2229697995535] 6924.06384702266
[32.2394358995534] 6924.55553575647
[32.256549699553] 6924.66283701229
[32.2732007995528] 6924.9157095454
[32.2894658995529] 6925.27298706386
[32.3068794995534] 6925.76925795853
[32.3240980995533] 6926.39044288432
[32.3404892995532] 6927.05115441223
[32.3565529995531] 6927.83940649691
[32.3725692995531] 6928.70919157312
[32.3899807995531] 6929.78056446131
[32.4066647995533] 6930.61355730035
[32.4235062995531] 6932.37556823651
[32.4398632995535] 6933.44763442919
[32.4587883995528] 6934.60167367673
[32.4736105995535] 6935.38640030116
[32.4910664995532] 6936.65052744847
[32.5064675995536] 6937.71905168794
[32.5233096995535] 6939.13742416497
[32.5393264995528] 6940.16462760353
[32.5565100995527] 6942.50096313976
[32.5726333995535] 6943.53104003631
[32.5894567995529] 6944.50733606159
[32.6067060995529] 6945.74062159861
[32.6230045995535] 6947.04077210145
[32.639677999553] 6948.47025467338
[32.6556533995536] 6949.98623682978
[32.6736090995528] 6952.08047094432
[32.6894867995534] 6953.65336213072
[32.706648499553] 6955.42445180849
[32.7236776995533] 6957.23481933128
[32.7402712995536] 6959.06833481546
[32.7563375995533] 6960.95381349938
[32.7890592995527] 6966.0142049189
[32.7976723995534] 6965.68220453484
[32.8049363995533] 6966.75974877678
[32.8249219995532] 6969.68067369265
[32.841458199553] 6972.08911350675
[32.8568893995534] 6974.5427207184
[32.8735370995528] 6977.21372934447
[32.8905765995532] 6980.07554619388
[32.9084150995532] 6983.19779412752
[32.9246633995535] 6986.17758925782
[32.941310999553] 6989.32157981847
[32.957966899553] 6992.55394302081
[32.9746361995531] 6995.89803577993
[32.9901685995528] 6999.31538147921
[33.007731099553] 7002.50432607976
[33.0246781995529] 7005.6246313018
[33.0403518995536] 7010.37604460398
[33.0576847995535] 7013.03128694286
[33.0743553995535] 7015.67832885731
[33.0903147995532] 7018.33472571601
[33.1069285995536] 7021.24467720212
[33.1237037995534] 7024.01357302967
[33.1407064995528] 7026.84837140326
[33.156832699553] 7029.4073452037
[33.1745743995534] 7032.2986259103
[33.1904878995529] 7035.04327800352
[33.211370899553] 7038.65692697457
[33.2194780995533] 7040.18569778828
[33.2406663995534] 7044.08388886208
[33.2575550995534] 7047.40324295448
[33.2740060995529] 7050.69303818193
[33.2917186995528] 7054.27371349009
[33.3071294995534] 7057.40548259134
[33.3243783995531] 7060.99822845392
[33.3413677995532] 7064.59011030495
[33.3572664995536] 7068.48923230164
[33.3737360995528] 7071.43828248823
[33.391705299553] 7075.28919591506
[33.4072148995529] 7080.6484232777
[33.4235236995528] 7083.67146578768
[33.4401273995536] 7085.99703873216
[33.4577279995528] 7088.53739268676
[33.4739003995528] 7091.00086317209
[33.490554899553] 7093.67208390175
[33.5053306995533] 7095.85826911234
[33.523866599553] 7098.38711574738
[33.5410325995535] 7108.99481806629
[33.563062399553] 7109.98272442603
[33.5713780995529] 7112.7419988928
[33.5909018995535] 7113.871179255
[33.6083550995536] 7114.72842648383
[33.6247023995529] 7115.75821320442
[33.6412950995527] 7116.9402086059
[33.6575566995534] 7117.70972831476
[33.6744936995528] 7117.76733585782
[33.6919395995528] 7117.94364249448
[33.7078726995533] 7118.3077091184
[33.7244786995534] 7118.77946531758
[33.7394995995528] 7124.34136708728
[33.7573933995536] 7124.1460300256
[33.7745851995533] 7124.1665927824
[33.7906554995534] 7124.38499366974
[33.8076289995533] 7125.16320951333
[33.8237189995534] 7125.45388917501
[33.8408263995534] 7125.85032771494
[33.8577545995531] 7126.39060947471
[33.8742885995534] 7127.06048015822
[33.891284499553] 7127.8599567014
[33.9078452995527] 7128.77943252062
[34.2884904995535] 7118.02832710258
[34.3029050995528] 7123.94308130392
[34.3174346995529] 7124.19529657824
[34.3347141995528] 7126.61239563582
[34.3519094995536] 7125.44688856488
