[0] 1.47113613022817E-05
[0.0199999995529652] 0.082961425196366
[0.0430052995534425] 0.641594686034101
[0.0525744995529749] 0.916503894621952
[0.0744673995532139] 2.00798624645457
[0.0898036995531584] 3.01247106822656
[0.10671109955274] 4.3428009378329
[0.123427699552849] 5.91717073742331
[0.139410299552765] 7.63481101350763
[0.15644129955308] 9.72882664600363
[0.172622299553041] 11.9307141803497
[0.189198299553027] 14.430222854975
[0.206407199552814] 17.2822371902739
[0.222788399552883] 20.2394480256094
[0.239753899552852] 23.5322070877517
[0.256903899553436] 27.1304664944478
[0.273091199553164] 30.7488529178804
[0.289254999553123] 34.606457491423
[0.306639599552909] 38.9718198151159
[0.323210199553614] 43.3958215095637
[0.339160699552849] 47.8790064826596
[0.35601519955344] 52.8719186317452
[0.372584599553193] 58.0593402305407
[0.389334999553284] 45.364631930642
[0.406720199553092] 48.6407461519188
[0.424544599552974] 36.1049298276668
[0.439406799553581] 20.2043154186385
[0.456347699553589] 13.8965948961145
[0.472649099553564] 14.3739174589419
[0.490073499553546] 13.3225574578682
[0.506866699553029] 12.3476768587474
[0.522609899553572] 13.2662545260002
[0.539902999553306] 14.0880668259624
[0.556129699552912] 15.0257730263063
[0.572615899553057] 15.5006556947076
[0.589776999553578] 16.4359655764685
[0.606424699552917] 17.3346292549826
[0.623538799552989] 18.3608673954678
[0.640214499553622] 19.3479787486391
[0.656701199553027] 20.3474081592678
[0.672898799552968] 21.3785744882933
[0.690248399552729] 22.5050429705914
[0.705955599552908] 23.5494061580579
[0.723425599553593] 24.7367272605465
[0.740198099552799] 25.9050549365226
[0.756850399553514] 27.1101399903574
[0.772756699553611] 28.2673315661085
[0.789780199553206] 29.5394861193582
[0.806537799553553] 30.8143234900859
[0.823332599553396] 32.1483028914306
[0.840011999553099] 33.4440092579351
[0.857593199552866] 34.8799376154472
[0.87375139955293] 36.2074304182394
[0.889772999553315] 37.5812869500601
[0.906715599553536] 39.0069378909597
[0.923003199553023] 40.4376924749786
[0.939437699553309] 41.8923537348913
[0.957068999553485] 43.5207016536474
[0.973976499552919] 1.50851662602133
[0.990103699553401] 1.18161175600423
[1.00794939955358] 0.961718821510235
[1.02387199955319] 0.721903239072602
[1.03974389955329] 0.553249830943333
[1.05631339955289] 0.395573448145832
[1.0726086995528] 0.262911690107303
[1.09003409955312] 0.167892979353734
[1.10595129955345] 0.0881058879296903
[1.12363879955319] 0.0375857372887006
[1.13982449955347] 0.0169127731658756
[1.15550489955331] 0.0161601112748311
[1.17306499955339] 0.0524586511904909
[1.19078599955355] 0.11950237652408
[1.20732929955284] 0.195621056292999
[1.22400409955299] 0.319261369202547
[1.24006909955278] 0.441346879156529
[1.25652169955356] 0.608973757355791
[1.27279669955351] 0.793416072655698
[1.29005059955307] 1.02251066201898
[1.30701749955279] 1.27880585693093
[1.32384499955333] 1.54600826534265
[1.34004819955317] 0.0355278890376078
[1.35633229955329] 0.0110483666999173
[1.37293799955296] 0.022787267363925
[1.39032029955342] 0.0406098370081898
[1.40726459955295] 0.00888675050410215
[1.42305079955349] 0.0138245969528462
[1.43939379955282] 0.0123991951806269
[1.45585159955317] 0.0155805675561765
[1.47310819955328] 0.0175569429113232
[1.48975859955317] 0.0121018160960068
[1.50607909955306] 0.0188693838283482
[1.52321439955358] 0.0146903270986883
[1.53935649955292] 0.0122535629659773
[1.55658099955326] 0.0222441434272411
[1.57283719955285] 0.0124601881037691
[1.58989849955287] 0.0184895037643047
[1.60642119955355] 0.0181693137149733
[1.62294689955343] 0.0419506920991498
[1.63952039955348] 0.0125068531632297
[1.65707689955343] 0.0235030445194013
[1.67248429955362] 0.0299459018539598
[1.68956289955349] 0.0125774425339239
[1.70676289955281] 0.0139010673503907
[1.72273639955347] 0.013979576239911
[1.74026269955357] 0.014007390049525
[1.75692299955335] 0.0199095696793666
[1.7724949995536] 0.0191199283966362
[1.78936799955318] 0.0237395634791373
[1.80741809955362] 0.0178258761314168
[1.82381239955339] 0.0203586899308408
[1.84000669955276] 0.0164332611546453
[1.85647809955299] 0.0149388902719533
[1.87297859955288] 0.0128806179718433
[1.89082309955302] 0.0147294416648572
[1.90653819955332] 0.0094987089178536
[1.92255489955278] 0.0179871331164537
[1.94001339955321] 0.0162034305026666
[1.9565579995533] 0.010349044401007
[1.97267949955312] 0.0295890781721067
[1.99003559955327] 0.023447795657195
[2.00591239955338] 0.02710177037668
[2.02321729955293] 0.0129705873434044
[2.03923949955333] 0.0188654618872629
[2.05624399955286] 0.0217072264923001
[2.07330059955348] 0.0190596028225494
[2.08922149955288] 0.00874178140463548
[2.10631139955331] 0.0195023739143317
[2.1235419995528] 0.0230817674624504
[2.13998619955328] 0.0147827492598105
[2.15654049955356] 0.00955903092557918
[2.1735438995529] 0.01748993669376
[2.18983709955319] 0.0129713775683818
[2.20592339955328] 0.0142701572143735
[2.22309789955307] 0.0237156637568908
[2.24009189955359] 0.0273200050138065
[2.25612469955286] 0.0128107352375349
[2.27345109955331] 0.0213301795253503
[2.29053939955338] 0.0124615052397852
[2.3064479995528] 0.0118071974514635
[2.32283419955274] 0.0127609320260682
[2.33972229955361] 0.0131696485673191
[2.35593739955311] 0.0107770930610084
[2.37240659955296] 0.0144514640017085
[2.39024439955301] 0.0139946937037388
[2.40694899955361] 0.014165760599062
[2.4227096995528] 0.0131233842181582
[2.43948159955289] 0.0181693514403838
[2.45707409955321] 0.0144495830361272
[2.47401229955358] 0.0142931587067506
[2.48962959955315] 0.0145571552214737
[2.50581909955326] 0.012339835874221
[2.52333959955286] 0.0168207977934258
[2.54077039955337] 0.0111650584457371
[2.55755669955306] 0.0110370188972824
[2.57391189955342] 0.0124501459968847
[2.58965559955323] 0.0131435925464222
[2.6062455995534] 0.0129644166131017
[2.62459909955305] 0.0182290471113763
[2.64095229955274] 0.0137367623275272
[2.65705709955273] 0.0165952854208537
[2.67333469955338] 0.0231677098567899
[2.68959659955362] 0.00934411273109983
[2.70681469955343] 0.0202107207744151
[2.72287509955277] 0.0134256914028949
[2.74004839955342] 0.0225139350014604
[2.75630789955358] 0.0283693872966608
[2.77252169955318] 0.0121756054845767
[2.78976569955285] 0.0180270802657559
[2.8066877995534] 0.0229137162357528
[2.82251419955355] 0.0104092227198603
[2.83964019955329] 0.0121637585374418
[2.8570354995536] 0.0126185957096668
[2.87324539955353] 0.0115701708778614
[2.88949119955305] 0.0116549901674071
[2.90637579955273] 0.0169602590008929
[2.92388549955285] 0.0119430270343885
[2.93930319955325] 0.0121062279363425
[2.95685109955321] 0.0197821857913959
[2.97343789955357] 0.017555227671029
[2.98943159955343] 0.0110906592559659
[3.00589379955272] 500.014675190146
[3.02365379955336] 498.583528475904
[3.04011229955358] 497.268308928637
[3.0570918995536] 495.908675239127
[3.07342639955277] 494.609119251368
[3.08960529955311] 493.312581679616
[3.10584039955302] 178.791783739248
[3.12343449955279] 178.816915432997
[3.13933859955341] 177.919782190418
[3.15634519955347] 176.610937786317
[3.17259259955335] 175.914262439493
[3.19002519955302] 174.924687918862
[3.2059037995532] 173.773504726313
[3.22338799955287] 172.962164524162
[3.23917699955291] 171.856507273225
[3.25700599955326] 170.982899386288
[3.27253319955344] 170.407203898628
[3.28979649955272] 169.252590466944
[3.30644089955331] 168.515758526154
[3.32304079955338] 167.485696837478
[3.3401689995535] 166.911631318228
[3.35629619955307] 165.943763050582
[3.3725520995531] 165.370490771356
[3.38993239955289] 164.37904505891
[3.40591769955336] 163.840710496693
[3.42300179955328] 163.244871958129
[3.43966789955357] 162.361646956527
[3.45680649955284] 161.804503759961
[3.47315879955295] 160.982060639973
[3.48965259955276] 160.483495146422
[3.50669349955297] 159.973081015001
[3.52318739955354] 159.208709137354
[3.53974139955335] 158.742146018877
[3.55605809955341] 158.024620725881
[3.57273869955316] 157.585842511196
[3.59032159955314] 157.095990825713
[3.60674669955279] 156.443446035172
[3.622579199553] 156.052302904992
[3.63924739955291] 155.448792790788
[3.6562960995534] 155.048375841871
[3.67292059955344] 154.670856524795
[3.68947949955327] 154.120489355654
[3.70681079955284] 153.682491859557
[3.72292999955334] 153.184215536321
[3.73933809955361] 152.869104911592
[3.75599739955305] 152.542207404696
[3.77332739955273] 152.237005461589
[3.78958459955356] 151.8275453628
[3.80663869955333] 151.551069207769
[3.82294859955346] 151.299231588032
[3.83952979955302] 151.060795909991
[3.85628959955284] 150.750818438324
[3.87339319955299] 150.521507939059
[3.89017179955317] 150.326233263996
[3.9070386995536] 150.140528603863
[3.92360739955348] 149.977500573261
[3.93952419955349] 149.82846054819
[3.95810039955359] 154.176338677925
[3.97330439955294] 154.023228949694
[3.9901580995529] 153.923199691261
[4.00655609955356] 153.831061500616
[4.02291709955352] 153.771731134533
[4.03992119955274] 153.704770900908
[4.05720459955319] 153.655275965029
[4.07276409955284] 153.638986483884
[4.0907003995535] 153.628679156982
[4.10747469955277] 153.64844932118
[4.1239045995535] 153.685631290463
[4.13977189955312] 153.724749596046
[4.15631549955287] 153.781814262617
[4.17247139955361] 153.85946311792
[4.19009189955341] 153.952907250589
[4.20734039955278] 154.077617765492
[4.22434619955311] 154.20401381683
[4.24061409955357] 158.844217868786
[4.25694399955319] 158.987443499644
[4.27262899955349] 159.215492850849
[4.28942809955333] 159.416543968597
[4.30709299955288] 159.640890645414
[4.32265259955329] 159.83889527539
[4.33924369955275] 160.081207102959
[4.35678659955283] 160.336716746027
[4.37333409955318] 160.712663859761
[4.3899953995533] 161.004598532617
[4.40658149955289] 161.293007198855
[4.42290849955316] 161.591046201591
[4.44017839955359] 161.924742293291
[4.45638929955294] 162.401899279924
[4.47252859955279] 162.727532672972
[4.49009159955312] 163.110015547295
[4.50638069955312] 163.658605359651
[4.52297389955311] 164.042407994409
[4.54029239955344] 164.465896916047
[4.55647039955329] 165.062806761106
[4.57296249955289] 165.497814982505
[4.59091409955272] 165.970393205627
[4.60762709955361] 166.672947687403
[4.62364899955355] 167.271368112473
[4.64059279955291] 167.92231870532
[4.65607189955335] 168.471417237941
[4.67245019955317] 168.973324087559
[4.68954349955311] 169.704245526782
[4.70591509955284] 170.313115498035
[4.7226386995535] 170.966202759907
[4.74164379955346] 171.803116056175
[4.75649639955282] 172.388912843179
[4.77377239955331] 173.129468072259
[4.79047579955295] 173.894274123637
[4.80716979955287] 167.843659248852
[4.82242199955363] 167.445308058289
[4.84006279955338] 168.029268604824
[4.85580769955322] 168.603348324961
[4.87320599955274] 169.182829085585
[4.89009569955306] 169.94577177893
[4.90637829955358] 170.478582274455
[4.92268779955339] 171.121588078396
[4.93941429955339] 171.785378557031
[4.95711589955317] 172.524967509294
[4.97265689955293] 173.140592120931
[4.99038909955289] 173.857718304512
[5.00693869955285] 174.64549590425
[5.02357909955299] 175.38655586892
[5.03991809955278] 176.095345119473
[5.05684899955304] 176.93523584825
[5.07421899955352] 177.731932620752
[5.09006089955346] 178.329533858464
[5.10722529955274] 179.441046135111
[5.12251689955337] 180.062563567116
[5.13972959955299] 180.949382972471
[5.1563874995536] 181.818634619635
[5.17343949955284] 182.733263996076
[5.19082239955333] 173.994955400586
[5.20687209955304] 164.490576962457
[5.22279319955305] 163.128484921752
[5.24012289955317] 163.304435030606
[5.25653919955312] 163.489875445995
[5.27375869955358] 163.656978640595
[5.2901812995533] 163.842845811356
[5.30631609955344] 164.053176952498
[5.32320869955311] 164.168871710437
[5.34029989955343] 159.850577841475
[5.3564352995536] 160.04008823898
[5.37256859955323] 155.70813870977
[5.3891523995535] 155.896522705455
[5.40708739955335] 156.110486574531
[5.42342479955278] 156.296441833525
[5.4395503995529] 156.49816926917
[5.45636209955319] 156.699258753348
[5.47254389955287] 156.906195082807
[5.48936499955289] 157.110718744897
[5.50612549955349] 157.322476884878
[5.52285289955307] 157.533896515221
[5.54018199955317] 157.757108108735
[5.55679599955329] 157.963454907174
[5.57375699955355] 158.201459660503
[5.58999179955299] 158.409244562076
[5.60640739955306] 158.638676397081
[5.62271439955293] 158.862013819246
[5.63966989955316] 159.093167941502
[5.65616319955279] 159.333137973457
[5.67335119955351] 159.582962247675
[5.69024819955303] 159.836488388213
[5.70618969955285] 160.048059089536
[5.7234687995533] 160.306552497346
[5.74055859955297] 160.573000895595
[5.7570112995536] 160.804764995623
[5.77302989955297] 161.041483970796
[5.78975809955318] 161.292224361022
[5.8060118995536] 161.550319021774
[5.82355449955321] 161.827845069989
[5.83972389955306] 162.086794757988
[5.85663319955347] 662.357800048268
[5.87327539955277] 662.087749958011
[5.89039529955335] 661.826637171597
[5.90616679955292] 661.592753279215
[5.92326209955354] 661.33863321772
[5.94039609955325] 661.096995459584
[5.95603729955292] 658.954669472573
[5.97313959955318] 658.135744768472
[5.98929299955307] 657.364536331972
[6.00558249955338] 308.747516879074
[6.0228422995533] 290.704417811781
[6.04028869955346] 289.521810920527
[6.05650739955308] 288.532983947429
[6.0726856995534] 286.656342046176
[6.0896164995529] 285.558579992252
[6.10632059955333] 284.746195328316
[6.12294279955313] 249.822929817848
[6.13932129955356] 248.928048835556
[6.15675659955286] 248.920217506148
[6.17279669955315] 248.156901331301
[6.19011489955301] 247.299312520242
[6.20591559955301] 246.611688910958
[6.22258119955313] 246.012512061011
[6.23955789955289] 245.394926598526
[6.25595139955294] 244.831473201989
[6.27257779955289] 244.255200370372
[6.2903569995533] 243.692846282721
[6.30686729955323] 243.184586735047
[6.32325389955349] 242.710568545887
[6.33949619955274] 246.738796418035
[6.35586189955302] 246.302530391816
[6.37363439955334] 245.850847091584
[6.38957769955323] 245.463090081215
[6.40621219955301] 245.081960004662
[6.42309709955316] 244.694466173851
[6.4394817995535] 244.356037673777
[6.45660189955288] 244.022881210257
[6.47285189955346] 743.65299851701
[6.49038249955356] 742.767368582173
[6.50595649955358] 741.952376359458
[6.52332629955345] 741.124497970802
[6.54049679955278] 740.306757235534
[6.55622029955339] 739.550501380749
[6.57353169955331] 738.765693296166
[6.58968659955281] 738.147826163637
[6.60613909955282] 737.27409161812
[6.62349229955362] 736.58729109607
[6.64062429955356] 481.665675917595
[6.65728639955341] 478.613524135024
[6.67260249955325] 477.208993464951
[6.69049499955327] 475.653843900396
[6.70656429955307] 474.214753098702
[6.72251139955279] 472.894870330253
[6.73984839955301] 471.523054477086
[6.7573813995532] 470.124683826054
[6.77429149955333] 464.39566725011
[6.79039739955351] 463.05104902847
[6.80704489955315] 459.512163157872
[6.82311589955316] 458.163923430953
[6.83939089955311] 456.800823176693
[6.85644709955341] 455.497071945157
[6.87271979955312] 454.229090311088
[6.88960239955304] 452.916638960286
[6.90656849955303] 451.578793998522
[6.9223696995532] 450.613206284799
[6.93959829955293] 449.312512386042
[6.95595009955287] 448.249385234904
[6.97294139955284] 447.039098006068
[6.99063439955353] 445.92081349227
[7.00747399955344] 444.920078932662
[7.02368479955294] 443.883036808207
[7.03885659955358] 443.135391167897
[7.05714079955305] 442.080299822037
[7.07302809955308] 441.222148351502
[7.08970599955319] 440.300972876058
[7.10598309955276] 439.510476703221
[7.1231806995529] 438.750285923849
[7.13953069955278] 437.593053706394
[7.15749789955316] 436.49719132645
[7.1730279995536] 435.862359690986
[7.18964579955355] 435.173074007054
[7.2069564995536] 934.438582152326
[7.22392099955323] 932.638630228732
[7.23920029955298] 930.574909068822
[7.25675819955359] 929.088657112098
[7.27270629955274] 927.823411640971
[7.28985709955305] 926.389527220121
[7.30635529955362] 925.097353782387
[7.3234596995535] 923.785560731644
[7.33919769955355] 922.609761987807
[7.35623629955353] 632.760070628879
[7.37305759955325] 1127.22818861803
[7.38993709955321] 1119.69618813538
[7.40624799955276] 1115.09217346025
[7.42334689955351] 1046.36620164299
[7.44020369955342] 1048.47774382291
[7.45709639955294] 1046.18237942593
[7.47292589955305] 1043.96253764362
[7.49023739955283] 1041.69726759074
[7.50643139955355] 1039.92552253146
[7.52275429955353] 1038.14271260728
[7.54017669955283] 789.467181615128
[7.55685019955308] 787.863959384355
[7.57301249955344] 786.295716824754
[7.5896691995531] 784.112640950987
[7.60708329955287] 786.413481450923
[7.62293249955292] 784.31951280686
[7.63996349955323] 782.345749219382
[7.657360399553] 780.075224905902
[7.67400829955295] 778.100396141021
[7.68931519955277] 776.322381101239
[7.70593919955354] 774.451613696614
[7.72332519955307] 771.872296361367
[7.74017499955335] 774.754616175551
[7.75620499955312] 772.829223099574
[7.77269939955295] 770.840055929767
[7.78922229955333] 768.917576924805
[7.80583239955286] 767.282120240377
[7.82319229955283] 765.341752925369
[7.83991019955283] 763.699688859441
[7.85630679955284] 743.653440857872
[7.87354979955307] 741.41409203442
[7.88923959955355] 739.555100348119
[7.90636409955277] 737.484185890304
[7.92344229955324] 735.309286968568
[7.94079799955307] 733.148991051476
[7.95724129955306] 731.398100311329
[7.97332529955293] 729.507910957697
[7.98911669955305] 727.743860136168
[8.00625079955353] 726.096205205838
[8.02285789955295] 725.029750588968
[8.0398399995529] 723.296227394097
[8.05712579955343] 721.835556956089
[8.07343479955307] 720.394341279385
[8.09066369955326] 719.062313736627
[8.10774609955297] 717.549571843825
[8.12394129955283] 1216.22844568281
[8.14017119955315] 1214.50487612912
[8.15640069955316] 1212.77363209589
[8.17311359955329] 1210.89627168756
[8.18959799955337] 1209.35772526925
[8.20676709955296] 1207.70326874537
[8.22337579955274] 887.304982161554
[8.23955059955279] 876.572268805848
[8.25630139955319] 864.714824658845
[8.27292799955285] 857.361703467452
[8.28976949955359] 1350.77671542904
[8.306659199553] 1348.16692680477
[8.32343519955339] 1346.4042849082
[8.34006709955338] 1344.52114502132
[8.35701519955273] 1342.86236378015
[8.37307649955346] 1341.26064335718
[8.38985499955288] 1287.5028685914
[8.40687809955307] 993.59804799904
[8.42301709955336] 990.680738962646
[8.44073749955351] 988.803141550918
[8.45692749955288] 987.069131754513
[8.47257979955339] 985.507203033779
[8.48988449955323] 983.359990605249
[8.50568909955291] 981.530505187405
[8.52321439955358] 979.290137379999
[8.53945219955312] 977.285626516677
[8.55577269955302] 921.647693529874
[8.57260639955348] 919.66657067242
[8.58996659955301] 917.648120028213
[8.60622699955275] 916.204749653009
[8.62251629955335] 914.484954767672
[8.63996899955328] 912.817991050067
[8.65618689955318] 911.621537561173
[8.67289779955354] 910.374709673457
[8.68998349955291] 909.236900753606
[8.70581439955276] 907.735264085615
[8.72348699955273] 906.636196828338
[8.73968589955348] 905.588505312895
[8.75733869955275] 904.557891975747
[8.7725521995535] 903.753917602728
[8.78973389955354] 902.910491649345
[8.80680379955356] 902.049310435366
[8.82286239955283] 901.370723984227
[8.83979539955362] 900.670972121162
[8.85700469955282] 899.914299153295
[8.87267679955312] 899.515483152125
[8.88936659955289] 898.871970400725
[8.90737089955292] 898.582187888887
[8.92278609955338] 898.185085971616
[8.94041559955349] 897.697077682748
[8.95665159955297] 879.089261458663
[8.97355699955278] 875.978115332696
[8.9894623995533] 875.396017077761
[9.00649209955282] 874.810110004438
[9.0231676995536] 874.337071148821
[9.04070379955283] 873.981551684042
[9.05738069955351] 873.687026169675
[9.07353029955357] 873.538816166469
[9.09098889955294] 873.333494029614
[9.1060182995534] 873.300539415522
[9.12446929955331] 873.277119637909
[9.1407710995536] 874.178044386368
[9.15655019955284] 874.362113219553
[9.17310759955308] 874.775783460553
[9.19001249955272] 875.147308618467
[9.20739159955338] 875.714604477139
[9.22301379955297] 876.251085648584
[9.23975669955325] 876.944280543785
[9.25629909955296] 877.527904879693
[9.27290999955312] 878.316843761258
[9.28954869955305] 858.489207907872
[9.30660949955291] 858.476282346195
[9.32355739955347] 858.353506467012
[9.3394046995536] 858.383466067537
[9.35841079955298] 858.569873735437
[9.37337989955358] 1358.51486419042
[9.39045529955274] 1358.03574766311
[9.40645969955312] 1357.7670549069
[9.42413669955295] 1357.5100000398
[9.44121979955344] 1357.21510044279
[9.45625129955351] 1357.05458904424
[9.47285929955342] 1356.95528980235
[9.48968499955299] 1356.72504807999
[9.50581619955301] 1349.10486376857
[9.52339209955335] 1142.95611998004
[9.53942669955359] 1139.32844429467
[9.5562933995534] 1137.60315506545
[9.57277239955329] 1135.73921179925
[9.58929229955356] 1133.84108336007
[9.60705589955342] 1131.8048699685
[9.62250879955354] 1130.07226969673
[9.64052449955307] 1128.22624609589
[9.65652989955288] 1126.48807506963
[9.67310009955327] 1124.80755327279
[9.68978689955293] 1123.17096983158
[9.70668799955274] 1121.50707093968
[9.72416529955353] 1119.91010485165
[9.74027989955357] 1118.48903963819
[9.75745219955297] 1117.01404140427
[9.77147659955335] 1115.86680628967
[9.79338809955334] 1614.04569417495
[9.80665679955291] 1611.85150404464
[9.82354399955329] 1402.969754966
[9.84034569955293] 1400.49815698411
[9.85594629955358] 1398.33508173307
[9.87394749955274] 1395.93891203302
[9.89014009955281] 1393.74473299631
[9.90664009955344] 1391.54902840487
[9.91878449955311] 1390.02936388736
[9.93968519955342] 1387.4638759516
[9.95699329955278] 1885.52165917668
[9.97636549955314] 1881.49006931959
[9.9876750995536] 1879.22219562933
[10.0076269995534] 1655.01503722809
[10.0238274995536] 1651.42222341276
[10.0415992995531] 1647.56679425224
[10.0531446995528] 1628.76351219842
[10.0733742995535] 1623.89974047247
[10.0899347995528] 1619.95351203872
[10.1062059995529] 1616.28987153103
[10.1227232995534] 2112.62945087971
[10.1392271995528] 2107.7842597382
[10.1563956995533] 2102.84682467888
[10.172681899553] 2098.20821906784
[10.1899022995531] 1901.59758055081
[10.2068523995531] 1896.60362892095
[10.2235077995529] 1892.51898121382
[10.2392933995534] 1888.03633794958
[10.2568259995533] 1883.287613915
[10.272652699553] 1878.9620230906
[10.2895421995536] 1874.51703554871
[10.3063479995535] 1870.05808952355
[10.3228810995533] 1865.84341817198
[10.3399101995528] 1857.61134113872
[10.3564366995533] 1853.35575405721
[10.3734270995528] 1848.96809214533
[10.3892481995535] 1845.02463087588
[10.4084688995536] 1840.29477648901
[10.4238156995534] 1836.83893060086
[10.4413007995536] 1832.63167515093
[10.4570150995532] 1829.11252142423
[10.4727400995534] 1825.55994535028
[10.4894053995531] 1821.85660804508
[10.5072026995531] 1817.91811672302
[10.5235685995531] 1814.47565208729
[10.5392409995529] 1811.16090865818
[10.5562969995535] 1807.62620189734
[10.573264699553] 1804.11640494896
[10.5893873995528] 1800.920700201
[10.6074760995534] 1797.39232819491
[10.6234374995529] 1789.82168512422
[10.6405332995528] 1782.04182264481
[10.6566041995529] 1779.12110421983
[10.6731466995534] 1776.08907346736
[10.6892178995531] 1773.25667617288
[10.7076717995533] 1770.00596035256
[10.723036499553] 1767.43545336167
[10.7397223995531] 1764.66320005181
[10.7568040995529] 1761.8854168406
[10.773288499553] 2259.23950985697
[10.7904364995529] 2254.92732278325
[10.8071688995533] 2250.7938811929
[10.8232133995534] 2246.84784102248
[10.8398769995529] 1976.64791253951
[10.8569549995527] 1972.61507221828
[10.8734202995529] 1968.7373795453
[10.8913167995534] 1964.58986581255
[10.9064430995531] 1961.15039539182
[10.9224221995528] 1957.59203207467
[10.9396447995532] 1953.82104809584
[10.9564920995535] 1950.25478020375
[10.9724842995529] 1946.86320038438
[10.9898773995528] 2443.25101748245
[11.0061750995528] 2438.31366210882
[11.0235069995533] 2433.21963955655
[11.040262599553] 2428.27063222394
[11.056973099553] 2423.48924996131
[11.0728766995535] 2217.03402585511
[11.0895325995534] 2211.97052763646
[11.1067243995531] 2206.98341269268
[11.123484699553] 2202.22045434878
[11.140281299553] 2197.44549861065
[11.1557442995536] 2193.15178931353
[11.1736397995528] 2688.17374846722
[11.1894717995528] 2682.48355023123
[11.206587699553] 2676.20892218597
[11.2234756995531] 2670.10825210887
[11.2406991995531] 2663.96285652179
[11.2566372995534] 2658.406724316
[11.274312599553] 2493.93764582823
[11.2890423995532] 2488.91633626819
[11.3059905995533] 2483.0461954119
[11.3225379995529] 2477.65218319035
[11.3397000995528] 2971.96969000991
[11.3574660995528] 2964.49779275538
[11.373246999553] 2958.019067697
[11.3899799995534] 2951.21140442022
[11.4073852995534] 2943.26616210823
[11.4233492995536] 2936.68641875834
[11.4400303995535] 2929.86542515373
[11.4570848995536] 2923.1992948872
[11.4736039995532] 2748.55391491604
[11.4903082995534] 2742.14004095191
[11.5076122995533] 2734.99819559327
[11.5244662995528] 3224.80466322026
[11.5404767995533] 3216.34588969949
[11.5562226995535] 3208.4356622895
[11.5730350995527] 3199.96437922256
[11.589331999553] 3192.04137765992
[11.606409899553] 3183.73074491592
[11.6226979995536] 3176.11726963569
[11.639610399553] 3168.16629853855
[11.6561981995528] 3160.41436332583
[11.6733153995528] 3152.49650539643
[11.6893822995535] 3145.22008749465
[11.7058205995536] 3137.73188533412
[11.7234629995528] 3129.90193322182
[11.7396288995533] 2966.60877456683
[11.7568289995534] 2958.94590033073
[11.7728367995533] 2951.80297757698
[11.7901272995532] 2944.31961552138
[11.8067774995534] 2937.18926369604
[11.8232812995529] 2930.1294800841
[11.8393257995531] 2923.27503713954
[11.8562176995529] 2916.35003086797
[11.8728158995527] 2909.47820982066
[11.8894470995529] 2902.48732567228
[11.9076504995528] 2895.08957606758
[11.9230887995536] 2888.94926949001
[11.9403408995531] 2882.14545588426
[11.9566774995528] 2875.72754162758
[11.9735275995536] 2869.13360220785
[11.9905925995536] 2862.69554358292
[12.0068585995532] 2856.63829915315
[12.0237182995534] 2850.2648247714
[12.0395251995533] 2844.54731164321
[12.0564003995532] 2838.47428179706
[12.0726569995531] 2832.62574915048
[12.0895497995534] 2826.65498392394
[12.1062013995534] 2820.90103818557
[12.1229261995531] 2815.18253196508
[12.1392088995535] 2809.68315723158
[12.1558576995531] 3304.06063926226
[12.1734558995531] 3296.64584975538
[12.1894422995529] 3290.06002473488
[12.205903899553] 3283.21106868429
[12.2230652995531] 3273.27091881561
[12.2397856995531] 3265.86123826601
[12.2561286995533] 3258.63511998915
[12.2736307995528] 3251.06478208574
[12.2898732995536] 3244.10652737926
[12.3064633995527] 3237.05429396231
[12.3229851995529] 3730.19149137389
[12.3399514995535] 3721.63909328117
[12.356102699553] 3713.52364815577
[12.3730662995531] 3705.14858234727
[12.3904572995534] 3696.63811753185
[12.406755299553] 3688.73661628106
[12.4235226995534] 3680.69431779699
[12.4393793995532] 3669.50844576663
[12.4569454995535] 3661.0213945798
[12.4729417995532] 3653.35890672332
[12.4894284995535] 3645.49988213293
[12.5061215995529] 3637.54319861112
[12.5225160995533] 3618.12246185112
[12.539590499553] 3609.47343387147
[12.5564424995528] 3600.86290789935
[12.573591499553] 3592.14812089051
[12.5893005995531] 3584.31291704934
[12.6066134995535] 3575.73900753967
[12.6225984995535] 3517.90682970095
[12.6402514995534] 3509.3840882294
[12.6563724995531] 3502.05574546085
[12.6734703995535] 3493.91158965349
[12.6893112995531] 3486.50256040196
[12.707625299553] 3477.91213110849
[12.7233939995531] 3470.71977306751
[12.7401331995534] 3463.06294750396
[12.7561702995536] 3455.85917646509
[12.7734472995535] 3448.10701169969
[12.7896966995531] 3440.99754358802
[12.8076492995533] 3433.11610938614
[12.8242614995534] 3425.92549809252
[12.8400060995527] 3419.22549523313
[12.8566067995534] 3412.26296123891
[12.8731913995534] 3405.33871789078
[12.8895050995534] 3398.64342152739
[12.905962199553] 3391.83080831072
[12.9230512995528] 3385.05806425958
[12.9395630995532] 3378.46005362064
[12.9568101995528] 3371.74504000247
[12.9729073995532] 3365.50791959068
[12.9899803995531] 3358.98726154643
[13.0067891995532] 3352.63082934816
[13.0227047995531] 3346.66530410499
[13.0399383995527] 3333.7577233481
[13.0559233995527] 3327.52358356256
[13.0735910995536] 3320.58318306971
[13.0904505995532] 3314.04308632468
[13.1060333995529] 3308.01081572944
[13.1230938995532] 3301.62273563405
[13.1403213995536] 3293.13529417163
[13.156511399553] 3286.65895508905
[13.173567199553] 3279.9151628843
[13.1900334995535] 3273.51941091086
[13.2064642995529] 3267.18490990011
[13.2234676995531] 3260.72765434532
[13.2396852995535] 3254.59905401959
[13.2565381995528] 3248.3981664548
[13.2730852995528] 3242.3435566604
[13.2898823995529] 3236.32659546933
[13.306861299553] 3230.25874757295
[13.3226481995534] 3224.70703228665
[13.3391117995534] 3218.91131854209
[13.357352299553] 3212.73689596757
[13.3736584995531] 3207.12404028818
[13.390276999553] 3201.65109164307
[13.4074235995531] 3196.03170737888
[13.4234926995532] 3190.85841011635
[13.4399549995533] 3185.57394634459
[13.4563913995535] 3180.43637043323
[13.4736087995534] 3174.1779823151
[13.4893405995535] 3169.44326524269
[13.5061222995528] 3162.42016857128
[13.5227587995532] 3156.82689383518
[13.5396814995529] 3151.16150363102
[13.556419599553] 3145.68488742434
[13.5736727995536] 3140.05653820114
[13.5902115995532] 3134.78444355878
[13.6059746995534] 3129.81131466676
[13.6228765995529] 3124.57524485542
[13.6397321995528] 3119.3642341308
[13.6567663995529] 3114.27658279674
[13.6728738995535] 3109.48064840135
[13.6901790995535] 3104.44186292843
[13.7064552995535] 3099.75098204045
[13.7242419995528] 3094.74512572357
[13.7401854995533] 3090.3365777465
[13.7566573995528] 3085.84141493659
[13.774359899553] 3081.06718479458
[13.7898953995527] 3077.0367024045
[13.8058389995531] 3072.94118860966
[13.8229164995528] 3068.59035599858
[13.839198699553] 3064.47537166404
[13.8567216995534] 3060.23961326957
[13.8726222995529] 3056.4287808151
[13.8898741995536] 3056.86385601756
[13.9060324995535] 3053.13528608818
[13.9224971995536] 3049.44459242332
[13.9400142995528] 3045.56931422242
[13.9559105995531] 3041.94085033247
[13.9731951995527] 3038.23963080712
[13.9900424995531] 3034.71061867825
[14.0058680995535] 3031.47717214334
[14.0232381995529] 3028.03491694109
[14.0394143995536] 3024.81282949522
[14.0558063995531] 3021.73457246673
[14.0728006995532] 3018.54959767069
[14.090262099553] 3015.37564465134
[14.1065890995533] 3012.50155497703
[14.1233189995528] 3009.65843887033
[14.1396695995536] 3006.9211652439
[14.1567276995529] 3004.18249422578
[14.1728134995528] 3001.55381360473
[14.1896444995527] 2999.01548402195
[14.2065377995532] 2996.49819439941
[14.2225860995532] 2994.15683234663
[14.2392136995531] 2991.8129574906
[14.257406099553] 2989.40890016757
[14.2726654995531] 2987.42658029137
[14.2899398995532] 2985.26861804077
[14.3073841995529] 2983.11858895632
[14.3228912995528] 2981.35938582938
[14.3400237995529] 2979.42917287461
[14.3558344995536] 2977.7474770372
[14.3725032995535] 2973.72735986211
[14.3899664995533] 2971.77805556483
[14.4068334995536] 2969.99087391451
[14.4229729995532] 2968.34646939632
[14.4396751995528] 2966.71883210294
[14.4563061995532] 2965.36845485527
[14.4731929995532] 2963.95634375917
[14.4893294995536] 2962.65035980132
[14.5063290995531] 2961.38067629613
[14.5224219995534] 2960.25014855487
[14.5397082995532] 2959.10534318675
[14.5568425995534] 2958.04603597474
[14.5727069995528] 2957.13831754953
[14.5895814995529] 2956.27808825282
[14.6068698995532] 2955.44787634046
[14.6234912995533] 2954.73970032753
[14.6396416995531] 2954.11156838173
[14.6574571995534] 2953.52337454574
[14.6734110995531] 2953.0548718359
[14.6900482995534] 2952.65691251636
[14.7071600995532] 2952.31930991374
[14.7236148995535] 2952.07598251165
[14.7393405995535] 2951.91208793402
[14.7564338995535] 2951.80259812171
[14.7735278995533] 2951.77649957417
[14.7894466995531] 2951.82735228281
[14.8059683995534] 2951.95530790147
[14.8225637995529] 2952.15925309525
[14.8397813995534] 2952.46375645575
[14.8566910995532] 2952.81331752244
[14.873188599553] 2953.25667538408
[14.8898692995535] 2953.77036302253
[14.9068001995529] 2954.3844946477
[14.9232237995529] 2955.02283189994
[14.9396196995531] 2955.75556242521
[14.9573870995528] 2956.6463641166
[14.9728368995529] 2957.49255010249
[14.9899854995529] 2958.48088174745
[15.0066379995533] 2959.54489077981
[15.0243812995532] 2960.74297755671
[15.0405570995536] 2961.93987734187
[15.0581908995528] 2963.2855922709
[15.0737545995535] 2964.54823700559
[15.0893940995529] 2965.90230527141
[15.1073290995528] 2967.54545427941
[15.1227958995532] 2969.01515765605
[15.1403880995531] 2970.76963713243
[15.1563465995532] 2972.44582432486
[15.1736099995533] 2974.34358687233
[15.1900647995535] 2976.18614892447
[15.2058964995531] 2977.54235840491
[15.2226665995531] 2979.5077987631
[15.2402294995536] 2981.65998234751
[15.2558518995529] 2983.68393019062
[15.272734399553] 2985.91372480065
[15.289962799553] 2988.27221077411
[15.3068345995534] 2990.68529120339
[15.3238202995535] 2993.16506253752
[15.3393076995535] 2995.50822773415
[15.3577803995531] 2998.37577104155
[15.3726964995531] 3000.78508187074
[15.390111099553] 3003.63747992649
[15.4060912995528] 3006.34575070557
[15.4226837995529] 3009.22245902531
[15.4394873995534] 3012.25546354266
[15.4559258995532] 3015.23184563155
[15.4731989995535] 3018.48008275205
[15.4903352995534] 3021.79939425894
[15.505900999553] 3024.88342976183
[15.5231185995535] 3028.35383573745
[15.5399648995535] 3029.15758496466
[15.555813899553] 3032.04198254317
[15.5728146995534] 3035.25247178943
[15.5908225995536] 3043.0485245989
[15.606761299553] 3046.11261621194
[15.6227070995528] 3049.2738022663
[15.6398753995536] 3052.75312655672
[15.6564078995534] 3056.16702648996
[15.6729576995531] 3059.69218827293
[15.689877799553] 3063.33567804302
[15.7060013995533] 3066.97355086678
[15.722611999553] 3070.66188049362
[15.7398042995528] 3074.65880378743
[15.7562610995528] 3078.54268588525
[15.7733794995529] 3082.65747199128
[15.7903658995529] 3086.74727157983
[15.8075477995535] 3091.01663781315
[15.8230403995531] 3094.93957933788
[15.8402495995533] 3099.37986656721
[15.856653799553] 3103.62220185576
[15.8727531995528] 3107.89454989182
[15.8901088995535] 3112.5795983854
[15.9062584995536] 3117.0611690811
[15.9235815995535] 3121.8616961968
[15.9393106995531] 3126.33628347445
[15.9558868995528] 3131.11755311146
[15.9731319995535] 3136.17374378689
[15.9900832995536] 3141.25405584352
[16.0062853995532] 3146.09851399563
[16.0230571995535] 3151.23305194292
[16.0397598995532] 3154.43781269537
[16.0561445995536] 3158.59538464073
[16.0734967995531] 3163.13967881634
[16.0894616995529] 3167.24583644337
[16.1070611995528] 3171.52159852368
[16.1237437995533] 3173.8259455927
[16.1395003995531] 3176.43652896682
[16.1560471995535] 3179.2304065716
[16.173409299553] 3182.2803468883
[16.1898704995529] 3185.18419494359
[16.2067001995529] 3188.26331888171
[16.2234851995536] 3191.42609690796
[16.2393382995533] 3194.49499562083
[16.2564934995535] 3197.87659938079
[16.2729904995531] 3201.19087018492
[16.2915230995532] 3205.01160754444
[16.3058745995531] 3208.03019573105
[16.3242755995534] 3211.9721903281
[16.3396073995527] 3215.33856235965
[16.356282099553] 3219.06163899539
[16.3731633995531] 3221.23992744115
[16.3899893995531] 3223.99488483437
[16.406800099553] 3226.84467109211
[16.4226472995533] 3229.59978408447
[16.4399288995528] 3232.67280552607
[16.4564576995535] 3235.71475567476
[16.4731182995529] 3238.83703014224
[16.4902760995528] 3239.65962543629
[16.5082187995531] 3242.48580825822
[16.522571599553] 3244.72999850473
[16.5400646995531] 3246.78575061597
[16.5564832995533] 3247.83922774647
[16.5727775995529] 3244.66376431339
[16.5900989995534] 3244.33664234555
[16.6058938995529] 3244.10485407177
[16.6235677995528] 3243.93952937695
[16.6392152995531] 3243.84818422085
[16.6561278995532] 3243.83612590532
[16.672852699553] 3243.88984997052
[16.6899345995535] 3244.03429290473
[16.7060928995534] 3244.23599156746
[16.7232773995529] 3244.52390835599
[16.7400763995529] 3244.8900616007
[16.7566244995533] 3245.31325827099
[16.7727721995534] 2917.58426364465
[16.7895371995528] 2845.63437255469
[16.8061428995534] 2823.32983737482
[16.8238938995528] 2814.38062825135
[16.8403126995536] 2809.44513628877
[16.8563068995536] 2806.08829041659
[16.8742122995536] 2803.02523946941
[16.8895903995535] 2800.7157493326
[16.906336299553] 2798.36300994838
[16.9233058995533] 2796.25088339339
[16.9393020995531] 2794.46400219928
[16.9561844995533] 2792.69316117953
[16.9730435995534] 2790.53380527765
[16.9909459995533] 2788.11131951681
[17.0060419995534] 2786.10247141212
[17.0240543995533] 2783.64711122017
[17.0395857995536] 2781.68276744211
[17.0565927995531] 2773.14090999432
[17.0725481995532] 2770.16696008274
[17.0893462995527] 2766.95894927819
[17.1064873995529] 2763.89049429045
[17.1236841995533] 2760.75249637807
[17.1401404995531] 2757.9464996618
[17.1567461995528] 2755.03639661072
[17.1725627995529] 2752.43323600794
[17.1897498995531] 2749.56148256358
[17.2068735995535] 2746.89952091659
[17.2234261995536] 2744.22469481922
[17.2395236995535] 2741.82538558359
[17.2562511995529] 2739.24144275472
[17.2731308995535] 2736.86181769398
[17.289701699553] 2734.42651422151
[17.3065009995535] 2732.16368304338
[17.3226248995534] 2729.91625331173
[17.3397033995534] 2727.73512140123
[17.3563131995534] 2725.50706136627
[17.3735156995535] 2723.40263788738
[17.3889598995529] 2721.40880629795
[17.4060148995532] 2719.46370911028
[17.4238915995529] 2717.45671671086
[17.4402546995534] 2715.51165274813
[17.456464199553] 2713.81914343703
[17.4731674995528] 2712.11974379434
[17.4900236995536] 2708.1470620105
[17.5062640995529] 2705.97573199898
[17.523271899553] 2703.75951613149
[17.5392462995533] 2701.52512316299
[17.5561124995529] 2699.43827214986
[17.5736561995536] 2697.30352042097
[17.5894706995532] 2695.23746095308
[17.6065729995535] 2693.26653400651
[17.6227391995535] 2691.44880941195
[17.639917599553] 2689.32577617638
[17.6559064995536] 2687.62667864026
[17.6727492995533] 2685.88158820567
[17.6899433995532] 2683.97990054419
[17.7061891995536] 2682.27608571689
[17.7231984995533] 2680.5588487328
[17.7399924995534] 2678.89560263983
[17.756095099553] 2677.3196161786
[17.7732741995533] 2675.67783167748
[17.790197499553] 2674.1011850952
[17.8062640995531] 2672.63648525824
[17.823582899553] 2579.22555190917
[17.8394954995529] 2577.3567993202
[17.8564451995535] 2575.74451140283
[17.8732572995532] 2546.80930002049
[17.8891430995536] 2543.43156551785
[17.9067038995536] 2541.14582508662
[17.9229594995531] 2536.40772128591
[17.9400733995535] 2533.42721144987
[17.9562205995535] 2531.25197415672
[17.9729638995532] 2529.03261426885
[17.990138999553] 2526.84341911472
[18.0077974995529] 2524.6638877995
[18.0236088995534] 2522.76284250283
[18.0401148995534] 2520.55788664589
[18.0578905995535] 2518.46799137968
[18.074237799553] 2516.6323998195
[18.0895632995534] 2514.95355175408
[18.1067991995533] 2513.11937377462
[18.1225059995531] 2511.5159317162
[18.139394799553] 2509.84449934294
[18.1565041995527] 2508.20788377523
[18.1737040995531] 2506.64777358995
[18.1905269995532] 2505.1953902979
[18.2058511995529] 2503.39569050124
[18.2237008995535] 2501.51158500927
[18.2400553995531] 2500.06185264975
[18.2576073995533] 2498.61276509886
[18.2738580995529] 2497.29771756957
[18.2898469995534] 2496.04881999138
[18.3057185995531] 2494.86317896685
[18.3237311995535] 2493.56063373895
[18.3400650995536] 2492.43252240024
[18.3561761995534] 2491.36612419914
[18.3744378995534] 2490.19731890181
[18.3895069995533] 2489.28984893767
[18.4067403995532] 2488.30181280898
[18.4232951995527] 2487.39274786903
[18.4410381995531] 2486.45413391105
[18.4568821995535] 2485.69673687053
[18.4735996995532] 2484.93098115258
[18.4903616995534] 2484.20460155077
[18.5065511995535] 2483.55074040748
[18.5229490995534] 2482.93766107717
[18.5395288995533] 2482.36477968261
[18.5566243995536] 2477.73525477683
[18.5732600995534] 2475.49467191431
[18.5893547995529] 2473.38322204403
[18.6060704995534] 2471.22594544627
[18.6225009995533] 2469.14997784915
[18.6395221995535] 2467.07103833038
[18.6564685995536] 2465.04217498338
[18.6735186995529] 2463.05206880278
[18.6901917995528] 2461.15068740605
[18.7058435995532] 2459.40385153173
[18.7228661995532] 2457.53917993665
[18.7411160995534] 2455.64696426065
[18.7562407995529] 2454.08035851484
[18.7727588995531] 2452.43346296411
[18.7901127995528] 2450.75984544163
[18.8067483995528] 2449.19495458765
[18.8225941995534] 2447.75278912396
[18.8394143995529] 2446.26840923206
[18.8573832995535] 2444.73029773949
[18.873949199553] 2443.37827031686
[18.889309999553] 2442.15715335737
[18.9061067995535] 2440.87631594882
[18.9226013995531] 2439.65591481708
[18.9391942995535] 2438.48004610458
[18.9563407995529] 2437.3189333755
[18.9730257995534] 2436.2117176964
[18.9901147995533] 2435.16476512686
[19.0066024995531] 2434.19386199284
[19.023512099553] 2433.24380000418
[19.0394854995529] 2430.36302278323
[19.0569425995536] 2428.98508286219
[19.073080399553] 2427.77205714984
[19.0902131995535] 2426.51664633291
[19.1063369995536] 2425.37509879187
[19.1225704995531] 2424.28505438908
[19.140474199553] 2423.13421388232
[19.156597999553] 2422.12273139854
[19.1732535995534] 2421.14552529174
[19.1900094995535] 2420.22058364208
[19.2066900995533] 2419.33403982409
[19.2225344995531] 2418.54331040725
[19.2394497995529] 2417.73632846341
[19.2563035995536] 2416.99600739011
[19.2733967995528] 2411.80181355054
[19.2894231995533] 2411.16572233782
[19.3073362995528] 2410.52555198884
[19.324237799553] 2409.97739160364
[19.339667399553] 2409.53552495535
[19.3557949995529] 2409.08677137844
[19.372536199553] 2408.68010179138
[19.3900131995533] 2408.30814179331
[19.4065085995535] 2408.01469801993
[19.4232112995533] 2407.7512926897
[19.4394691995531] 2407.54955615308
[19.4566125995534] 2411.88247558098
[19.4736257995528] 2411.76456969821
[19.4903309995534] 2411.70887016614
[19.5061428995532] 2411.69528357341
[19.5228421995535] 2411.71756671291
[19.5407905995535] 2411.81392798562
[19.5567940995534] 2411.93701895893
[19.5736058995535] 2412.12073739836
[19.5902820995534] 2412.35532564227
[19.6069868995528] 2412.60464585161
[19.6229579995534] 2412.92159446912
[19.6393037995531] 2413.28775268453
[19.6570825995532] 2413.73045317845
[19.6725963995532] 2414.15879297205
[19.6898315995531] 2414.69513271072
[19.707565699553] 2415.29191753613
[19.7243478995533] 2915.90497739788
[19.7417600995532] 2544.82737213763
[19.7564678995532] 2537.37031706751
[19.7726500995532] 2536.96635330108
[19.7904457995528] 2536.04695412165
[19.8067289995533] 2535.534748199
[19.8238415995529] 2535.04461897513
[19.8394252995531] 2534.4600548525
[19.8559692995532] 2534.32122787086
[19.8731233995532] 2533.96003243935
[19.891293099553] 3033.75672571918
[19.9074812995532] 3033.83051923355
[19.9235034995536] 3029.19729422178
[19.9413036995529] 2666.03434415694
[19.9562621995528] 2665.83608437988
[19.9732176995531] 2663.54274678889
[19.9904065995534] 2662.23438845331
[20.0077503995535] 2661.05863955127
[20.0232766995532] 2659.59483410375
[20.0407874995535] 2658.49106221319
[20.0564756995527] 2657.20811661432
[20.0732332995531] 3156.38330883837
[20.090325999553] 3155.60337335263
[20.1063270995528] 3140.3190524597
[20.1241922995532] 3138.66832621663
[20.1402177995533] 3137.23155467865
[20.1566732995534] 2801.46814195928
[20.173100299553] 2798.67474971405
[20.1895019995536] 2797.05580378709
[20.2078164995528] 2794.45378417755
[20.2235265995532] 2792.25909029801
[20.2397038995532] 2789.50639295197
[20.2557987995533] 2787.8203376514
[20.2741696995536] 2785.76236163733
[20.2903542995527] 2783.65812931082
[20.3072380995536] 2782.06072716158
[20.3224693995535] 2775.87435489812
[20.3401475995533] 2773.8680897581
[20.3562492995534] 2772.30636920458
[20.3724940995535] 2770.75368608451
[20.3906697995535] 2769.50280913938
[20.4074222995532] 2767.97604404281
[20.4228464995531] 2766.50307480464
[20.4408373995529] 2769.91877897605
[20.4559309995529] 2768.71243405271
[20.4741329995531] 2767.41874975251
[20.4900782995528] 2766.44997742607
[20.5060062995535] 2765.91059850311
[20.5227400995527] 2764.55226605966
[20.5399863995535] 2764.09125793909
[20.5567284995532] 2763.34304999604
[20.5732300995533] 2762.60889886465
[20.590416899553] 2762.21125547352
[20.6060155995528] 2761.66101598273
[20.6230243995533] 2761.6498898423
[20.6407000995532] 2761.20436030601
[20.6570394995533] 2760.97059730949
[20.6726248995528] 2761.28455664441
[20.6907473995534] 2761.21819375923
[20.706713599553] 2761.11701170971
[20.7240952995535] 2761.21471421059
[20.7397631995527] 2761.70793106906
[20.7563263995535] 2759.86220963434
[20.7725859995535] 2759.43114839674
[20.790212799553] 2759.30355411218
[20.8071671995531] 2759.08846233417
[20.8232401995529] 2759.04813169789
[20.8392331995528] 2754.76850335721
[20.8563537995533] 2754.66462430025
[20.8734942995534] 2754.91722731105
[20.8904433995531] 2755.35529387518
[20.9058317995532] 2755.12619106706
[20.9243403995533] 2755.94319357916
[20.9401046995536] 2756.44009925889
[20.9569389995531] 2757.3092578573
[20.972816599553] 2757.7881795833
[20.9904671995528] 2758.81100610684
[21.0075311995533] 2759.61816229915
[21.0231255995532] 2760.58681319862
[21.0403717995532] 2761.3131450314
[21.056551099553] 2762.52997652206
[21.0736113995536] 2763.96282441532
[21.089640999553] 2765.1559160621
[21.1064536995527] 2766.66949003757
[21.1245052995528] 2768.44627497356
[21.1397376995528] 2769.75754926309
[21.1574455995533] 2771.41140420068
[21.1732614995535] 2773.02520274991
[21.1897508995535] 2779.42425523855
[21.2064717995536] 2781.32131395731
[21.2229540995531] 2783.29399886101
[21.2393245995536] 2785.31647102798
[21.2566976995531] 2787.54582450714
[21.2727535995527] 2789.78866794393
[21.2905332995533] 2792.16630423825
[21.3080451995529] 2794.88755264035
[21.3238090995528] 2797.18699911194
[21.339650199553] 2799.68955240224
[21.3567713995535] 2802.38617602675
[21.3734057995534] 2805.25619531639
[21.3894448995534] 2808.00577471352
[21.4067098995529] 2810.90391610824
[21.4225569995533] 2813.82424084356
[21.4406647995529] 2817.27548538741
[21.4561475995533] 2819.30702415619
[21.4733207995532] 2822.02809667942
[21.4894074995527] 2824.62512982697
[21.5061419995536] 2827.47413157824
[21.5236033995534] 2830.43069145178
[21.5403466995531] 2833.2061423398
[21.5574747995533] 2836.03619742566
[21.5737627995532] 2838.56476167716
[21.5902375995529] 2841.26045152949
[21.6066562995529] 2844.02023222477
[21.6235577995531] 2846.97752552735
[21.6404270995536] 2849.96983103145
[21.6575206995531] 2853.15145494023
[21.6733366995531] 2856.15014683129
[21.6893520995536] 2859.27640147843
[21.7064307995533] 2862.67588796993
[21.7225971995531] 2866.08074970366
[21.7400163995535] 2869.6633076989
[21.7563583995534] 2873.17243767751
[21.7738543995529] 2876.94989550762
[21.7896321995531] 2880.49790931219
[21.8073001995535] 2884.4972704904
[21.8234777995531] 2888.31335801158
[21.839660699553] 2892.15171493968
[21.8561772995536] 2896.26854144879
[21.8736785995534] 2900.56656731985
[21.8906913995534] 2904.895729285
[21.9058424995528] 2908.80938641985
[21.9238707995528] 2913.62947640873
[21.9407724995535] 3418.13989802681
[21.956725299553] 3422.56247202888
[21.9732583995528] 3427.13957041961
[21.9893088995532] 3429.49431683458
[22.0063423995534] 3433.86902312566
[22.0232473995529] 3438.40369015787
[22.0393623995533] 3442.78293222048
[22.0570563995534] 3447.75127798114
[22.0734008995532] 3088.27979189606
[22.0897314995527] 3070.95955032404
[22.1058681995528] 3070.63818143124
[22.1237249995529] 3072.97838618777
[22.1392366995533] 3074.91978115691
[22.1560762995532] 3077.33545738598
[22.1730058995536] 3080.1425676878
[22.1901579995529] 3083.08668625216
[22.2066857995533] 3086.09122054787
[22.2233365995535] 3089.37595893756
[22.240132199553] 3092.86185479829
[22.256270799553] 3096.47168167458
[22.2734006995533] 3093.59804608555
[22.2894188995533] 3096.57057077149
[22.3058735995528] 3099.93512938488
[22.3231375995529] 3103.68393298511
[22.3394178995532] 3105.88610371289
[22.3569069995528] 3110.00046157043
[22.3725818995536] 3113.77863997624
[22.389259599553] 3118.07367430021
[22.4070760995528] 3122.76774828493
[22.4234745995527] 3127.33549017491
[22.4400205995535] 3132.03114143205
[22.4557458995532] 3135.77110804775
[22.4729690995528] 3140.64837197248
[22.4894339995535] 3143.66697437118
[22.5058680995535] 3148.53444989809
[22.5228050995529] 3152.3895412567
[22.5397497995527] 3157.29555040761
[22.5565208995531] 3162.28284047705
[22.5729172995534] 3167.1198816781
[22.5896549995532] 3172.9902274618
[22.606054199553] 3178.75427013902
[22.6228892995532] 3184.99197458644
[22.6402168995528] 3191.67040555604
[22.6560348995536] 3197.14741439269
[22.6736034995529] 3168.69705268305
[22.6900266995535] 3172.60964911127
[22.706886899553] 3176.46670793702
[22.7227048995528] 3179.33111286383
[22.740687599553] 3184.05097726862
[22.7573897995535] 3188.56214908435
[22.772933399553] 3187.51381053044
[22.7905086995534] 3190.65132750647
[22.8067469995531] 3190.23913987618
[22.823843399553] 3193.04980582223
[22.8394851995536] 3196.53634585554
[22.8572160995536] 3200.75241226092
[22.8725105995536] 3204.50191172998
[22.8897699995532] 3708.91095508519
[22.906684599553] 3713.34634751298
[22.9238419995536] 3718.07951482836
[22.9401356995531] 3711.5707537368
[22.9567112995528] 3715.9611303981
[22.9736720995534] 3720.64704344984
[22.9897615995533] 3721.34040915288
[23.0059505995532] 3351.22293449097
[23.0229722995527] 3355.41411537064
[23.0393198995534] 3356.01032197493
[23.0570727995528] 3358.75811899735
[23.0733452995528] 3356.55911124563
[23.0897731995528] 3359.35584124448
[23.1064202995531] 3362.36333396644
[23.1233672995531] 3865.65911019612
[23.1401703995534] 3868.4835333093
[23.1562311995531] 3871.51352454584
[23.1729969995531] 3869.3741603757
[23.1892891995531] 3872.81446095295
[23.2066304995533] 3843.24669540117
[23.2233267995534] 3844.02081320484
[23.2394899995534] 3846.05443505882
[23.2558080995532] 3841.94485802786
[23.273357899553] 3840.61905423221
[23.2895200995536] 3842.52721427251
[23.3060641995535] 3844.74925904259
[23.323540499553] 3847.18109605526
[23.3399002995529] 3848.6222409243
[23.3563155995535] 3850.31983931014
[23.3725471995531] 3852.38679378993
[23.389994399553] 3844.89121725553
[23.4068307995531] 3843.14034143181
[23.4225472995531] 3843.0824916219
[23.4396222995529] 3843.53395638468
[23.4568601995534] 3843.51440704923
[23.4726278995531] 3843.27719461331
[23.4893272995532] 3843.29803529046
[23.5071984995529] 3840.36936602831
[23.5230186995532] 3840.54717104061
[23.5394152995532] 3840.8482868837
[23.5569491995529] 3841.27469631405
[23.5733742995535] 3841.81414468086
[23.5909752995531] 3842.37308071574
[23.606325099553] 3842.06221838956
[23.6239634995536] 3839.9164926007
[23.6398668995535] 3840.09266269901
[23.6562055995528] 3840.15827322274
[23.672887699553] 3840.39116872635
[23.6897735995535] 4322.92959618563
[23.7059606995535] 4303.45457813802
[23.7232994995529] 4301.57354902855
[23.7395376995528] 4301.3075396715
[23.7568461995534] 4301.11133776884
[23.7726926995529] 4301.09214373314
[23.7894850995535] 4104.13435266607
[23.8061274995534] 4103.7014419784
[23.8229431995533] 4103.73022827215
[23.839554399553] 4103.26908614207
[23.8562076995531] 4102.30480317586
[23.8731517995529] 4601.87488644013
[23.8894246995533] 4601.57298654237
[23.9064464995536] 4596.65454806086
[23.9233211995534] 4593.27736773598
[23.9394849995533] 4591.12525548142
[23.9568312995534] 4589.04732215829
[23.9733912995534] 4587.03370759765
[23.990289499553] 4585.16123672727
[24.0065260995534] 4583.54020871803
[24.0225833995528] 4582.07021211054
[24.0398817995529] 5080.62232654627
[24.0562238995535] 5079.29600700673
[24.0732202995532] 5078.0181075459
[24.0902088995535] 5076.87815803629
[24.1066738995532] 5075.94111055672
[24.1241957995535] 5075.10701166196
[24.1396905995534] 5074.39214870555
[24.1572605995534] 5072.63852861504
[24.1725680995532] 5071.10238146945
[24.1907564995536] 5066.36376831133
[24.2063398995533] 5064.4633573919
[24.223520599553] 5062.49370132216
[24.2394117995527] 5060.79494800708
[24.2572880995531] 5059.00848175107
[24.2737396995535] 5057.50696526156
[24.2904062995531] 5056.10240653154
[24.3061261995535] 5039.96004995202
[24.3236009995535] 5035.65763461116
[24.3399405995533] 5033.85685221352
[24.355848999553] 5032.19377911855
[24.3727436995532] 5030.55588793517
[24.3903413995531] 5028.98450191101
[24.4065759995528] 5027.67154595971
[24.4231539995535] 5026.44364038725
[24.4400140995531] 5018.80775960265
[24.4567790995534] 5017.21956164519
[24.473281599553] 5015.80985611001
[24.4907144995532] 5012.37826134656
[24.5076396995528] 5010.6430548064
[24.5239091995536] 5008.26989666068
[24.5399274995534] 5006.78974402508
[24.5566492995531] 5005.36796379794
[24.5739444995534] 5000.25226540341
[24.5899692995536] 4998.61844446087
[24.6058523995534] 4996.58224148922
[24.6229639995536] 4994.14556627273
[24.6398552995533] 4990.97586272006
[24.6565737995534] 4989.57546128144
[24.6733779995529] 4988.31287055252
[24.6895610995534] 4987.20473710161
[24.7064822995535] 4985.40855074014
[24.7225368995532] 4982.40945057063
[24.739390699553] 4967.98054134872
[24.7570098995529] 4964.25161186319
[24.7735199995532] 4962.59293722983
[24.7901563995529] 4958.23680588719
[24.8055843995535] 4956.50973447763
[24.824276499553] 5454.38633173299
[24.8399224995528] 5452.27726656518
[24.8561329995528] 5450.28907371927
[24.8734741995531] 5448.28552633021
[24.889399099553] 5443.86388610429
[24.9059113995536] 5439.92956778018
[24.9224726995535] 5434.05527448291
[24.9397094995529] 5430.49257725761
[24.9563381995531] 5422.93429438087
[24.9725011995533] 5407.1281951073
[24.9904286995534] 5400.62795004582
[25.0063924995529] 5397.08832013556
[25.0231561995533] 5392.59367923589
[25.0395674995534] 5388.77708649174
[25.0564884995529] 5385.2439485858
[25.0725533995528] 5382.12120508315
[25.0895063995531] 5378.92155229266
[25.1068015995534] 5375.77336160209
[25.1233701995534] 5372.85935148377
[25.1395228995534] 5370.1490129863
[25.1563151995533] 5367.43057251552
[25.1735149995529] 5364.55476879271
[25.1896273995535] 5361.91836045117
[25.2061738995535] 5359.39430500057
[25.223670499553] 5356.80572010067
[25.2391103995533] 5354.63672454115
[25.2571063995529] 5352.20392823845
[25.2730399995535] 5350.18939293062
[25.2893476995532] 5348.22327908168
[25.3067828995536] 5346.23083506703
[25.324152399553] 5344.36940527662
[25.3396429995528] 5342.82474491245
[25.357027299553] 5341.2032327614
[25.3739553995529] 5339.74775955134
[25.3909304995532] 5337.39219752029
[25.4057399995536] 5336.16838036628
[25.422853899553] 5332.94941982983
[25.4393699995535] 5331.19702572915
[25.4570420995533] 5329.44879360679
[25.4730424995532] 5327.95611595517
[25.4901177995534] 5326.52617612545
[25.5067876995536] 5825.14842673034
[25.5236253995536] 5823.94058408255
[25.5392801995531] 5822.57006657318
[25.5559615995535] 5821.54780165677
[25.5730617995532] 5815.43823877695
[25.5903624995535] 5813.84779544022
[25.6058011995528] 5812.28703007957
[25.6233198995533] 5810.6640531137
[25.6399778995528] 5807.25534874877
[25.6568107995536] 5805.72285342773
[25.6727625995536] 5804.67998593176
[25.6900977995529] 5803.71215757877
[25.7072724995533] 5802.84070928265
[25.7233249995534] 5802.13411676977
[25.7392384995528] 5806.03140028609
[25.7571362995532] 5799.87761676018
[25.7731751995534] 5799.20934525403
[25.7895893995528] 5797.70957113038
[25.8059148995535] 5797.0174464247
[25.822640499553] 5796.42415775706
[25.8392743995528] 5794.04983501386
[25.8567146995529] 5787.54080612112
[25.8730162995535] 5786.76127259472
[25.8900560995535] 5785.46475304837
[25.9066363995535] 5784.59537235382
[25.9234305995533] 5788.38796772471
[25.9394555995532] 5787.28025116641
[25.9573122995535] 5452.05409418186
[25.9726637995527] 5450.64836157814
[25.9894992995532] 5448.5256030788
[26.0065069995535] 5447.02282323875
[26.0233892995529] 5445.41518553928
[26.0393325995528] 5444.31749982436
[26.0572744995534] 5443.2146186943
[26.0726702995535] 5441.90194404082
[26.0905568995531] 5441.10212312981
[26.1073781995528] 5439.70122193384
[26.1233412995534] 5438.0832103765
[26.139768299553] 5436.43417681652
[26.1573244995534] 5435.53413797612
[26.1727704995528] 5434.28852074206
[26.189440399553] 5433.14345965995
[26.2057480995536] 5932.37098622339
[26.2232580995533] 5931.47049225706
[26.2394030995529] 5930.85924860266
[26.2560937995531] 5930.37227105758
[26.2731612995531] 5929.98473631901
[26.2902071995532] 5930.24223811902
[26.307079999553] 5929.95402481599
[26.3232403995535] 5930.22928123502
[26.3393980995534] 5930.5515501435
[26.356760099553] 5930.9324219181
[26.3739870995532] 5931.34719753988
[26.3899555995531] 5932.15406226504
[26.4065524995531] 5932.33554748833
[26.423024099553] 5932.90249091018
[26.4403250995529] 5934.03775770232
[26.4586682995532] 5934.56884636962
[26.4734567995529] 5934.76141476984
[26.4924097995536] 5929.71264858122
[26.5072926995535] 5929.27453625418
[26.5244500995532] 5928.69471696108
[26.5404214995533] 5928.50519123822
[26.5558383995531] 5928.50633254328
[26.5726198995535] 5928.6548484007
[26.5890018995533] 5927.75598418988
[26.6066080995533] 5924.72120417228
[26.6233969995528] 5923.22519733507
[26.6391238995529] 6421.84543366375
[26.6573528995532] 6420.70983779973
[26.6727939995535] 6020.83216239212
[26.689325499553] 5740.08179597114
[26.7061300995529] 5737.18597214761
[26.7223854995527] 5734.92545905959
[26.7394750995536] 5732.68073078239
[26.7560985995533] 5730.03803457853
[26.7725384995529] 5728.17769718753
[26.7902260995534] 5725.89118406742
[26.8067538995529] 5723.46895094953
[26.8231812995527] 5721.39261393699
[26.8408246995532] 5718.4867420004
[26.8567807995532] 5716.51664734513
[26.8741811995533] 5714.37476452131
[26.8897563995533] 5712.16081273898
[26.9072103995532] 5709.03408591448
[26.9227381995534] 5707.34717168161
[26.9403607995528] 5704.1641276918
[26.9573099995532] 5701.71168533871
[26.9727973995532] 5699.40892439367
[26.9895251995531] 5696.85989948939
[27.0059087995533] 5693.7356659842
[27.0235531995531] 5691.23491721637
[27.0392097995527] 5686.47975453205
[27.0560186995535] 5685.15679139704
[27.0727414995536] 5683.99588280071
[27.0905254995532] 5682.66615888413
[27.106728099553] 5681.76024256129
[27.1226865995532] 5680.96361622257
[27.1394993995527] 6178.67617247025
[27.1564746995527] 6173.69852213865
[27.1743154995529] 6170.04193971931
[27.1897809995535] 6166.08712126712
[27.2071314995528] 6162.46277859833
[27.2229469995527] 6158.75347442893
[27.2400476995535] 5926.61320533211
[27.2569485995527] 5923.16205500996
[27.2724422995534] 5921.89527723156
[27.2892838995531] 5920.47630707303
[27.3065869995535] 5919.31222723713
[27.3236764995536] 5918.27916858361
[27.3400914995527] 5917.24855682821
[27.3567591995534] 5916.48696724553
[27.3728953995533] 5914.04666656605
[27.3901757995536] 5913.18607066563
[27.406212799553] 5912.66213876921
[27.422506199553] 5912.23999169337
[27.4398535995533] 5911.75409362674
[27.4565621995534] 5911.55673547993
[27.4728860995529] 5911.48066818376
[27.4900570995533] 5911.37223951454
[27.5057970995531] 5911.5239104784
[27.5236242995534] 5911.32268660779
[27.5398551995531] 5911.42683245542
[27.5559065995531] 5911.7912422745
[27.5740961995534] 5907.33088904904
[27.5891941995533] 5905.03546385103
[27.6061635995529] 5902.76593418005
[27.6228471995528] 5900.6235511035
[27.6397255995535] 5898.47720069975
[27.6565513995529] 5896.56948940077
[27.6725324995532] 5894.87383876701
[27.6901215995531] 5890.49847394065
[27.7062242995535] 5888.86616928588
[27.722992899553] 5887.26626629918
[27.7399446995532] 5885.04348765824
[27.7564508995529] 5883.10240108068
[27.7730068995534] 5881.26912225673
[27.7898684995534] 5879.14255549494
[27.8066009995528] 5877.3328570302
[27.823093299553] 5875.65369712322
[27.8397487995535] 5865.64563630389
[27.8558555995533] 5863.80210134854
[27.8725262995531] 5859.75978311579
[27.8902425995529] 5856.62360143614
[27.9070285995531] 5854.48525760839
[27.922939299553] 5852.53842406556
[27.9402136995532] 5850.50757399575
[27.9567169995535] 5848.22481118124
[27.9736345995534] 5846.36981340807
[27.9892608995533] 5844.67015353222
[28.0058706995533] 5843.10549972109
[28.0231665995534] 5839.05497888441
[28.0399290995529] 5835.77577263074
[28.0572743995535] 5832.30992354143
[28.0730366995531] 5830.02027335599
[28.089901499553] 5827.04313989135
[28.1061654995528] 5824.28399170175
[28.1242889995528] 5818.29380121328
[28.1393399995532] 5816.75382062909
[28.1566199995532] 5814.94366072179
[28.1734837995527] 5813.24084068855
[28.1894650995528] 5807.2635913623
[28.2063897995531] 5805.0610920298
[28.2237609995527] 5803.82083106383
[28.2400333995529] 5802.07693048865
[28.2567859995534] 5799.93352075011
[28.2735879995535] 5797.11689981334
[28.2897718995528] 5793.68102375317
[28.3069427995533] 5791.78810871659
[28.3233485995534] 5791.10293854883
[28.3405420995532] 5790.38411644555
[28.3562215995535] 5788.88453743074
[28.3729910995535] 5787.20057744696
[28.3915272995528] 5789.84507739986
[28.4065514995527] 5789.42477305131
[28.4227532995528] 5789.1341238821
[28.440212599553] 5788.81029839332
[28.4571400995528] 5787.24844643874
[28.4725129995531] 5785.78320179244
[28.4903511995535] 5781.06377997539
[28.5074465995531] 5779.93712633147
[28.5239761995535] 5779.01511574633
[28.5408431995529] 5778.15295239137
[28.5567269995536] 5777.41213416534
[28.5737042995534] 5775.91749225241
[28.5904014995531] 5774.68024915922
[28.6076554995534] 5774.04796961959
[28.6235263995532] 5769.40631111859
[28.6398532995536] 5767.64219286486
[28.6571411995528] 5766.66315533158
[28.6735608995532] 5761.1785645881
[28.6897707995531] 5758.15038109973
[28.7071372995533] 5756.28469283841
[28.7234565995532] 5755.28872723703
[28.7414623995528] 5754.31121526928
[28.756466199553] 5753.41760719965
[28.773265799553] 5752.43695143129
[28.7901241995532] 5751.3853705675
[28.8068423995528] 6248.88258872684
[28.8231547995529] 6247.70503226585
[28.8403868995529] 6246.48879542216
[28.8572700995528] 6245.50262589094
[28.8732847995534] 6244.49101359375
[28.8902018995532] 6243.739398314
[28.907057499553] 6242.80226551626
[28.9228768995536] 6035.36488419585
[28.9392209995531] 6034.22541978292
[28.9561974995531] 6032.77695745681
[28.9731449995534] 6031.33242472754
[28.989471199553] 6029.33805334407
[29.0059676995534] 6027.33321159766
[29.0225845995528] 6025.38584681902
[29.0399272995528] 6021.0637121712
[29.0574127995533] 6017.09030031397
[29.0740260995535] 6014.8365862579
[29.0904974995528] 6007.98740768447
[29.1075311995528] 6001.07248271304
[29.1230908995531] 5999.80503338653
[29.1392174995535] 5998.83219164781
[29.1589123995527] 5998.0595468968
[29.1737888995531] 6497.07228025294
[29.1915016995536] 6497.0279842099
[29.2072720995529] 6496.54929834245
[29.2235811995533] 6497.0774624091
[29.2400095995536] 6497.49729097462
[29.2577527995536] 6493.11042190287
[29.2735294995528] 6493.61408259576
[29.2896183995535] 6489.11287568927
[29.3061760995533] 6365.09462145437
[29.3228077995527] 6361.344487074
[29.340137399553] 6355.18855750335
[29.3558462995534] 6351.11769698944
[29.3728521995536] 6349.14528074278
[29.3892925995533] 6346.96449770237
[29.4064920995534] 6345.00406365511
[29.4226341995536] 6343.17616420962
[29.4397595995533] 6338.93774689517
[29.4568428995535] 6337.92270560343
[29.4728135995529] 6337.6434093436
[29.4895118995528] 6336.9962350327
[29.5063397995527] 6336.33743163114
[29.5224872995532] 6335.63022210135
[29.5394074995529] 6335.05811234614
[29.5574031995529] 6334.39969233774
[29.573037999553] 6333.93899859953
[29.5904409995528] 6333.81124961159
[29.6063979995533] 6332.51751341138
[29.623170799553] 6331.95320858936
[29.6395896995527] 6331.68830551321
[29.6564893995528] 6331.7149385458
[29.672594699553] 6331.77113136958
[29.6903528995535] 6329.62715115819
[29.7069459995528] 6829.96150720664
[29.7228077995533] 6830.84198377664
[29.7400718995532] 6832.17484139264
[29.7566532995534] 6833.59919088604
[29.7726385995529] 6835.25473448107
[29.7903976995531] 6834.10450736728
[29.8076282995535] 6835.86527356436
[29.823149799553] 6837.48539330218
[29.8393469995535] 6834.32883360346
[29.8572277995536] 6835.35575275066
[29.8740554995529] 6836.72609908414
[29.8905907995531] 6838.53430289918
[29.9074737995534] 6840.7074819401
[29.9242237995531] 6842.7785684211
[29.9352144995528] 6844.23665061687
[29.9571812995528] 6847.40995958348
[29.9725300995533] 6841.02270854643
[29.9896784995535] 6842.79152703042
[30.0072676995533] 6844.88018410864
[30.0224648995536] 6846.43229974097
[30.039421599553] 6847.03255156794
[30.0567739995531] 6848.50893020977
[30.0730943995532] 6850.39294370583
[30.0892354995531] 6852.06857483755
[30.1064035995532] 6854.07548890588
[30.1231853995532] 6855.39861440775
[30.1396745995535] 6857.34325002518
[30.1568312995532] 6855.26580377533
[30.1727219995528] 7354.02543285325
[30.1902615995532] 7355.48124524406
[30.2063797995534] 7355.76207533366
[30.2229588995533] 7356.57645383693
[30.2401072995535] 7346.16774792767
[30.2558366995536] 7343.98801083962
[30.2737018995531] 7021.50314412744
[30.2892114995529] 7020.10236530399
[30.3062376995531] 7019.31990162882
[30.3234437995534] 7019.10990615615
[30.3392525995532] 7016.96357658635
[30.355877299553] 6989.9681436416
[30.373765499553] 6989.33812261653
[30.3892260995535] 6988.42856452021
[30.4065884995534] 6988.49935717469
[30.423002599553] 6988.54483800681
[30.4403783995531] 6981.53289219926
[30.4567384995535] 6980.84069735414
[30.4735288995535] 6980.50802962291
[30.4901806995531] 6980.71112673742
[30.5063839995528] 6980.94834641793
[30.5229353995528] 6981.43692713101
[30.5404383995528] 6982.14546212567
[30.5561508995534] 6983.04041992342
[30.5726308995536] 6983.52916394123
[30.5896253995534] 6984.03487717957
[30.6065487995529] 6984.6038984812
[30.6238135995536] 6985.68276774616
[30.6405102995532] 6986.67054584555
[30.6566751995533] 6987.87161858121
[30.6729563995532] 6988.87643085769
[30.6896074995529] 6989.87186049363
[30.7063467995531] 6989.81423922207
[30.7224707995529] 6990.19737539941
[30.7396004995535] 6977.07923279705
[30.7565325995529] 6972.3953664759
[30.7732623995535] 6971.3424909487
[30.7900716995528] 6972.14788173232
[30.8066518995529] 6971.32456622013
[30.8236797995532] 6972.08599175748
[30.8400737995535] 6972.57694363007
[30.8568563995532] 6971.91044691032
[30.8735411995531] 6972.55563807868
[30.8897663995531] 6973.30735675711
[30.9074327995531] 6974.27712371415
[30.9232201995528] 6975.30128177823
[30.9399721995533] 6975.73810618143
[30.9563563995534] 6976.86740719349
[30.9738224995535] 6978.20689296588
[30.9896470995536] 6979.00782885179
[31.0070786995529] 6980.47552520395
[31.0229906995528] 6981.64036682942
[31.0398133995532] 6983.18397641128
[31.0566616995529] 6984.85469665098
[31.072755399553] 6986.50424194565
[31.0897615995527] 6988.25387392169
[31.1068828995531] 6985.70952525083
[31.1226766995533] 6978.61618978148
[31.1393052995536] 6980.62157440897
[31.1570300995536] 6982.89463079545
[31.1733915995528] 6978.30019134184
[31.1897646995531] 6976.83211202433
[31.2074038995534] 6972.44940003464
[31.2237071995532] 6970.67769511879
[31.2397171995535] 6957.54764909274
[31.2569246995536] 6955.52765744688
[31.273692099553] 6949.93682723554
[31.290014999553] 6948.06465181129
[31.3067712995535] 6943.6111446937
[31.3226681995529] 6940.60409349871
[31.3396014995533] 6937.91434510734
[31.3564030995531] 6936.18147196323
[31.3731974995535] 6934.52141136506
[31.3896836995527] 6931.86850451327
[31.4063145995533] 6927.71322333443
[31.4233194995531] 6925.45478892173
[31.4396684995536] 6923.78647836325
[31.4577748995534] 6922.12365885237
[31.4731368995535] 6920.19033080533
[31.4901141995533] 6918.44006499061
[31.5069239995528] 6916.84825747177
[31.5229454995533] 6914.79998412133
[31.5400632995534] 6913.13265458931
[31.5566309995529] 6911.617212099
[31.5731682995529] 6910.23626910802
[31.5896047995529] 6908.9816891088
[31.6068023995531] 6907.83869638764
[31.6229862995533] 6906.31918102555
[31.6395922995534] 6905.01137233469
[31.656467799553] 6903.29214106065
[31.6732058995531] 6901.76909928218
[31.6891089995534] 6899.56514608867
[31.7065786995536] 6895.58771632236
[31.7233398995531] 6893.82898527615
[31.7394589995529] 6892.28233136663
[31.7566453995532] 6890.74943393266
[31.7726689995534] 6889.41492043649
[31.7903636995534] 6888.00934389485
[31.8063030995536] 6886.89521430012
[31.8233187995529] 6885.8324989181
[31.8399549995529] 6884.89136723208
[31.8558072995529] 6884.08942205797
[31.8733522995535] 6883.35261881503
[31.8897113995536] 6882.77815135225
[31.9066561995533] 6882.28973120348
[31.9232740995531] 6881.92849913461
[31.9400303995535] 6881.67501214403
[31.9563845995535] 6881.57245507066
[31.972672799553] 6881.26443272991
[31.9896320995531] 6880.56581013046
[32.0063441995535] 6880.58121166434
[32.0227725995528] 6880.71006875811
[32.0401942995531] 6880.97892943843
[32.0565722995534] 6881.31303628594
[32.0734466995527] 6880.19759760082
[32.0902648995534] 6879.15339799976
[32.106646999553] 6879.36489832958
[32.1233386995527] 6879.75453815377
[32.1396653995535] 6880.23910140203
[32.1560698995536] 6879.61951773924
[32.172724899553] 6880.0883360131
[32.1890873995535] 6880.67621253515
[32.2062268995533] 6881.38941634716
[32.2229697995535] 6880.73705802249
[32.2394358995534] 6879.61244248402
[32.256549699553] 6880.17518929363
[32.2732007995528] 6880.8067033878
[32.2894658995529] 6881.52425389681
[32.3068794995534] 6882.40927327212
[32.3240980995533] 6883.39413598092
[32.3404892995532] 6884.4238512478
[32.3565529995531] 6885.54185658951
[32.3725692995531] 6886.75055956152
[32.3899807995531] 6888.19056748936
[32.4066647995533] 6889.42366490236
[32.4235062995531] 6889.68985398226
[32.4398632995535] 6891.06429146167
[32.4587883995528] 6891.03060377419
[32.4736105995535] 6892.22072455527
[32.4910664995532] 6893.73685777991
[32.5064675995536] 6895.15197795551
[32.5233096995535] 6896.1091515116
[32.5393264995528] 6897.6259275403
[32.5565100995527] 6898.39828829232
[32.5726333995535] 6899.99174738768
[32.5894567995529] 6900.67351576009
[32.6067060995529] 6902.33683056789
[32.6230045995535] 6904.02145525944
[32.639677999553] 6905.83324841599
[32.6556533995536] 6907.69957095897
[32.6736090995528] 6909.41771410398
[32.6894867995534] 6911.25145130707
[32.706648499553] 6913.3333463527
[32.7236776995533] 6915.52153981456
[32.7402712995536] 6917.70678553036
[32.7563375995533] 6919.93107354185
[32.7890592995527] 6924.83191654669
[32.7976723995534] 6926.05929245316
[32.8049363995533] 6927.19916090865
[32.8249219995532] 6930.46137294906
[32.841458199553] 6933.23149595482
[32.8568893995534] 6935.93766033426
[32.8735370995528] 6938.87568189867
[32.8905765995532] 6942.0212542893
[32.9084150995532] 6945.44749826669
[32.9246633995535] 6948.66250290449
[32.941310999553] 6952.04307725849
[32.957966899553] 6955.50119462752
[32.9746361995531] 6959.09024029715
[32.9901685995528] 6961.71479180175
[33.007731099553] 6965.17637645267
[33.0246781995529] 6968.5960329136
[33.0403518995536] 6970.64303426221
[33.0576847995535] 6973.63790680175
[33.0743553995535] 6976.58761520243
[33.0903147995532] 6979.51627507185
[33.1069285995536] 6980.40727775698
[33.1237037995534] 6983.53341772836
[33.1407064995528] 6986.70903433708
[33.156832699553] 6989.57851712938
[33.1745743995534] 6992.83530109469
[33.1904878995529] 6995.87256911939
[33.211370899553] 6999.96527114985
[33.2194780995533] 7001.56649122698
[33.2406663995534] 7005.93731750649
[33.2575550995534] 7009.55798052558
[33.2740060995529] 7013.11629017271
[33.2917186995528] 7016.10524969863
[33.3071294995534] 7019.48237801691
[33.3243783995531] 7023.37892937197
[33.3413677995532] 7027.14229656196
[33.3572664995536] 7029.73245147901
[33.3737360995528] 7032.96371405194
[33.391705299553] 7034.68658930036
[33.4072148995529] 7036.47892130728
[33.4235236995528] 7038.34687940064
[33.4401273995536] 7041.14934338425
[33.4577279995528] 7044.20257416392
[33.4739003995528] 7047.08186015567
[33.490554899553] 7050.1940609887
[33.5053306995533] 7052.71000286235
[33.523866599553] 7055.74620903129
[33.5410325995535] 7054.96387309106
[33.563062399553] 7057.96906743656
[33.5713780995529] 7057.38752444382
[33.5909018995535] 7058.31168813091
[33.6083550995536] 7060.27285931619
[33.6247023995529] 7062.21347496898
[33.6412950995527] 7064.27216480964
[33.6575566995534] 7065.83939860238
[33.6744936995528] 7066.71063472738
[33.6919395995528] 7067.72426745398
[33.7078726995533] 7068.71509651673
[33.7244786995534] 7069.8598790927
[33.7394995995528] 7068.51549600878
[33.7573933995536] 7069.43942717472
[33.7745851995533] 7070.43007864186
[33.7906554995534] 7071.4518694506
[33.8076289995533] 7072.22490358347
[33.8237189995534] 7073.25449723942
[33.8408263995534] 7074.45307346166
[33.8577545995531] 7075.72973851453
[33.8742885995534] 7077.07874917386
[33.891284499553] 7078.56299918393
[33.9078452995527] 7080.10553320418
[34.2884904995535] 7103.08678510269
[34.3029050995528] 7096.59014470795
[34.3174346995529] 7096.18160296265
[34.3347141995528] 7095.21073613118
[34.3519094995536] 7094.77818750397
