[0] 293.980554771833
[0.0199999995529652] 293.920930173148
[0.0366666689515114] 293.83900944593
[0.0533333383500576] 293.729047377701
[0.0675748383364407] 293.612690839789
[0.084241507734987] 293.450262858047
[0.0967926077282755] 293.310257046867
[0.113459277126822] 293.102043672376
[0.130125946525368] 292.867934382153
[0.146792615923914] 292.606443469377
[0.162768615919049] 292.32984778582
[0.179435285317595] 292.014767204114
[0.195573885328486] 291.683656281834
[0.212240554727032] 291.31576483522
[0.228623654722469] 290.925807564668
[0.245290324121015] 290.502702906527
[0.255675024120137] 290.226842134079
[0.272341693518683] 289.763718747873
[0.283922193513718] 289.425590121436
[0.300588862912264] 288.917931159503
[0.315345462906407] 288.450980199032
[0.33140496291162] 287.926726848302
[0.348071632310166] 287.366388573405
[0.363602332305163] 286.831652568626
[0.379043432301842] 286.289394029465
[0.395710101700388] 285.695316535657
[0.410575701695052] 285.157452384219
[0.427242371093598] 284.547939522165
[0.443391871100175] 283.956732173157
[0.459061371089774] 283.384862846904
[0.47572804048832] 282.781297933588
[0.486662940485985] 282.388784204248
[0.503329609884531] 281.793764650147
[0.519996279283077] 281.210741677052
[0.53608837928914] 280.662734720433
[0.551813279293128] 280.144581097901
[0.568290279290522] 279.623563869132
[0.584956948689069] 279.122273283904
[0.601413348689675] 278.655816256376
[0.616645548681845] 278.252538396121
[0.632861048681661] 277.855497418581
[0.649527718080208] 277.483698422015
[0.66582891807775] 277.158150297268
[0.681273218084243] 276.883629038779
[0.696657018081169] 276.642829475797
[0.713323687479715] 276.4201462111
[0.729990356878261] 276.23770668356
[0.740421056878404] 276.143736544354
[0.75708772627695] 276.025594646913
[0.773306726274313] 275.947987704117
[0.788709726271918] 275.907117890205
[0.805376395670464] 275.898448342264
[0.820896495672059] 275.92206091299
[0.83689369566855] 275.977206316658
[0.853560365067096] 276.064183928691
[0.867854065072606] 276.161793734302
[0.883903465073672] 276.295144937918
[0.900570134472218] 276.459205064261
[0.916962834482547] 276.644464098509
[0.932786434481386] 276.843630203079
[0.949453103879932] 277.072818079512
[0.966119773278479] 277.321877404252
[0.975912973270169] 277.474493294345
[0.992579642668716] 277.746702972713
[1.00845124266925] 278.019504911202
[1.02498454265879] 278.316316505473
[1.04165121205733] 278.62932976985
[1.05831788145588] 278.95196694503
[1.06957508146297] 279.176206172882
[1.08624175086152] 279.516491577258
[1.10242715086497] 279.853510296751
[1.11909382026352] 280.206654790952
[1.13514052025857] 280.551126424694
[1.15180718965712] 280.914343350621
[1.16847385905567] 281.280041131958
[1.18472545905388] 281.638694577494
[1.20135695904901] 282.005903040638
[1.21802362844755] 282.372087206611
[1.22849782845879] 282.60286364687
[1.24516449785733] 282.96864902473
[1.26183116725588] 283.333277399984
[1.27849783665442] 283.691699256724
[1.29516450605297] 284.041959163038
[1.30857100605499] 284.315333147428
[1.32523767545354] 284.64436533937
[1.34190434485208] 284.957155428128
[1.35857101425063] 285.255728256488
[1.37523768364917] 285.542436011552
[1.38894568364776] 285.769687019371
[1.40561235304631] 286.029483395372
[1.42197905304783] 286.268668687428
[1.43864572244638] 286.492947544457
[1.45429152244469] 286.689997250503
[1.47095819184324] 286.883782292447
[1.48527139183716] 287.038872378665
[1.50185529183364] 287.197506985412
[1.51852196123218] 287.334577550673
[1.53518863063073] 287.447684754818
[1.55032153063803] 287.532832493125
[1.56698820003658] 287.606549922593
[1.58365486943512] 287.661153611234
[1.5984047694219] 287.693629922944
[1.61507143882045] 287.71242259135
[1.631738108219] 287.712148436992
[1.64669110822433] 287.694355790894
[1.66335777762288] 287.657441878975
[1.6787362776231] 287.606066621579
[1.69351557761547] 287.542427160658
[1.71018224701402] 287.458295174417
[1.72684891641256] 287.356418258368
[1.74195181640971] 287.249605080703
[1.75734591641231] 287.12810535817
[1.77401258581085] 286.981621500558
[1.78998508580844] 286.827285783542
[1.80627478580573] 286.657588955338
[1.82294145520427] 286.471858565315
[1.83945265520015] 286.274828521271
[1.85604675520153] 286.068882238789
[1.87250135520298] 285.857593136092
[1.88898345521011] 285.643087586461
[1.90565012460866] 285.42292105135
[1.92191092461871] 285.206639473373
[1.93834302460891] 284.98796467996
[1.95500969400746] 284.766391182863
[1.97119229400414] 284.553175545483
[1.98762219400669] 284.338706904048
[2.00428886340524] 284.122832570817
[2.02095553280378] 283.911152929682
[2.03762220220233] 283.704116864184
[2.05239250219893] 283.523788771262
[2.06891760219878] 283.326049137215
[2.08514770219335] 283.137042518823
[2.10159610219125] 282.95103196646
[2.1182627715898] 282.767908464362
[2.13487237159279] 282.590652847044
[2.15120257159288] 282.421592332649
[2.16786924099142] 282.253557520079
[2.18453591038997] 282.090345142855
[2.20103101039422] 281.934450890595
[2.21724781038938] 281.785867267258
[2.23324631039577] 281.644077425847
[2.2493619103916] 281.5070766366
[2.26562651038694] 281.37393382298
[2.28229317978548] 281.242196246345
[2.29855197978031] 281.122082916186
[2.31521864917886] 281.010629848147
[2.33164914917143] 280.911128610698
[2.34831581856997] 280.821724937989
[2.36311271857994] 280.753568982737
[2.37977938797849] 280.691108933589
[2.39625158798299] 280.646237383611
[2.41275378798309] 280.617106627506
[2.42942045738164] 280.606631863952
[2.44608712678018] 280.618657655588
[2.46275379617873] 280.655055050742
[2.47853579618095] 280.710081457719
[2.4952024655795] 280.791513494851
[2.50935926559032] 280.877039828805
[2.52602593498887] 280.994438665947
[2.54269260438741] 281.127594294212
[2.55692990440002] 281.250992307981
[2.57359657379857] 281.405722223494
[2.59026324319711] 281.569903579113
[2.60659194320033] 281.736830997176
[2.62268554318871] 281.901974187621
[2.63913954320014] 282.065632461838
[2.65580621259869] 282.225345896683
[2.6718388126028] 282.375818406259
[2.68796711260802] 282.521986342385
[2.70415481259988] 282.656573630151
[2.72082148199843] 282.784512923594
[2.7372299819981] 282.896971277718
[2.75357508199522] 282.997391566401
[2.76997028199548] 283.086819157052
[2.78663695139403] 283.161244410371
[2.80305245138879] 283.2189750822
[2.81895045140118] 283.258605096874
[2.83538645139197] 283.28615756787
[2.85179775139841] 283.29630067051
[2.86846442079695] 283.28713749984
[2.88498992079985] 283.257701251288
[2.90130862079968] 283.213906327318
[2.91797529019823] 283.154206345009
[2.93442459020298] 283.080938184853
[2.95109125960153] 282.990185099069
[2.96542325960763] 282.901132701402
[2.98208992900618] 282.786053440252
[2.99860852901475] 282.662367258918
[3.01362452900503] 282.544371513661
[3.03029119840357] 282.409108516393
[3.04695786780212] 282.270437062953
[3.06316086779407] 282.141007392205
[3.0796659678017] 282.013328164978
[3.09600366780069] 281.896661856041
[3.11267033719923] 281.788123464144
[3.12875823718787] 281.695152849185
[3.14491203719808] 281.619764867353
[3.16135173718794] 281.563232995944
[3.17782023719337] 281.529171341786
[3.19425133719051] 281.521177255039
[3.21091800658905] 281.542850020799
[3.2275846759876] 281.597016072097
[3.24204797598941] 281.670879964118
[3.25871464538795] 281.788260163294
[3.2753813147865] 281.940617502859
[3.29189211479388] 282.125120329031
[3.30821301479591] 282.340117517592
[3.32397671478975] 282.577091891685
[3.3406433841883] 282.857964765706
[3.35686688417627] 283.159763250927
[3.37353355357482] 283.499810278701
[3.39019725356775] 283.864366397164
[3.40597625356168] 284.229583928167
[3.42264292296022] 284.633042411101
[3.43930959235877] 285.053635137772
[3.45576409235946] 285.480760435763
[3.472048092357] 285.911501804072
[3.48871476175555] 286.358667475377
[3.50538143115409] 286.811958123839
[3.52171983114386] 287.257469933199
[3.53764533114736] 287.695799509315
[3.55413073115051] 288.146641193275
[3.57005993115308] 288.576377340933
[3.58672660055163] 289.015720914386
[3.60306300054071] 289.436567546723
[3.61972966993926] 289.859604579117
[3.63609566993546] 290.258633481525
[3.65230986993993] 290.635765381754
[3.66812886993284] 290.991035808953
[3.68479553933139] 291.346480103842
[3.70128643933276] 291.68104539344
[3.71766103932168] 291.998418557535
[3.73414693932864] 292.290619415145
[3.75081360872719] 292.560719442508
[3.76748027812573] 292.808915193651
[3.78401377813134] 293.031335203653
[3.79979587813432] 293.220269483814
[3.81646254753286] 293.396761699115
[3.83298274753906] 293.546266415201
[3.84949074753968] 293.670800935689
[3.86615741693822] 293.771041061152
[3.88241831694904] 293.840773610861
[3.89850261693937] 293.884523095179
[3.91492121694318] 293.905248773107
[3.93134851694049] 293.900070122251
[3.94801518633903] 293.870568903618
[3.96455018634151] 293.814531115812
[3.98113568633562] 293.733172867208
[3.99780235573417] 293.621324765492
[4.01446902513271] 293.482192897542
[4.03113569453126] 293.316062693363
[4.0478023639298] 293.123863935444
[4.06446903332835] 292.903239533173
[4.0811357027269] 292.651909148996
[4.09780237212544] 292.373666725988
[4.11239977212972] 292.108484660042
[4.12906644152827] 291.783468111297
[4.14530404152174] 291.442506868801
[4.1618512415298] 291.071826592602
[4.17809034152015] 290.684765042419
[4.19428144152334] 290.271417048476
[4.21081754151965] 289.82261284159
[4.22748421091819] 289.347861021755
[4.24415088031674] 288.854766423987
[4.25803598031052] 288.429659434693
[4.27470264970907] 287.898160115405
[4.29127874970436] 287.352652829196
[4.30794541910291] 286.789957433572
[4.32415991910966] 286.228387583089
[4.34058891910536] 285.646112013491
[4.35701971911476] 285.055197759279
[4.37289121911454] 284.47618568378
[4.38955788851308] 283.864813454721
[4.40401898851269] 283.332773477623
[4.42068565791124] 282.719419661362
[4.43685825791908] 282.124821701357
[4.45316215792263] 281.530224306338
[4.46955775791139] 280.942736758714
[4.48622442730993] 280.355510785044
[4.50259642730816] 279.792133855331
[4.5189487273019] 279.245339250338
[4.53520492730604] 278.720984603564
[4.55187159670459] 278.20414775379
[4.56807379670499] 277.72587817471
[4.58462409670756] 277.264481048918
[4.60123949669651] 276.831323715623
[4.61790616609505] 276.430604532612
[4.6336412660894] 276.085342292944
[4.64983126608422] 275.763916831832
[4.66599336608488] 275.479267596341
[4.68266003548342] 275.226048844702
[4.69898803548131] 275.019148028424
[4.71529943548376] 274.854168957303
[4.7319661048823] 274.729365250634
[4.74863277428085] 274.648431273615
[4.76527527428698] 274.611655205523
[4.78136537429236] 274.618543449639
[4.79791897429095] 274.668339877259
[4.81318367428321] 274.752288583368
[4.82985034368176] 274.883675184752
[4.8465170130803] 275.055805021509
[4.86290531308623] 275.26325032203
[4.87925861308759] 275.507170794545
[4.89546951308148] 275.783056563509
[4.91184291309037] 276.094484479891
[4.92850958248891] 276.442871587733
[4.94487738249882] 276.81396191259
[4.96154405189736] 277.218553879654
[4.97821072129591] 277.647306723531
[4.99434972129529] 278.08362623091
[5.01101639069384] 278.551127708809
[5.0272300906945] 279.02140015027
[5.04342579070362] 279.506409620016
[5.05948169069597] 279.999208126531
[5.07580189069267] 280.507404148715
[5.09205049069715] 281.01738702556
[5.10871716009569] 281.544024536175
[5.12496436010406] 282.06111646473
[5.14159706009377] 282.592133896934
[5.15826372949232] 283.120786170021
[5.17420552948897] 283.620728506179
[5.19080062949797] 284.134471610069
[5.20746729889652] 284.64262756853
[5.22345109889284] 285.121786404576
[5.23997719890031] 285.604103438348
[5.25663299889129] 286.07771282902
[5.27285659889458] 286.527061266409
[5.28934209889849] 286.970105815696
[5.30569699889747] 287.388644449708
[5.32236366829602] 287.794924235638
[5.33903033769457] 288.179230015395
[5.35569700709311] 288.54711553989
[5.37236367649166] 288.894609434055
[5.38706237649603] 289.181593344047
[5.40372904589458] 289.483048003079
[5.41992134590691] 289.752258662698
[5.43624034589448] 289.998649825827
[5.45290701529302] 290.228407177535
[5.46937571529998] 290.434119922086
[5.48580831529398] 290.615586481257
[5.50210891528695] 290.770385100482
[5.5187755846855] 290.904028982587
[5.53508268468431] 291.0080927614
[5.5512419846782] 291.084485702136
[5.56766508468718] 291.137292933485
[5.58433175408572] 291.167038679573
[5.60099842348427] 291.170949956668
[5.61766509288282] 291.149683570163
[5.63417249287886] 291.103236285409
[5.65065389288065] 291.036193675313
[5.66707639288506] 290.946341111248
[5.68325479287887] 290.832362487353
[5.69895879288379] 290.708768688285
[5.71544829288905] 290.566340281446
[5.7321149622876] 290.401190408196
[5.74878163168614] 290.217906017977
[5.76525753168971] 290.015125488998
[5.78192420108826] 289.791691759673
[5.7984377010871] 289.555995729352
[5.81485170108499] 289.308315899084
[5.83061470108805] 289.057812269588
[5.84698040108196] 288.791932786986
[5.86321330108331] 288.522428116686
[5.87960900108737] 288.243277091582
[5.89624560107768] 287.953598306781
[5.91291227047623] 287.657172231731
[5.92957893987477] 287.355749408567
[5.94624560927332] 287.051872841738
[5.96205850927799] 286.76223147804
[5.97872517867654] 286.458243821584
[5.99539184807509] 286.158543389943
[6.01205851747363] 285.864797614576
[6.02847241747077] 285.583847877833
[6.04504521747003] 285.310398435696
[6.06157331747818] 285.050143803882
[6.0779140174709] 284.806954034098
[6.09411231747072] 284.580611353431
[6.11022781746578] 284.371307326462
[6.12687931746768] 284.173079890339
[6.14310611746623] 283.998512111172
[6.15977278686478] 283.839387803015
[6.17612348686089] 283.701335918929
[6.19237608686672] 283.582530204528
[6.20828928686387] 283.485007624029
[6.22495595626242] 283.400681359246
[6.24162262566097] 283.335252397143
[6.25818772565981] 283.288368314398
[6.27424212565529] 283.259836307338
[6.29056652565487] 283.246813193965
[6.30723319505341] 283.247959315239
[6.32389986445196] 283.262983773052
[6.34033716445265] 283.29100657132
[6.35468586445495] 283.324127842161
[6.3713525338535] 283.368946112352
[6.38801920325204] 283.419989265901
[6.40468587265059] 283.477997144307
[6.42115937265044] 283.541579932941
[6.43742347265652] 283.608501010123
[6.45395277265925] 283.677311574645
[6.47012197265576] 283.745681905707
[6.48678864205431] 283.814569953558
[6.50312754204788] 283.882414954165
[6.51953304205381] 283.953320145817
[6.53542874204868] 284.021135161324
[6.55172284205037] 284.091222011846
[6.56779494204966] 284.159655447717
[6.58446161144821] 284.234731454458
[6.60047401145857] 284.30823651999
[6.61714068085712] 284.385379498366
[6.63368498085765] 284.463013514851
[6.6503516502562] 284.540672421672
[6.66696345026139] 284.617858913433
[6.68305225025688] 284.693193523324
[6.69899955026631] 284.764324545151
[6.71519295025792] 284.831774941815
[6.7314517502673] 284.893218938547
[6.74811841966584] 284.950560840707
[6.76470191967383] 284.998180718356
[6.78099911967001] 285.033941736486
[6.79687901967554] 285.056752422534
[6.81354568907409] 285.0693297863
[6.82966258906526] 285.06781080124
[6.84632925846381] 285.04945669081
[6.86226735847595] 285.014080135179
[6.87824255846499] 284.963290085336
[6.89477945846738] 284.894530731348
[6.91112715846975] 284.808353816806
[6.9277938278683] 284.70354664999
[6.94446049726685] 284.582927085693
[6.96085999725619] 284.445938479388
[6.97736599725613] 284.289363885491
[6.99403266665468] 284.111519567809
[7.01033456665755] 283.923471927048
[7.02665606664959] 283.716821823862
[7.04332273604814] 283.485383245808
[7.05919573604479] 283.248424781682
[7.07549993605062] 282.989335890294
[7.09184453604394] 282.717568553393
[7.10851120544248] 282.428815979765
[7.1249672054546] 282.136274279725
[7.14142220544454] 281.842041248082
[7.15808887484309] 281.540238745781
[7.17475554424163] 281.234871127663
[7.19142221364018] 280.92909143445
[7.20790031364595] 280.631679754523
[7.22440861364885] 280.337768207548
[7.24090071364481] 280.050236094799
[7.2569623136369] 279.778630746117
[7.27297761364025] 279.522967448518
[7.28914981364505] 279.287695613923
[7.3058164830436] 279.070757341482
[7.32186278303561] 278.889185024559
[7.33809878303146] 278.734014094795
[7.35476545243] 278.60881884941
[7.37100965243008] 278.521380153012
[7.38767632182862] 278.472225764073
[7.40419072181976] 278.464719264406
[7.42053342182771] 278.499195157202
[7.43720009122626] 278.578989548256
[7.45335919121862] 278.701551572061
[7.46955019122106] 278.867845548849
[7.4861055912188] 279.082221496091
[7.50277226061735] 279.342074059251
[7.51843126061431] 279.626579848135
[7.53509793001285] 279.972078577338
[7.55155363000813] 280.352162724928
[7.56782713001303] 280.764376867295
[7.58449379941158] 281.220170540476
[7.60115309941466] 281.702418067694
[7.61747159941297] 282.200970583725
[7.63413826881151] 282.731860775563
[7.65064146881923] 283.277980536447
[7.66672926882165] 283.825052421123
[7.68278926881612] 284.378220572105
[7.69945593821467] 284.957470354391
[7.71365063822304] 285.452245856033
[7.72999853821239] 286.022213172532
[7.74666520761093] 286.598961907632
[7.76297870760027] 287.157245474189
[7.77932060760213] 287.70513402833
[7.79589520760055] 288.248187439879
[7.81245360760659] 288.776428889577
[7.82912027700513] 289.291190866239
[7.8450480770116] 289.766782998152
[7.86127497701091] 290.232031053205
[7.87772867700551] 290.681257548353
[7.89409237701329] 291.104684576405
[7.91022617701674] 291.49978244989
[7.92689284641529] 291.883003481038
[7.94355951581383] 292.243117799051
[7.96022618521238] 292.577785816611
[7.97680018522078] 292.883546262274
[7.99346685461933] 293.162965918471
[8.01013352401787] 293.418329475919
[8.02680019341642] 293.64950058584
[8.04269689341891] 293.840018357163
[8.05936356281745] 294.015796466769
[8.07579146281932] 294.165632513579
[8.09245813221787] 294.295003711072
[8.10866613221879] 294.395526492412
[8.12486993221682] 294.473048645615
[8.1412225322274] 294.52518411521
[8.15777793222514] 294.550848422291
[8.17390683222038] 294.550488453391
[8.19057350161893] 294.531819831631
[8.2071679016226] 294.485530346674
[8.22383457102114] 294.414146610332
[8.23990537102509] 294.325150368359
[8.25653147102275] 294.208681396218
[8.27267257102358] 294.070397072332
[8.28913707102765] 293.902514520055
[8.30546537101327] 293.713307884632
[8.32179417101725] 293.495748004249
[8.33846084041579] 293.243842248308
[8.35500854041311] 292.969860962401
[8.37123804040311] 292.676225457588
[8.38790470980166] 292.349957258613
[8.4043627097999] 292.000834565539
[8.42080620980414] 291.62631247142
[8.43747287920269] 291.220054797803
[8.45412037920323] 290.78635215167
[8.46873167921149] 290.38732565168
[8.48539834861003] 289.908714775575
[8.50206501800858] 289.404376061539
[8.51847411799827] 288.883639721431
[8.53481311800715] 288.34079678649
[8.55124671800877] 287.775042094018
[8.56791338740732] 287.177674928331
[8.58438568741258] 286.564560772998
[8.60088828740118] 285.922626370565
[8.6172676874121] 285.263088215058
[8.63393435681064] 284.57194979937
[8.65035385682131] 283.876885804547
[8.66683215681405] 283.163960303199
[8.6834988262126] 282.436900500555
[8.70010732622177] 281.711378931033
[8.71437092621636] 281.091501638679
[8.73103759561491] 280.369980300051
[8.74770426501345] 279.659332258039
[8.764370934412] 278.968246597272
[8.78065943440015] 278.317580352362
[8.79683073441265] 277.702217555819
[8.81291603441059] 277.12361508913
[8.82926683440746] 276.578251599795
[8.84593350380601] 276.075951722615
[8.86228610380203] 275.641489601449
[8.87895277320058] 275.265544504036
[8.89561944259913] 274.9622920456
[8.91166934258945] 274.74397638081
[8.92785704259586] 274.600029341951
[8.94378514259006] 274.535984663219
[8.96042154259339] 274.552652273171
[8.97708821199194] 274.65463963889
[8.99375488139049] 274.841968510023
[9.01042155078903] 275.111473740239
[9.01989675078948] 275.300562490985
