[0] 0
[0.0199999995529652] 0
[0.0430052995534425] 0.138486755543551
[0.0525744995529749] 3.33642503306293E-06
[0.0744673995532139] 0.00280368321423095
[0.0898036995531584] 1.34925696662649E-05
[0.10671109955274] 6.44046076622128E-05
[0.123427699552849] 1.61094294740228E-05
[0.139410299552765] 0
[0.15644129955308] 0
[0.172622299553041] 0
[0.189198299553027] 0
[0.206407199552814] 0
[0.222788399552883] 0
[0.239753899552852] 0
[0.256903899553436] 1.69852931784775E-05
[0.273091199553164] 0
[0.289254999553123] 0
[0.306639599552909] 0
[0.323210199553614] 0
[0.339160699552849] 0
[0.35601519955344] 0
[0.372584599553193] 1.61050018448826E-05
[0.389334999553284] 0
[0.406720199553092] 0.00143856233181071
[0.424544599552974] 3.54098090071393
[0.439406799553581] 3.56017079745196
[0.456347699553589] 2.18333585770737
[0.472649099553564] 1.33052247557881
[0.490073499553546] 0.586001823693585
[0.506866699553029] 0.81026180198218
[0.522609899553572] 0.474229515688191
[0.539902999553306] 0.276854405001951
[0.556129699552912] 0.226383197517263
[0.572615899553057] 0.0843067906917984
[0.589776999553578] 0.0637700076972898
[0.606424699552917] 0.0108152866898644
[0.623538799552989] 0.0104106277035882
[0.640214499553622] 0.0245798081845626
[0.656701199553027] 0.00488936169746205
[0.672898799552968] 0.0130853621402204
[0.690248399552729] 0.0133492334863969
[0.705955599552908] 0.0099523631618004
[0.723425599553593] 0.0421338874615866
[0.740198099552799] 0.00792259435906848
[0.756850399553514] 0.00563625758633989
[0.772756699553611] 0.00715732025229814
[0.789780199553206] 0.0145237786027049
[0.806537799553553] 0.0093097152524505
[0.823332599553396] 0.0071670295147174
[0.840011999553099] 0.00924354617138088
[0.857593199552866] 0.0104670534342781
[0.87375139955293] 0.00601105321124837
[0.889772999553315] 0.0150311610277734
[0.906715599553536] 0.00536168611567169
[0.923003199553023] 0.00481200406570291
[0.939437699553309] 0.0104158355324115
[0.957068999553485] 0.0150919849813389
[0.973976499552919] 0.00821663730598507
[0.990103699553401] 0.0083120399200358
[1.00794939955358] 0.0067625648821454
[1.02387199955319] 0.00698707021089043
[1.03974389955329] 0.0132320914233735
[1.05631339955289] 0.0145016710737864
[1.0726086995528] 0.0364672002207659
[1.09003409955312] 0.041105388842235
[1.10595129955345] 0.0169990988428206
[1.12363879955319] 0.0134198702347262
[1.13982449955347] 0.00865054078956151
[1.15550489955331] 0.0163329542430674
[1.17306499955339] 0.0137129509307328
[1.19078599955355] 0.00920807547587191
[1.20732929955284] 0.011455655496423
[1.22400409955299] 0.00410351635018381
[1.24006909955278] 0.00789966105951367
[1.25652169955356] 0.00300271204987741
[1.27279669955351] 0.005077997523606
[1.29005059955307] 0.00979867498399641
[1.30701749955279] 0.0164094086261821
[1.32384499955333] 0.00545995992032638
[1.34004819955317] 0.0122807331799205
[1.35633229955329] 0.00916722860484203
[1.37293799955296] 0.0100646705869803
[1.39032029955342] 0.00862301778222874
[1.40726459955295] 0.00714716175132283
[1.42305079955349] 0.00966791875212284
[1.43939379955282] 0.00478095349919261
[1.45585159955317] 0.0111032996601678
[1.47310819955328] 0.0127167635846707
[1.48975859955317] 0.00321880297209858
[1.50607909955306] 0.00538368344983726
[1.52321439955358] 0.00655149599976558
[1.53935649955292] 0.00559590973751763
[1.55658099955326] 0.00641322644455805
[1.57283719955285] 0.00801833463633818
[1.58989849955287] 0.00486542202432467
[1.60642119955355] 0.00492136106361712
[1.62294689955343] 0.0684499307896929
[1.63952039955348] 0.181914143705347
[1.65707689955343] 0.472900579787244
[1.67248429955362] 0.380914127437147
[1.68956289955349] 0.904799464014011
[1.70676289955281] 1.07240977057504
[1.72273639955347] 0.945763921782546
[1.74026269955357] 1.54887208087255
[1.75692299955335] 1.16784190068925
[1.7724949995536] 0.733974995783138
[1.78936799955318] 0.81107719053405
[1.80741809955362] 0.537771328111626
[1.82381239955339] 0.0591546661884055
[1.84000669955276] 0.00930884679281729
[1.85647809955299] 0.00995711765376504
[1.87297859955288] 0.021854970458826
[1.89082309955302] 0.0739377474966029
[1.90653819955332] 0.0430884306077944
[1.92255489955278] 0.0160473426189027
[1.94001339955321] 0.0285791264164817
[1.9565579995533] 0.00617712412857413
[1.97267949955312] 0.00858249306193809
[1.99003559955327] 0.0172722053403765
[2.00591239955338] 0.0258594931797296
[2.02321729955293] 0.00471523639847282
[2.03923949955333] 0.00743692813452108
[2.05624399955286] 0.0156840205133954
[2.07330059955348] 0.00942317179771014
[2.08922149955288] 0.0113215810402232
[2.10631139955331] 0.00994960818459623
[2.1235419995528] 0.00568953725514493
[2.13998619955328] 0.00783397181642967
[2.15654049955356] 0.0563137175465323
[2.1735438995529] 0.357793500288319
[2.18983709955319] 0.591302526355853
[2.20592339955328] 0.773023908435273
[2.22309789955307] 1.14575882326406
[2.24009189955359] 0.884881034577688
[2.25612469955286] 0.289019876817854
[2.27345109955331] 0.0987743204932846
[2.29053939955338] 0.0124384175182472
[2.3064479995528] 0.00450732727508077
[2.32283419955274] 0.00314067029761102
[2.33972229955361] 0.00432086084960304
[2.35593739955311] 0.00576099163336685
[2.37240659955296] 0.00608434298595932
[2.39024439955301] 0.00941646605978693
[2.40694899955361] 0.00504323402466666
[2.4227096995528] 0.0039472805847164
[2.43948159955289] 0.00508293708811528
[2.45707409955321] 0.0146841490577188
[2.47401229955358] 0.00443787732279315
[2.48962959955315] 0.0124564973078023
[2.50581909955326] 0.00896704616544366
[2.52333959955286] 0.020220061351634
[2.54077039955337] 0.0291188518876565
[2.55755669955306] 0.0389315517005901
[2.57391189955342] 0.066790621576258
[2.58965559955323] 0.118445199596476
[2.6062455995534] 0.295002041010066
[2.62459909955305] 0.536797265790888
[2.64095229955274] 0.49280894738351
[2.65705709955273] 0.550771730849319
[2.67333469955338] 0.497247570221568
[2.68959659955362] 0.279276272178326
[2.70681469955343] 0.16246392921028
[2.72287509955277] 0.107225154777082
[2.74004839955342] 0.108382538065804
[2.75630789955358] 0.0944801615270577
[2.77252169955318] 0.0536081952624704
[2.78976569955285] 0.0359138164868186
[2.8066877995534] 0.0191328770190214
[2.82251419955355] 0.0134571277062016
[2.83964019955329] 0.0121471746254197
[2.8570354995536] 0.00589477448042796
[2.87324539955353] 0.00915613023694465
[2.88949119955305] 0.00560556287156107
[2.90637579955273] 0.00779632851588117
[2.92388549955285] 0.00603920548961753
[2.93930319955325] 0.00687990719912276
[2.95685109955321] 0.00634531800227426
[2.97343789955357] 0.0124181202280208
[2.98943159955343] 0.00711606582557971
[3.00589379955272] 0.00870482126211395
[3.02365379955336] 0.0166082665387599
[3.04011229955358] 0.00881239038139397
[3.0570918995536] 0.00677397151753279
[3.07342639955277] 0.020659399540623
[3.08960529955311] 0.0101535363590967
[3.10584039955302] 49.0714619026027
[3.12343449955279] 40.3100394599072
[3.13933859955341] 35.6532073653637
[3.15634519955347] 31.959950568789
[3.17259259955335] 28.957839022108
[3.19002519955302] 26.2515314256108
[3.2059037995532] 24.650638760347
[3.22338799955287] 22.6204119614813
[3.23917699955291] 21.5391558439381
[3.25700599955326] 19.992100907689
[3.27253319955344] 18.7345543115252
[3.28979649955272] 17.8838957231157
[3.30644089955331] 16.8825098696376
[3.32304079955338] 16.2855748547441
[3.3401689995535] 15.2114384696295
[3.35629619955307] 14.7452980558411
[3.3725520995531] 13.9390839163271
[3.38993239955289] 13.5031502140084
[3.40591769955336] 12.794730384836
[3.42300179955328] 12.0709590870159
[3.43966789955357] 11.770254765516
[3.45680649955284] 11.1331367026295
[3.47315879955295] 10.8782991410195
[3.48965259955276] 10.3015696870919
[3.50669349955297] 9.76004984109619
[3.52318739955354] 9.5472618248151
[3.53974139955335] 9.06109872385444
[3.55605809955341] 8.87819466861573
[3.57273869955316] 8.42958268815542
[3.59032159955314] 8.01013950189863
[3.60674669955279] 7.85752588370143
[3.622579199553] 7.48701841573301
[3.63924739955291] 7.3485430565156
[3.6562960995534] 6.98932933833882
[3.67292059955344] 6.52389495485453
[3.68947949955327] 6.42311757406059
[3.70681079955284] 6.12414833765756
[3.72292999955334] 6.02743474029772
[3.73933809955361] 5.77672947665218
[3.75599739955305] 5.51458247849226
[3.77332739955273] 5.28360678862642
[3.78958459955356] 5.20618272188873
[3.80663869955333] 4.98783398418314
[3.82294859955346] 4.79253041086359
[3.83952979955302] 4.61024842432253
[3.85628959955284] 4.54023146778611
[3.87339319955299] 4.36465152603855
[3.89017179955317] 4.20205101025303
[3.9070386995536] 4.05673976472283
[3.92360739955348] 3.92805040044805
[3.93952419955349] 3.82165131491816
[3.95810039955359] 3.7735224237652
[3.97330439955294] 3.74223059535288
[3.9901580995529] 3.80289867116074
[4.00655609955356] 3.8165265648375
[4.02291709955352] 3.80385600158648
[4.03992119955274] 3.87857526615159
[4.05720459955319] 3.82066926432558
[4.07276409955284] 3.38473316163807
[4.0907003995535] 3.36939618607463
[4.10747469955277] 3.249449684549
[4.1239045995535] 3.14685208751159
[4.13977189955312] 3.14078149980047
[4.15631549955287] 3.18582860768227
[4.17247139955361] 3.13091163144283
[4.19009189955341] 3.26463090073308
[4.20734039955278] 3.17386204477558
[4.22434619955311] 3.28480410209627
[4.24061409955357] 3.21793113437405
[4.25694399955319] 3.28095622900015
[4.27262899955349] 3.27671380745328
[4.28942809955333] 3.53100656385954
[4.30709299955288] 3.70954203835321
[4.32265259955329] 3.61517257621793
[4.33924369955275] 3.68936253243012
[4.35678659955283] 3.52988670944896
[4.37333409955318] 3.28602477442452
[4.3899953995533] 3.21771624450207
[4.40658149955289] 3.30324728181651
[4.42290849955316] 3.39700395824663
[4.44017839955359] 3.52233551217021
[4.45638929955294] 3.49415732860344
[4.47252859955279] 3.62076707874123
[4.49009159955312] 3.75856279208638
[4.50638069955312] 3.73691058716573
[4.52297389955311] 3.89476455750757
[4.54029239955344] 4.06009966844953
[4.55647039955329] 4.03842304415583
[4.57296249955289] 4.21861781867776
[4.59091409955272] 4.50376883261971
[4.60762709955361] 4.47721239471653
[4.62364899955355] 4.62406482197386
[4.64059279955291] 4.81058820393287
[4.65607189955335] 4.85864222252675
[4.67245019955317] 5.1916529827063
[4.68954349955311] 5.28315900529286
[4.70591509955284] 5.40298121858424
[4.7226386995535] 5.54438429550296
[4.74164379955346] 5.71001450557932
[4.75649639955282] 5.80505660061804
[4.77377239955331] 6.02254474028315
[4.79047579955295] 6.17692021521888
[4.80716979955287] 8.13499883137692
[4.82242199955363] 8.83424606008973
[4.84006279955338] 9.02085031466685
[4.85580769955322] 9.14032109151851
[4.87320599955274] 9.36314522482627
[4.89009569955306] 9.41591992196935
[4.90637829955358] 9.67600158732211
[4.92268779955339] 9.85556337883763
[4.93941429955339] 10.0533180686043
[4.95711589955317] 10.2579557917439
[4.97265689955293] 10.510705179372
[4.99038909955289] 10.8065924493026
[5.00693869955285] 10.9739200511854
[5.02357909955299] 11.285382983972
[5.03991809955278] 11.6716010106357
[5.05684899955304] 12.1056211358716
[5.07421899955352] 12.5293082651853
[5.09006089955346] 12.5348096736346
[5.10722529955274] 12.5383387596392
[5.12251689955337] 12.753725396544
[5.13972959955299] 13.012604083098
[5.1563874995536] 13.280297604448
[5.17343949955284] 13.5590106190895
[5.19082239955333] 9.06351354372491
[5.20687209955304] 3.52476676009976
[5.22279319955305] 1.44677973221668
[5.24012289955317] 1.41857126454502
[5.25653919955312] 1.42585656626339
[5.27375869955358] 1.42350112997478
[5.2901812995533] 1.42691973969605
[5.30631609955344] 1.43024744026298
[5.32320869955311] 1.38800174818962
[5.34029989955343] 1.36348605108181
[5.3564352995536] 1.37271446369087
[5.37256859955323] 1.37738814326962
[5.3891523995535] 1.41485914167732
[5.40708739955335] 1.6300429553578
[5.42342479955278] 1.52491279422836
[5.4395503995529] 1.52092214625912
[5.45636209955319] 1.58218013443817
[5.47254389955287] 1.53189952991862
[5.48936499955289] 1.3902334825748
[5.50612549955349] 1.27980955241332
[5.52285289955307] 1.25590267645697
[5.54018199955317] 1.26035003952893
[5.55679599955329] 1.24124144870669
[5.57375699955355] 1.25004193503105
[5.58999179955299] 1.24843508272652
[5.60640739955306] 1.24461382524014
[5.62271439955293] 1.23296541251543
[5.63966989955316] 1.21796710680968
[5.65616319955279] 1.20031006729472
[5.67335119955351] 1.19489554163625
[5.69024819955303] 1.20147660176621
[5.70618969955285] 1.18294683866497
[5.7234687995533] 1.17507076421457
[5.74055859955297] 1.15675866006269
[5.7570112995536] 1.14545762143363
[5.77302989955297] 1.14124659230001
[5.78975809955318] 1.1410355521927
[5.8060118995536] 1.12543741113587
[5.82355449955321] 1.12356164967853
[5.83972389955306] 1.11929257993999
[5.85663319955347] 1.1090079354434
[5.87327539955277] 1.107911172541
[5.89039529955335] 1.10052104315672
[5.90616679955292] 1.09236414550905
[5.92326209955354] 1.08843641370782
[5.94039609955325] 1.08152215446374
[5.95603729955292] 0.0703924858008878
[5.97313959955318] 0.0721342153581662
[5.98929299955307] 0.0679627074141005
[6.00558249955338] 5.05299779032806
[6.0228422995533] 8.58009715057559
[6.04028869955346] 8.4733849599224
[6.05650739955308] 8.41478799404893
[6.0726856995534] 8.44031251564338
[6.0896164995529] 8.52770409776528
[6.10632059955333] 8.52610506452404
[6.12294279955313] 12.8823035987778
[6.13932129955356] 13.0612374226376
[6.15675659955286] 11.3360773573053
[6.17279669955315] 11.2907123055941
[6.19011489955301] 11.3238296177453
[6.20591559955301] 11.289118816213
[6.22258119955313] 11.1536126380295
[6.23955789955289] 11.0519529440663
[6.25595139955294] 10.9611202209181
[6.27257779955289] 10.8896569823598
[6.2903569995533] 10.8039514833469
[6.30686729955323] 10.7315938266894
[6.32325389955349] 10.6753191833506
[6.33949619955274] 10.6398487457131
[6.35586189955302] 10.5910021671665
[6.37363439955334] 10.5570448137234
[6.38957769955323] 10.5384349328153
[6.40621219955301] 10.5449497249989
[6.42309709955316] 10.5162602300305
[6.4394817995535] 10.5292245989231
[6.45660189955288] 10.5387896961406
[6.47285189955346] 10.465761952088
[6.49038249955356] 10.4192889653197
[6.50595649955358] 10.4162865163591
[6.52332629955345] 10.4441302573405
[6.54049679955278] 10.4886288212193
[6.55622029955339] 10.5612714177332
[6.57353169955331] 10.6531096529981
[6.58968659955281] 10.6481637819905
[6.60613909955282] 10.834395078169
[6.62349229955362] 10.9050427062199
[6.64062429955356] 37.1920167281948
[6.65728639955341] 37.867703109531
[6.67260249955325] 37.6180875037052
[6.69049499955327] 37.3548199538778
[6.70656429955307] 37.2841209114354
[6.72251139955279] 37.2546705233201
[6.73984839955301] 37.3248484125021
[6.7573813995532] 37.2175372572489
[6.77429149955333] 37.1576868018471
[6.79039739955351] 37.3437929815939
[6.80704489955315] 37.1594864732867
[6.82311589955316] 37.1483222821088
[6.83939089955311] 37.0138239869482
[6.85644709955341] 37.0500700287875
[6.87271979955312] 36.5983741152238
[6.88960239955304] 36.5393292768803
[6.90656849955303] 36.570869811005
[6.9223696995532] 36.6350020694652
[6.93959829955293] 36.8266542442114
[6.95595009955287] 37.0087234995427
[6.97294139955284] 37.2762079944919
[6.99063439955353] 37.5332294641445
[7.00747399955344] 37.8343094388364
[7.02368479955294] 38.2790612215223
[7.03885659955358] 38.5444721938838
[7.05714079955305] 39.4263662971747
[7.07302809955308] 39.4101182132019
[7.08970599955319] 39.7759856818694
[7.10598309955276] 39.9848200724579
[7.1231806995529] 40.3576246484981
[7.13953069955278] 40.7168414425439
[7.15749789955316] 41.3914863441256
[7.1730279995536] 41.6545373730023
[7.18964579955355] 42.1269156661747
[7.2069564995536] 42.6137078947542
[7.22392099955323] 43.1591531919414
[7.23920029955298] 42.6457324909886
[7.25675819955359] 43.0542542208637
[7.27270629955274] 43.4298963474054
[7.28985709955305] 43.971148160187
[7.30635529955362] 44.3557173539728
[7.3234596995535] 44.7672572756672
[7.33919769955355] 45.1746403676691
[7.35623629955353] 58.9204451337801
[7.37305759955325] 57.1337435547738
[7.38993709955321] 55.8318837831306
[7.40624799955276] 55.6824622164686
[7.42334689955351] 67.0224822139257
[7.44020369955342] 61.3780826728461
[7.45709639955294] 61.8692542197857
[7.47292589955305] 62.4616048589966
[7.49023739955283] 63.0505597608162
[7.50643139955355] 63.3542615710842
[7.52275429955353] 63.7575297426814
[7.54017669955283] 122.731131602554
[7.55685019955308] 117.143670735739
[7.57301249955344] 113.379774904945
[7.5896691995531] 110.623605672533
[7.60708329955287] 108.288898871066
[7.62293249955292] 106.142451352711
[7.63996349955323] 104.834916349973
[7.657360399553] 103.552217175959
[7.67400829955295] 101.887522809407
[7.68931519955277] 101.081534820023
[7.70593919955354] 100.58823163818
[7.72332519955307] 100.583163052032
[7.74017499955335] 100.355689770693
[7.75620499955312] 100.563395164245
[7.77269939955295] 100.648911195508
[7.78922229955333] 100.925739449952
[7.80583239955286] 101.110119360587
[7.82319229955283] 101.497223210131
[7.83991019955283] 101.958450288805
[7.85630679955284] 53.9724577896803
[7.87354979955307] 53.3747004132475
[7.88923959955355] 52.9957867126657
[7.90636409955277] 52.5981498857658
[7.92344229955324] 52.5797791401879
[7.94079799955307] 53.1273863505932
[7.95724129955306] 53.6699001462431
[7.97332529955293] 53.3953851857401
[7.98911669955305] 53.8361351629542
[8.00625079955353] 53.6420793078956
[8.02285789955295] 51.5737565052348
[8.0398399995529] 51.3103925326748
[8.05712579955343] 50.7870163336289
[8.07343479955307] 50.1210461784155
[8.09066369955326] 49.8163620656172
[8.10774609955297] 49.6914971865467
[8.12394129955283] 49.6244281332963
[8.14017119955315] 49.5866580503736
[8.15640069955316] 49.5559102614059
[8.17311359955329] 49.6562704329253
[8.18959799955337] 49.625148213876
[8.20676709955296] 49.6598395209831
[8.22337579955274] 76.636262720603
[8.23955059955279] 78.3407835455576
[8.25630139955319] 78.4779716971498
[8.27292799955285] 80.9123382017554
[8.28976949955359] 78.8367546173831
[8.306659199553] 77.2607393543719
[8.32343519955339] 75.5840684952315
[8.34006709955338] 74.1542201494357
[8.35701519955273] 72.7791894619556
[8.37307649955346] 71.7752084165783
[8.38985499955288] 77.7850711596223
[8.40687809955307] 113.719871982662
[8.42301709955336] 113.436011854406
[8.44073749955351] 108.702587748726
[8.45692749955288] 105.820649322346
[8.47257979955339] 103.76159622683
[8.48988449955323] 101.794480187196
[8.50568909955291] 100.384979750917
[8.52321439955358] 99.114349064339
[8.53945219955312] 98.4576334676792
[8.55577269955302] 114.576616485207
[8.57260639955348] 114.396617300219
[8.58996659955301] 114.291161734216
[8.60622699955275] 114.090865573663
[8.62251629955335] 114.224540774723
[8.63996899955328] 114.305474456121
[8.65618689955318] 114.271914391296
[8.67289779955354] 114.38015932775
[8.68998349955291] 114.580014893657
[8.70581439955276] 115.075862350747
[8.72348699955273] 115.411411035897
[8.73968589955348] 115.771683680917
[8.75733869955275] 116.242487129687
[8.7725521995535] 116.688436224159
[8.78973389955354] 117.201730147983
[8.80680379955356] 117.991876140841
[8.82286239955283] 118.645459721322
[8.83979539955362] 119.57238493271
[8.85700469955282] 120.605191601479
[8.87267679955312] 120.988823246953
[8.88936659955289] 121.814764029606
[8.90737089955292] 122.341017106335
[8.92278609955338] 122.865012691485
[8.94041559955349] 123.80823945109
[8.95665159955297] 72.8411378373281
[8.97355699955278] 74.1877817544291
[8.9894623995533] 74.1344959934527
[9.00649209955282] 74.1208690611663
[9.0231676995536] 74.1415975656661
[9.04070379955283] 74.1666409588126
[9.05738069955351] 74.2693548195156
[9.07353029955357] 74.3666332757303
[9.09098889955294] 74.9707354928251
[9.1060182995534] 74.9136316486525
[9.12446929955331] 75.8216856111394
[9.1407710995536] 73.9846287949394
[9.15655019955284] 73.8664847628667
[9.17310759955308] 73.8564178285396
[9.19001249955272] 73.9854479714807
[9.20739159955338] 74.0538499538723
[9.22301379955297] 73.8143834131619
[9.23975669955325] 73.7927146636556
[9.25629909955296] 73.9224637957739
[9.27290999955312] 74.0180119301351
[9.28954869955305] 49.8575409275633
[9.30660949955291] 49.9308193146457
[9.32355739955347] 50.2108369222889
[9.3394046995536] 50.3921901082366
[9.35841079955298] 50.6154480575505
[9.37337989955358] 50.9509826821845
[9.39045529955274] 51.3174714913015
[9.40645969955312] 51.5607632009845
[9.42413669955295] 51.8710319041665
[9.44121979955344] 52.254541296422
[9.45625129955351] 52.5552169248354
[9.47285929955342] 52.9139904055811
[9.48968499955299] 53.4196975950233
[9.50581619955301] 61.4740566979347
[9.52339209955335] 80.5951252326769
[9.53942669955359] 81.0831303031768
[9.5562933995534] 80.3586706481687
[9.57277239955329] 79.9849323538137
[9.58929229955356] 79.6652956792816
[9.60705589955342] 79.4677307141305
[9.62250879955354] 79.350578817907
[9.64052449955307] 79.2321145940352
[9.65652989955288] 79.2123714583411
[9.67310009955327] 79.2706620051809
[9.68978689955293] 79.3546007770591
[9.70668799955274] 79.4113766712384
[9.72416529955353] 79.6070173886282
[9.74027989955357] 79.9461446632672
[9.75745219955297] 80.2139187263331
[9.77147659955335] 80.3446681300968
[9.79338809955334] 80.6859910680533
[9.80665679955291] 80.9826307586852
[9.82354399955329] 95.5315322938768
[9.84034569955293] 95.8418545591523
[9.85594629955358] 96.1669168435223
[9.87394749955274] 96.6004429457517
[9.89014009955281] 97.0186244499506
[9.90664009955344] 97.4592583290814
[9.91878449955311] 97.8363647293023
[9.93968519955342] 98.5162088573564
[9.95699329955278] 98.9506865908049
[9.97636549955314] 99.8437944547077
[9.9876750995536] 100.240412465202
[10.0076269995534] 135.50572793784
[10.0238274995536] 136.015777879825
[10.0415992995531] 136.502289522337
[10.0531446995528] 90.8440704692412
[10.0733742995535] 90.1488208014731
[10.0899347995528] 90.022244586822
[10.1062059995529] 89.7672463756326
[10.1227232995534] 89.6542553615856
[10.1392271995528] 89.4233500953406
[10.1563956995533] 89.2102358207083
[10.172681899553] 89.0894951462988
[10.1899022995531] 129.421953245102
[10.2068523995531] 127.431830822099
[10.2235077995529] 124.688094755152
[10.2392933995534] 123.211471635051
[10.2568259995533] 121.672284240163
[10.272652699553] 120.667584366683
[10.2895421995536] 119.576920332187
[10.3063479995535] 118.717997066188
[10.3228810995533] 117.978856083133
[10.3399101995528] 106.639875180909
[10.3564366995533] 105.532928076637
[10.3734270995528] 104.439964728169
[10.3892481995535] 103.604027244638
[10.4084688995536] 102.490440163355
[10.4238156995534] 101.429634500465
[10.4413007995536] 100.499885047696
[10.4570150995532] 99.7854915095238
[10.4727400995534] 99.0508757816292
[10.4894053995531] 98.3418163029878
[10.5072026995531] 97.5761369888241
[10.5235685995531] 96.9522535253769
[10.5392409995529] 96.4537806912974
[10.5562969995535] 95.9213517187146
[10.573264699553] 95.3694740884407
[10.5893873995528] 94.8617656036296
[10.6074760995534] 94.2954044430297
[10.6234374995529] 93.8629752646379
[10.6405332995528] 93.4609067345122
[10.6566041995529] 93.1144211622526
[10.6731466995534] 92.7816092306438
[10.6892178995531] 92.5518487471335
[10.7076717995533] 92.2706872300692
[10.723036499553] 92.0082248238125
[10.7397223995531] 91.774636458395
[10.7568040995529] 91.5159433377403
[10.773288499553] 91.3215660621738
[10.7904364995529] 91.1652043601809
[10.8071688995533] 90.978594512878
[10.8232133995534] 90.8601721075762
[10.8398769995529] 56.4674817170965
[10.8569549995527] 56.4142492581192
[10.8734202995529] 56.4029808780489
[10.8913167995534] 56.3128588982213
[10.9064430995531] 56.335793031202
[10.9224221995528] 56.4104536461927
[10.9396447995532] 56.4233800430493
[10.9564920995535] 56.4588894875655
[10.9724842995529] 56.5512999281517
[10.9898773995528] 56.6599055423927
[11.0061750995528] 56.842072685142
[11.0235069995533] 56.9585856383059
[11.040262599553] 57.1364012317104
[11.056973099553] 57.3346005957102
[11.0728766995535] 73.0420724056557
[11.0895325995534] 69.5733867709523
[11.1067243995531] 65.9510655749588
[11.123484699553] 63.5266654176039
[11.140281299553] 61.6414250490403
[11.1557442995536] 60.4333884690324
[11.1736397995528] 59.0854364814897
[11.1894717995528] 58.3598603613779
[11.206587699553] 57.6368846359277
[11.2234756995531] 57.1450544680979
[11.2406991995531] 56.759625253475
[11.2566372995534] 56.5899707203812
[11.274312599553] 53.8524396793511
[11.2890423995532] 53.8384525907625
[11.3059905995533] 53.8323131223197
[11.3225379995529] 53.9445277861875
[11.3397000995528] 54.0592771378158
[11.3574660995528] 54.3129813005048
[11.373246999553] 54.520411378917
[11.3899799995534] 54.8336439022756
[11.4073852995534] 52.9222210451153
[11.4233492995536] 53.1121457381735
[11.4400303995535] 53.3713358066772
[11.4570848995536] 53.5463160668738
[11.4736039995532] 97.5429920764642
[11.4903082995534] 101.715734852694
[11.5076122995533] 97.0149602447963
[11.5244662995528] 82.9023998786717
[11.5404767995533] 80.890092112791
[11.5562226995535] 79.1045971619918
[11.5730350995527] 77.3603054560125
[11.589331999553] 76.1278153568903
[11.606409899553] 75.0160118010565
[11.6226979995536] 73.8988988387614
[11.639610399553] 73.008140481039
[11.6561981995528] 72.3300354101287
[11.6733153995528] 71.7968137037945
[11.6893822995535] 71.3612375634893
[11.7058205995536] 70.9652051292559
[11.7234629995528] 70.6021530035848
[11.7396288995533] 97.0485259275993
[11.7568289995534] 96.4278187278758
[11.7728367995533] 95.9782011991902
[11.7901272995532] 95.5109568140802
[11.8067774995534] 95.209684596768
[11.8232812995529] 94.990520673799
[11.8393257995531] 94.8307307603922
[11.8562176995529] 94.6200240332621
[11.8728158995527] 94.5878060272191
[11.8894470995529] 94.105920972739
[11.9076504995528] 93.9088803757759
[11.9230887995536] 93.9182855617696
[11.9403408995531] 93.8841886551171
[11.9566774995528] 93.9053241790992
[11.9735275995536] 94.0381935036533
[11.9905925995536] 94.09753231774
[12.0068585995532] 94.200662311183
[12.0237182995534] 94.4479002563219
[12.0395251995533] 94.6287181233534
[12.0564003995532] 94.8829941166515
[12.0726569995531] 95.2456109976056
[12.0895497995534] 95.5986529438616
[12.1062013995534] 95.9347092786839
[12.1229261995531] 96.2173508688494
[12.1392088995535] 96.5888680518283
[12.1558576995531] 97.0616075862849
[12.1734558995531] 97.5606170262225
[12.1894422995529] 98.0330997724082
[12.205903899553] 98.6529701153044
[12.2230652995531] 101.970566300374
[12.2397856995531] 102.475841327416
[12.2561286995533] 103.090545313751
[12.2736307995528] 103.675836322941
[12.2898732995536] 104.300931978601
[12.3064633995527] 104.941393864639
[12.3229851995529] 105.540862817313
[12.3399514995535] 106.263806776113
[12.356102699553] 107.014832414121
[12.3730662995531] 107.724447821031
[12.3904572995534] 108.522967909971
[12.406755299553] 109.309802858242
[12.4235226995534] 110.109867494398
[12.4393793995532] 101.071169168006
[12.4569454995535] 101.542599863499
[12.4729417995532] 101.928490634074
[12.4894284995535] 102.407295012023
[12.5061215995529] 102.951796154174
[12.5225160995533] 74.1594959186232
[12.539590499553] 73.5833438534855
[12.5564424995528] 73.252760833223
[12.573591499553] 72.9674533576112
[12.5893005995531] 72.7231267444217
[12.6066134995535] 72.4678613092234
[12.6225984995535] 80.7681342350193
[12.6402514995534] 78.4507867604826
[12.6563724995531] 77.4229914875347
[12.6734703995535] 76.7983262753616
[12.6893112995531] 76.2547081912541
[12.707625299553] 75.6774119630804
[12.7233939995531] 75.207644908313
[12.7401331995534] 74.7189845499071
[12.7561702995536] 74.2814301694058
[12.7734472995535] 73.824374427616
[12.7896966995531] 73.3931027331991
[12.8076492995533] 72.9598621450523
[12.8242614995534] 72.5863325609379
[12.8400060995527] 72.2298624361209
[12.8566067995534] 71.8915093425417
[12.8731913995534] 71.5828647182668
[12.8895050995534] 71.2559316858873
[12.905962199553] 70.9696246156553
[12.9230512995528] 70.6851695162837
[12.9395630995532] 70.433413394245
[12.9568101995528] 70.1908199391423
[12.9729073995532] 69.9634984762147
[12.9899803995531] 69.7721805027754
[13.0067891995532] 69.5873630488466
[13.0227047995531] 69.4127136910686
[13.0399383995527] 85.7777221514436
[13.0559233995527] 84.3289766039915
[13.0735910995536] 82.7543026853783
[13.0904505995532] 81.5681181386878
[13.1060333995529] 80.6764257832869
[13.1230938995532] 79.7815305244224
[13.1403213995536] 81.6738372203366
[13.156511399553] 80.8804286364728
[13.173567199553] 80.0491096874514
[13.1900334995535] 79.408372636016
[13.2064642995529] 78.8460674301868
[13.2234676995531] 78.2550650066148
[13.2396852995535] 77.7508855150377
[13.2565381995528] 77.283109186407
[13.2730852995528] 76.8516382234503
[13.2898823995529] 76.4842229082451
[13.306861299553] 76.1558831191739
[13.3226481995534] 75.8948676351124
[13.3391117995534] 75.6497532172444
[13.357352299553] 75.3852575972549
[13.3736584995531] 75.0553594963276
[13.390276999553] 74.8709809802223
[13.4074235995531] 74.6834776576711
[13.4234926995532] 74.5405815949615
[13.4399549995533] 74.441440676183
[13.4563913995535] 74.3684637913641
[13.4736087995534] 73.8294771934074
[13.4893405995535] 71.9555592313865
[13.5061222995528] 75.7565648329485
[13.5227587995532] 75.4546652195246
[13.5396814995529] 75.0801853422922
[13.556419599553] 74.8694187314764
[13.5736727995536] 74.6307899502473
[13.5902115995532] 74.3437610983264
[13.6059746995534] 73.9785593031886
[13.6228765995529] 73.7669806462169
[13.6397321995528] 73.4296633543133
[13.6567663995529] 73.1566247772483
[13.6728738995535] 72.985843593726
[13.6901790995535] 72.8838187849288
[13.7064552995535] 72.7421089797763
[13.7242419995528] 72.6167652706231
[13.7401854995533] 72.3497502356256
[13.7566573995528] 72.2115318923185
[13.774359899553] 72.0903617593781
[13.7898953995527] 72.0425813577411
[13.8058389995531] 72.014786444134
[13.8229164995528] 71.9475621526409
[13.839198699553] 71.9135722574921
[13.8567216995534] 71.9080850226543
[13.8726222995529] 71.9066528937621
[13.8898741995536] 71.9265945981522
[13.9060324995535] 71.9627415093761
[13.9224971995536] 71.9991228911405
[13.9400142995528] 72.0670551604023
[13.9559105995531] 71.664726354374
[13.9731951995527] 71.6333685785838
[13.9900424995531] 71.6277535535247
[14.0058680995535] 71.6360117923859
[14.0232381995529] 71.6337089080882
[14.0394143995536] 71.6939074562951
[14.0558063995531] 71.7346498022975
[14.0728006995532] 71.8163168240658
[14.090262099553] 72.1914706756887
[14.1065890995533] 72.1866008867182
[14.1233189995528] 72.3201210705397
[14.1396695995536] 72.7006050816714
[14.1567276995529] 73.3952777193042
[14.1728134995528] 73.5905268463445
[14.1896444995527] 73.8589282015971
[14.2065377995532] 73.6942098941115
[14.2225860995532] 73.4613323843292
[14.2392136995531] 73.5046176805957
[14.257406099553] 73.6422566568302
[14.2726654995531] 73.33039449954
[14.2899398995532] 73.4550790667042
[14.3073841995529] 73.5002427232956
[14.3228912995528] 73.5549527791064
[14.3400237995529] 73.7606751525232
[14.3558344995536] 73.9217228641531
[14.3725032995535] 67.7516887264304
[14.3899664995533] 67.6026198722927
[14.4068334995536] 67.4446348452195
[14.4229729995532] 67.310655813166
[14.4396751995528] 67.1773513427054
[14.4563061995532] 66.8321320849196
[14.4731929995532] 66.630229695664
[14.4893294995536] 66.4774426093361
[14.5063290995531] 66.2874777803276
[14.5224219995534] 66.1267533682906
[14.5397082995532] 65.969846852481
[14.5568425995534] 65.8210052497131
[14.5727069995528] 66.1151389452848
[14.5895814995529] 67.6938840704317
[14.6068698995532] 70.5741363864515
[14.6234912995533] 69.5878017395169
[14.6396416995531] 68.6570549372871
[14.6574571995534] 69.1793385281306
[14.6734110995531] 67.3117115430646
[14.6900482995534] 67.2817876446481
[14.7071600995532] 66.7886556189875
[14.7236148995535] 65.3789409486908
[14.7393405995535] 64.696905823266
[14.7564338995535] 64.4824693753013
[14.7735278995533] 64.3993424579986
[14.7894466995531] 64.3395391457523
[14.8059683995534] 64.282002299283
[14.8225637995529] 64.2256594079132
[14.8397813995534] 64.179951790328
[14.8566910995532] 64.13388124107
[14.873188599553] 64.0983995488305
[14.8898692995535] 64.0727343199823
[14.9068001995529] 64.0501767574771
[14.9232237995529] 64.0385136229506
[14.9396196995531] 64.0233564773479
[14.9573870995528] 64.007909336362
[14.9728368995529] 64.0828418559437
[14.9899854995529] 64.5834379321371
[15.0066379995533] 65.7929972062186
[15.0243812995532] 67.761401956045
[15.0405570995536] 67.2715336880502
[15.0581908995528] 68.0898772603397
[15.0737545995535] 66.2833527406213
[15.0893940995529] 66.3207212146467
[15.1073290995528] 66.9251062723265
[15.1227958995532] 65.233271059163
[15.1403880995531] 65.9024561511279
[15.1563465995532] 64.9188433937294
[15.1736099995533] 64.6221497504956
[15.1900647995535] 64.5597661795324
[15.2058964995531] 63.2506878079762
[15.2226665995531] 63.1830020670307
[15.2402294995536] 63.1007579358994
[15.2558518995529] 62.9705014598245
[15.272734399553] 62.8897821745185
[15.289962799553] 62.803763972973
[15.3068345995534] 62.7258526358209
[15.3238202995535] 62.6549544441665
[15.3393076995535] 62.6035044793622
[15.3577803995531] 62.5336541034132
[15.3726964995531] 62.4916386557045
[15.390111099553] 62.4429970798522
[15.4060912995528] 62.4118132399158
[15.4226837995529] 62.36715600124
[15.4394873995534] 62.3424605045162
[15.4559258995532] 62.3222429260408
[15.4731989995535] 62.2980124267198
[15.4903352995534] 62.2906018246345
[15.505900999553] 62.3162788088046
[15.5231185995535] 62.3185928538807
[15.5399648995535] 68.8178045717731
[15.555813899553] 68.607442344198
[15.5728146995534] 68.3876151167546
[15.5908225995536] 67.7756990783336
[15.606761299553] 67.4813161766555
[15.6227070995528] 67.2300391670354
[15.6398753995536] 66.973784454209
[15.6564078995534] 66.7625163469963
[15.6729576995531] 66.5600218304507
[15.689877799553] 66.3647598394834
[15.7060013995533] 66.1919717645874
[15.722611999553] 66.0351063064455
[15.7398042995528] 65.8745160063624
[15.7562610995528] 65.7554073992763
[15.7733794995529] 65.5355067315114
[15.7903658995529] 65.3627800978939
[15.8075477995535] 65.2108811428812
[15.8230403995531] 65.1165334956447
[15.8402495995533] 64.9647643881731
[15.856653799553] 64.8301242377702
[15.8727531995528] 64.7167306545046
[15.8901088995535] 64.5920623271448
[15.9062584995536] 64.4848382757451
[15.9235815995535] 64.3644088246299
[15.9393106995531] 64.2715964631778
[15.9558868995528] 64.164973361995
[15.9731319995535] 64.0585617326322
[15.9900832995536] 63.9709959844003
[16.0062853995532] 63.8780755962261
[16.0230571995535] 63.7760699529745
[16.0397598995532] 63.2506861730375
[16.0561445995536] 63.1714289070625
[16.0734967995531] 63.0809190314695
[16.0894616995529] 63.0975349105344
[16.1070611995528] 63.0089833867973
[16.1237437995533] 64.0190169445173
[16.1395003995531] 63.9394754008122
[16.1560471995535] 63.8596348367719
[16.173409299553] 63.7714818100197
[16.1898704995529] 63.6946615472014
[16.2067001995529] 63.6080375690457
[16.2234851995536] 63.5313248832962
[16.2393382995533] 63.4646904847437
[16.2564934995535] 63.3855323919581
[16.2729904995531] 63.3164626316442
[16.2915230995532] 63.241856700777
[16.3058745995531] 63.171418145955
[16.3242755995534] 63.1034668332818
[16.3396073995527] 63.0315470991138
[16.356282099553] 62.9640434331787
[16.3731633995531] 63.3366389897888
[16.3899893995531] 63.270075605615
[16.406800099553] 63.2045071073134
[16.4226472995533] 63.1634026391049
[16.4399288995528] 63.0803117480412
[16.4564576995535] 63.0140640028143
[16.4731182995529] 62.9572768053966
[16.4902760995528] 67.3901076146308
[16.5082187995531] 67.1595128591627
[16.522571599553] 67.021496635875
[16.5400646995531] 66.7407364076117
[16.5564832995533] 66.5753443424362
[16.5727775995529] 73.0727013672566
[16.5900989995534] 72.5876834238555
[16.6058938995529] 72.2011958449102
[16.6235677995528] 71.7524467274268
[16.6392152995531] 71.4197233390139
[16.6561278995532] 71.0558882491257
[16.672852699553] 70.7164549995384
[16.6899345995535] 70.3790695689128
[16.7060928995534] 70.0940400883328
[16.7232773995529] 69.7872429426581
[16.7400763995529] 69.5082592552384
[16.7566244995533] 69.2542614406474
[16.7727721995534] 114.256557376467
[16.7895371995528] 90.519794164742
[16.8061428995534] 81.6508631402865
[16.8238938995528] 77.4934471321758
[16.8403126995536] 74.9159473633551
[16.8563068995536] 73.2423950324715
[16.8742122995536] 72.1429894621208
[16.8895903995535] 71.1124965970832
[16.906336299553] 70.3112069069988
[16.9233058995533] 69.5140668588239
[16.9393020995531] 68.7357696427147
[16.9561844995533] 68.0101291729121
[16.9730435995534] 67.8207863090854
[16.9909459995533] 67.9077203207914
[17.0060419995534] 67.9835318573212
[17.0240543995533] 68.2107226316576
[17.0395857995536] 68.3101527789529
[17.0565927995531] 72.1919534237221
[17.0725481995532] 72.2234434079359
[17.0893462995527] 72.403497464313
[17.1064873995529] 72.442613616738
[17.1236841995533] 72.6367266814076
[17.1401404995531] 72.7041479864375
[17.1567461995528] 72.9144120065744
[17.1725627995529] 73.0040658974403
[17.1897498995531] 73.2411091565241
[17.2068735995535] 73.3428897798972
[17.2234261995536] 73.5928323452188
[17.2395236995535] 73.7166907834681
[17.2562511995529] 73.990244700659
[17.2731308995535] 74.1231892168939
[17.289701699553] 74.4149719152927
[17.3065009995535] 74.562161139291
[17.3226248995534] 74.8788565031855
[17.3397033995534] 75.0350005813902
[17.3563131995534] 75.3616864566962
[17.3735156995535] 75.5751765782766
[17.3889598995529] 75.8979663981643
[17.4060148995532] 76.1433664654992
[17.4238915995529] 76.393495567285
[17.4402546995534] 76.7651929564945
[17.456464199553] 77.0085397782919
[17.4731674995528] 77.2735135387405
[17.4900236995536] 81.9522682786595
[17.5062640995529] 82.104240857873
[17.523271899553] 82.2697463625572
[17.5392462995533] 82.5852010159634
[17.5561124995529] 82.7764796907935
[17.5736561995536] 82.9844795665231
[17.5894706995532] 83.3323036122403
[17.6065729995535] 83.5717472595215
[17.6227391995535] 83.8152008607154
[17.639917599553] 84.2236611273167
[17.6559064995536] 84.4775796368801
[17.6727492995533] 84.7644634710055
[17.6899433995532] 85.1425968673715
[17.7061891995536] 85.4707830422598
[17.7231984995533] 85.8252367445734
[17.7399924995534] 86.2031147215431
[17.756095099553] 86.5596197566997
[17.7732741995533] 86.9736264061341
[17.790197499553] 87.3670833375494
[17.8062640995531] 87.766339422844
[17.823582899553] 56.3145770782724
[17.8394954995529] 56.4255400790872
[17.8564451995535] 56.4956706116758
[17.8732572995532] 22.9425322822439
[17.8891430995536] 22.9544158992275
[17.9067038995536] 22.9054795963527
[17.9229594995531] 14.0168995764688
[17.9400733995535] 13.7970214279646
[17.9562205995535] 13.5917358201493
[17.9729638995532] 13.4972856480779
[17.990138999553] 13.3963638579437
[18.0077974995529] 13.3091404660097
[18.0236088995534] 13.2449828944095
[18.0401148995534] 12.4187864231383
[18.0578905995535] 12.316445909332
[18.074237799553] 12.2373953875059
[18.0895632995534] 12.1711216030379
[18.1067991995533] 12.096993836969
[18.1225059995531] 12.0481501038188
[18.139394799553] 11.9927843610117
[18.1565041995527] 11.9793484286469
[18.1737040995531] 11.9487244597844
[18.1905269995532] 11.9210967446302
[18.2058511995529] 11.8737977077222
[18.2237008995535] 11.5002194077558
[18.2400553995531] 11.3673504035059
[18.2576073995533] 11.2787840157856
[18.2738580995529] 11.1846002337103
[18.2898469995534] 11.1168345754961
[18.3057185995531] 11.0499790324178
[18.3237311995535] 10.9695448993506
[18.3400650995536] 10.9064320597283
[18.3561761995534] 10.860027169176
[18.3744378995534] 10.8288030000625
[18.3895069995533] 10.7330660786346
[18.4067403995532] 10.7582369303987
[18.4232951995527] 10.6862492367226
[18.4410381995531] 10.6727101897838
[18.4568821995535] 10.5606840191836
[18.4735996995532] 10.4921613525802
[18.4903616995534] 10.3810695783625
[18.5065511995535] 10.2459834308823
[18.5229490995534] 10.1893639009809
[18.5395288995533] 10.1316637432099
[18.5566243995536] 11.8753462627114
[18.5732600995534] 11.8003392083479
[18.5893547995529] 11.7254185048885
[18.6060704995534] 11.6598304350827
[18.6225009995533] 11.5781677956158
[18.6395221995535] 11.5067244726319
[18.6564685995536] 11.4415928481145
[18.6735186995529] 11.3642897315668
[18.6901917995528] 11.2946386527644
[18.7058435995532] 11.2321598752052
[18.7228661995532] 11.1599926153822
[18.7411160995534] 11.0868582074018
[18.7562407995529] 11.0265717475431
[18.7727588995531] 10.9655855771686
[18.7901127995528] 10.8941428669703
[18.8067483995528] 10.8337688801165
[18.8225941995534] 10.7827549712575
[18.8394143995529] 10.7155451646109
[18.8573832995535] 10.6518584448285
[18.873949199553] 10.588162464551
[18.889309999553] 10.5410516082773
[18.9061067995535] 10.4797947529681
[18.9226013995531] 10.4255323492456
[18.9391942995535] 10.3734142102283
[18.9563407995529] 10.3155745764098
[18.9730257995534] 10.2519027160011
[18.9901147995533] 10.2030955078984
[19.0066024995531] 10.1502054352688
[19.023512099553] 10.0948993745705
[19.0394854995529] 13.9737008609752
[19.0569425995536] 13.8097438280492
[19.073080399553] 13.6612115613681
[19.0902131995535] 13.5146543044074
[19.1063369995536] 13.3783204339116
[19.1225704995531] 13.2523942503242
[19.140474199553] 13.1087634658388
[19.156597999553] 12.9861371144631
[19.1732535995534] 12.8719497867029
[19.1900094995535] 12.7841705985841
[19.2066900995533] 12.7173346386775
[19.2225344995531] 12.6233258310506
[19.2394497995529] 12.6135677419304
[19.2563035995536] 12.5873642012365
[19.2733967995528] 12.5296526645132
[19.2894231995533] 12.4161793358458
[19.3073362995528] 12.4778865980425
[19.324237799553] 12.2537552172959
[19.339667399553] 11.8967971653949
[19.3557949995529] 11.7667708424507
[19.372536199553] 11.6432512963545
[19.3900131995533] 11.5320902770373
[19.4065085995535] 11.4585119727914
[19.4232112995533] 11.3827550341491
[19.4394691995531] 11.3179520583901
[19.4566125995534] 11.2802555621302
[19.4736257995528] 11.228762112602
[19.4903309995534] 11.1760194061265
[19.5061428995532] 11.1221531598151
[19.5228421995535] 11.0902192475463
[19.5407905995535] 11.0686321872789
[19.5567940995534] 10.9194791625427
[19.5736058995535] 10.8826753714946
[19.5902820995534] 10.7947320981432
[19.6069868995528] 10.6659591517947
[19.6229579995534] 10.6079741141582
[19.6393037995531] 10.5315589932719
[19.6570825995532] 10.445260000771
[19.6725963995532] 10.3489028375919
[19.6898315995531] 10.3580042016698
[19.707565699553] 10.3338420418136
[19.7243478995533] 10.2163853650053
[19.7417600995532] 16.1347789968176
[19.7564678995532] 16.9661850330213
[19.7726500995532] 16.6316989779549
[19.7904457995528] 16.3810435112264
[19.8067289995533] 16.1487765588006
[19.8238415995529] 15.7797167390109
[19.8394252995531] 15.4196904264378
[19.8559692995532] 15.1719210321664
[19.8731233995532] 14.8213100325527
[19.891293099553] 14.527605667059
[19.9074812995532] 14.3218162344509
[19.9235034995536] 16.7986657559913
[19.9413036995529] 23.9061119156074
[19.9562621995528] 23.9190979281876
[19.9732176995531] 23.1778884045832
[19.9904065995534] 22.7018784700017
[20.0077503995535] 22.2706880084797
[20.0232766995532] 21.8868152022066
[20.0407874995535] 21.3890221169953
[20.0564756995527] 20.953563260833
[20.0732332995531] 20.6718750152275
[20.090325999553] 20.2327367282515
[20.1063270995528] 39.9134079583093
[20.1241922995532] 37.6971146600127
[20.1402177995533] 36.0470227303924
[20.1566732995534] 31.0788484339771
[20.173100299553] 29.9923575872142
[20.1895019995536] 29.1333255840532
[20.2078164995528] 28.2307677524596
[20.2235265995532] 27.9170716780564
[20.2397038995532] 27.2848093043341
[20.2557987995533] 26.8429709130168
[20.2741696995536] 26.4396298135486
[20.2903542995527] 26.0979330597409
[20.3072380995536] 25.4947335039334
[20.3224693995535] 25.1110361891583
[20.3401475995533] 24.6373387037877
[20.3562492995534] 23.9895637386455
[20.3724940995535] 23.575457967927
[20.3906697995535] 23.0893286245259
[20.4074222995532] 22.7502977765484
[20.4228464995531] 22.3276472977809
[20.4408373995529] 22.0289079653302
[20.4559309995529] 21.6660073894024
[20.4741329995531] 21.2397891025228
[20.4900782995528] 20.9859739317355
[20.5060062995535] 20.6811607374342
[20.5227400995527] 20.38502212796
[20.5399863995535] 20.0753700622801
[20.5567284995532] 19.8406150741792
[20.5732300995533] 19.5768221646579
[20.590416899553] 19.3241761011852
[20.6060155995528] 19.0660498365342
[20.6230243995533] 18.8075079113156
[20.6407000995532] 18.5770427356556
[20.6570394995533] 18.3138313257986
[20.6726248995528] 18.169492326154
[20.6907473995534] 17.8574775447802
[20.706713599553] 17.6899903772868
[20.7240952995535] 17.4379308303324
[20.7397631995527] 17.290624974739
[20.7563263995535] 20.9054752083213
[20.7725859995535] 20.5725584614388
[20.790212799553] 20.2442125871423
[20.8071671995531] 19.9989044517169
[20.8232401995529] 19.7707040877588
[20.8392331995528] 19.5610011458843
[20.8563537995533] 19.2734081945216
[20.8734942995534] 19.0374728672087
[20.8904433995531] 18.782944631829
[20.9058317995532] 18.5668537139465
[20.9243403995533] 18.3241498785389
[20.9401046995536] 18.1087765953093
[20.9569389995531] 17.9097018345944
[20.972816599553] 17.7019568586378
[20.9904671995528] 17.4480706595292
[21.0075311995533] 17.2733241673838
[21.0231255995532] 17.0933027212126
[21.0403717995532] 16.9101769504447
[21.056551099553] 16.708016486885
[21.0736113995536] 16.568383278515
[21.089640999553] 16.3680120867149
[21.1064536995527] 16.228821081851
[21.1245052995528] 16.0591630272605
[21.1397376995528] 15.9140155903309
[21.1574455995533] 15.7266547346086
[21.1732614995535] 15.60388256836
[21.1897508995535] 15.4665796184311
[21.2064717995536] 15.3050881417506
[21.2229540995531] 15.2079057363817
[21.2393245995536] 15.0859301753108
[21.2566976995531] 14.9311128209989
[21.2727535995527] 14.8052525722175
[21.2905332995533] 14.6463886634193
[21.3080451995529] 14.5212464372311
[21.3238090995528] 14.4137449215738
[21.339650199553] 14.3105587325829
[21.3567713995535] 14.2248408000108
[21.3734057995534] 14.0905114928523
[21.3894448995534] 13.9701796403415
[21.4067098995529] 13.848511006782
[21.4225569995533] 13.7412512841145
[21.4406647995529] 13.6338647100028
[21.4561475995533] 15.1764193042937
[21.4733207995532] 15.0607764107687
[21.4894074995527] 14.9294860137784
[21.5061419995536] 14.824869332656
[21.5236033995534] 14.6894297720637
[21.5403466995531] 14.5738074362089
[21.5574747995533] 14.7943923637282
[21.5737627995532] 14.685598395052
[21.5902375995529] 14.5726732215935
[21.6066562995529] 14.4605988548846
[21.6235577995531] 14.3437524306894
[21.6404270995536] 14.2343152134013
[21.6575206995531] 14.1408043479534
[21.6733366995531] 14.0537909014501
[21.6893520995536] 13.9621364613011
[21.7064307995533] 13.8575592260974
[21.7225971995531] 13.7610203810707
[21.7400163995535] 13.6638099535564
[21.7563583995534] 13.5733839482759
[21.7738543995529] 13.475431298124
[21.7896321995531] 13.3953242067425
[21.8073001995535] 13.2988988381958
[21.8234777995531] 13.221553057834
[21.839660699553] 13.1445945882064
[21.8561772995536] 13.0557008508486
[21.8736785995534] 12.9711631838475
[21.8906913995534] 12.8928363401888
[21.9058424995528] 12.8296164618941
[21.9238707995528] 12.7419513256888
[21.9407724995535] 12.6603041327647
[21.956725299553] 12.5974874859107
[21.9732583995528] 12.5174982348138
[21.9893088995532] 17.7564259828094
[22.0063423995534] 17.4791734731252
[22.0232473995529] 17.2205209709366
[22.0393623995533] 16.993470807536
[22.0570563995534] 16.7246822986783
[22.0734008995532] 43.3993557764959
[22.0897314995527] 37.6432631180653
[22.1058681995528] 37.7724143757932
[22.1237249995529] 36.6739565275345
[22.1392366995533] 36.1457606129398
[22.1560762995532] 35.5100000483141
[22.1730058995536] 34.6776605356015
[22.1901579995529] 34.1083248845514
[22.2066857995533] 33.6427692554681
[22.2233365995535] 33.2370359250442
[22.240132199553] 32.8031655062932
[22.256270799553] 32.3917942216049
[22.2734006995533] 39.8683192422159
[22.2894188995533] 39.1492571184964
[22.3058735995528] 38.5348787483824
[22.3231375995529] 37.8150863006839
[22.3394178995532] 39.2337212538341
[22.3569069995528] 38.5540357555558
[22.3725818995536] 38.0044437676193
[22.389259599553] 37.4261836957451
[22.4070760995528] 36.8047648977295
[22.4234745995527] 36.2863849959694
[22.4400205995535] 35.7732702749542
[22.4557458995532] 34.684775849223
[22.4729690995528] 34.0926914044198
[22.4894339995535] 33.7671607715628
[22.5058680995535] 33.3286438612123
[22.5228050995529] 32.0534015634966
[22.5397497995527] 31.5679676355634
[22.5565208995531] 31.1274362964195
[22.5729172995534] 28.4678495946693
[22.5896549995532] 28.152578636781
[22.606054199553] 27.8798798050394
[22.6228892995532] 27.5846018480267
[22.6402168995528] 27.2918180758819
[22.6560348995536] 26.6429006987954
[22.6736034995529] 37.1835326819039
[22.6900266995535] 36.5787808724618
[22.706886899553] 35.6935911210035
[22.7227048995528] 32.8522888786298
[22.740687599553] 31.6543380049175
[22.7573897995535] 30.729642228873
[22.772933399553] 38.0251863464954
[22.7905086995534] 36.8835004130178
[22.8067469995531] 35.5701854448265
[22.823843399553] 34.8860115818918
[22.8394851995536] 34.2074286417975
[22.8572160995536] 33.3729134447305
[22.8725105995536] 32.8293141226944
[22.8897699995532] 32.1612127849573
[22.906684599553] 31.5603081501919
[22.9238419995536] 30.9779357790389
[22.9401356995531] 36.6230204687157
[22.9567112995528] 36.169636183398
[22.9736720995534] 35.6879030223573
[22.9897615995533] 32.2536601593213
[23.0059505995532] 57.1620846046071
[23.0229722995527] 56.7151788248506
[23.0393198995534] 61.2393209834416
[23.0570727995528] 60.3365783924625
[23.0733452995528] 62.2045722549954
[23.0897731995528] 61.4895550178509
[23.1064202995531] 60.8266837612757
[23.1233672995531] 60.1785930178119
[23.1401703995534] 59.01251168635
[23.1562311995531] 58.4977686032641
[23.1729969995531] 58.654565692522
[23.1892891995531] 58.2281513700356
[23.2066304995533] 53.687187484565
[23.2233267995534] 51.4779068025077
[23.2394899995534] 51.236002269237
[23.2558080995532] 52.0261609325003
[23.273357899553] 51.4176534366501
[23.2895200995536] 50.6445254636613
[23.3060641995535] 49.8998311881275
[23.323540499553] 49.278750711484
[23.3399002995529] 48.0328150292567
[23.3563155995535] 47.5142856810701
[23.3725471995531] 47.2380960357665
[23.389994399553] 60.0156431105586
[23.4068307995531] 60.8430459918388
[23.4225472995531] 59.4465138976255
[23.4396222995529] 58.3114789849372
[23.4568601995534] 57.7179147145053
[23.4726278995531] 56.7641399751711
[23.4893272995532] 55.9187212031988
[23.5071984995529] 56.9329753655143
[23.5230186995532] 56.2925886724829
[23.5394152995532] 55.6768030428767
[23.5569491995529] 55.0324793351235
[23.5733742995535] 54.4912737262395
[23.5909752995531] 53.9936042066877
[23.606325099553] 53.3265320066552
[23.6239634995536] 58.032685086669
[23.6398668995535] 57.4155653402209
[23.6562055995528] 56.7455634347548
[23.672887699553] 56.1389250482466
[23.6897735995535] 44.0035641336123
[23.7059606995535] 45.0826064929474
[23.7232994995529] 45.2982023192244
[23.7395376995528] 44.9074329247119
[23.7568461995534] 44.4398608343521
[23.7726926995529] 44.067411015236
[23.7894850995535] 56.1681027464532
[23.8061274995534] 55.1470517402609
[23.8229431995533] 54.3800222952776
[23.839554399553] 53.8648272572156
[23.8562076995531] 54.8536291432633
[23.8731517995529] 54.2625149395154
[23.8894246995533] 53.7116862931771
[23.9064464995536] 61.1365298950086
[23.9233211995534] 59.797183617207
[23.9394849995533] 58.9723828036146
[23.9568312995534] 58.1200694009145
[23.9733912995534] 57.3170439874767
[23.990289499553] 56.5478236675073
[24.0065260995534] 55.8903359661803
[24.0225833995528] 55.2766533308678
[24.0398817995529] 54.597714276602
[24.0562238995535] 53.9937354400953
[24.0732202995532] 53.3920549812812
[24.0902088995535] 52.7995655579869
[24.1066738995532] 52.2993893338756
[24.1241957995535] 51.7844320552337
[24.1396905995534] 51.3484723929809
[24.1572605995534] 50.8739044927771
[24.1725680995532] 50.4093046519665
[24.1907564995536] 57.2224555750944
[24.2063398995533] 56.5468713078612
[24.223520599553] 55.7951382474377
[24.2394117995527] 55.1830719323487
[24.2572880995531] 54.4772703300754
[24.2737396995535] 53.8819310554927
[24.2904062995531] 53.3117712613714
[24.3061261995535] 54.4160030170928
[24.3236009995535] 50.9552181921597
[24.3399405995533] 50.444100117114
[24.355848999553] 49.9482255236393
[24.3727436995532] 49.3993519221619
[24.3903413995531] 48.8715312272888
[24.4065759995528] 48.4515785933006
[24.4231539995535] 48.0256768448007
[24.4400140995531] 46.1181726795179
[24.4567790995534] 45.7182113799463
[24.473281599553] 45.3439836865591
[24.4907144995532] 43.9774905043699
[24.5076396995528] 43.285684941623
[24.5239091995536] 40.2352670079395
[24.5399274995534] 39.9266111516223
[24.5566492995531] 39.6047897806559
[24.5739444995534] 48.2084760134089
[24.5899692995536] 47.4571045410364
[24.6058523995534] 44.9456522074378
[24.6229639995536] 43.8106106420798
[24.6398552995533] 43.9620848194159
[24.6565737995534] 43.3597981318594
[24.6733779995529] 42.8004953529335
[24.6895610995534] 42.2892608866455
[24.7064822995535] 41.7967517815241
[24.7225368995532] 41.7132351243956
[24.739390699553] 41.144548901561
[24.7570098995529] 41.228856000183
[24.7735199995532] 40.6768931999235
[24.7901563995529] 41.5183190099769
[24.8055843995535] 40.8178239531954
[24.824276499553] 40.1690055555618
[24.8399224995528] 39.7030902412185
[24.8561329995528] 39.2640241543596
[24.8734741995531] 38.9326399773822
[24.889399099553] 39.8359885623214
[24.9059113995536] 39.1568175494151
[24.9224726995535] 43.3106661909722
[24.9397094995529] 42.2460769250393
[24.9563381995531] 43.4304346513087
[24.9725011995533] 44.3984114245086
[24.9904286995534] 46.4397385934143
[25.0063924995529] 45.9447363158442
[25.0231561995533] 46.5147819400515
[25.0395674995534] 46.2063321318832
[25.0564884995529] 45.7016298305379
[25.0725533995528] 45.2615715104934
[25.0895063995531] 44.7648626663753
[25.1068015995534] 44.2669461752519
[25.1233701995534] 43.8203784652938
[25.1395228995534] 43.4190170929978
[25.1563151995533] 43.0002572330254
[25.1735149995529] 42.6266308771513
[25.1896273995535] 42.2584531457936
[25.2061738995535] 41.9071279243553
[25.223670499553] 41.5192056407359
[25.2391103995533] 41.2324155852346
[25.2571063995529] 40.8505629263288
[25.2730399995535] 40.5694051890649
[25.2893476995532] 40.28372110409
[25.3067828995536] 39.965780167422
[25.324152399553] 39.6601384303995
[25.3396429995528] 39.4300037937831
[25.357027299553] 39.1476910676974
[25.3739553995529] 38.8880846954589
[25.3909304995532] 37.4831527187836
[25.4057399995536] 37.2736233656042
[25.422853899553] 41.6576448242343
[25.4393699995535] 41.2638660031396
[25.4570420995533] 40.8232907878512
[25.4730424995532] 40.475792664031
[25.4901177995534] 40.095523334036
[25.5067876995536] 39.6625324275534
[25.5236253995536] 39.2613259100105
[25.5392801995531] 38.9548862138676
[25.5559615995535] 38.5598453539475
[25.5730617995532] 39.3549481492466
[25.5903624995535] 38.9725086816312
[25.6058011995528] 38.5945037099248
[25.6233198995533] 38.1968587380259
[25.6399778995528] 35.4802031129948
[25.6568107995536] 35.2267892577457
[25.6727625995536] 35.0053573369974
[25.6900977995529] 34.7418798754801
[25.7072724995533] 34.4955560043433
[25.7233249995534] 34.2808026931186
[25.7392384995528] 34.0824451707664
[25.7571362995532] 32.6486125057739
[25.7731751995534] 31.9444786684818
[25.7895893995528] 32.6204797781404
[25.8059148995535] 32.3660317319131
[25.822640499553] 32.0828987382231
[25.8392743995528] 32.1631132807747
[25.8567146995529] 36.0050900910977
[25.8730162995535] 35.6491373294308
[25.8900560995535] 35.1180564514313
[25.9066363995535] 34.540902690962
[25.9234305995533] 34.2059518290498
[25.9394555995532] 33.660754718336
[25.9573122995535] 50.3314513760248
[25.9726637995527] 49.016980045779
[25.9894992995532] 46.8190461882602
[26.0065069995535] 45.2980334981782
[26.0233892995529] 43.970527006519
[26.0393325995528] 42.7225736948095
[26.0572744995534] 41.4870724629666
[26.0726702995535] 40.8003842390894
[26.0905568995531] 39.9537932025008
[26.1073781995528] 39.3540790677741
[26.1233412995534] 37.6320005965083
[26.139768299553] 36.6181905705619
[26.1573244995534] 36.0762107896842
[26.1727704995528] 35.3484397927836
[26.189440399553] 34.6449180173875
[26.2057480995536] 34.2790297282635
[26.2232580995533] 33.6743599809413
[26.2394030995529] 33.2553271375492
[26.2560937995531] 33.0045839446791
[26.2731612995531] 32.5253320388893
[26.2902071995532] 32.2502148015192
[26.307079999553] 31.8018639810749
[26.3232403995535] 31.4310645304285
[26.3393980995534] 30.9655784890047
[26.356760099553] 30.5200535611357
[26.3739870995532] 30.1577373734657
[26.3899555995531] 29.7306147510659
[26.4065524995531] 29.2548327692601
[26.423024099553] 28.9418543135866
[26.4403250995529] 28.5472952740978
[26.4586682995532] 28.0005649932909
[26.4734567995529] 28.6866900419977
[26.4924097995536] 40.0366033466012
[26.5072926995535] 39.3152162111298
[26.5244500995532] 38.3035208350567
[26.5404214995533] 37.6444942376615
[26.5558383995531] 36.9915342519597
[26.5726198995535] 36.2773102821054
[26.5890018995533] 36.4017725438994
[26.6066080995533] 38.5716723184483
[26.6233969995528] 37.9283858366743
[26.6391238995529] 37.3993717358356
[26.6573528995532] 36.7300132450903
[26.6727939995535] 41.2313597617879
[26.689325499553] 43.0912686328186
[26.7061300995529] 42.0533804457257
[26.7223854995527] 41.6064079521252
[26.7394750995536] 40.975020931861
[26.7560985995533] 40.4835454467907
[26.7725384995529] 40.0193597448443
[26.7902260995534] 39.4238047404502
[26.8067538995529] 41.3408553271069
[26.8231812995527] 40.8729937521895
[26.8408246995532] 40.4670149776169
[26.8567807995532] 40.053578861665
[26.8741811995533] 39.5424365384935
[26.8897563995533] 39.0785007361442
[26.9072103995532] 38.5047108979529
[26.9227381995534] 38.1543830020012
[26.9403607995528] 39.1746690115536
[26.9573099995532] 38.6604577593791
[26.9727973995532] 38.2243541525161
[26.9895251995531] 37.7806622209004
[27.0059087995533] 37.6947430998614
[27.0235531995531] 37.2876746404933
[27.0392097995527] 36.1264944194908
[27.0560186995535] 35.8194534717594
[27.0727414995536] 35.5405851412565
[27.0905254995532] 35.2241560678396
[27.106728099553] 34.9679394689344
[27.1226865995532] 34.7191141809474
[27.1394993995527] 34.2247764228797
[27.1564746995527] 36.080981234694
[27.1743154995529] 35.5373389494593
[27.1897809995535] 35.1528994034729
[27.2071314995528] 34.7942027920257
[27.2229469995527] 34.5363443719839
[27.2400476995535] 90.6350744730281
[27.2569485995527] 83.6941849928759
[27.2724422995534] 83.2379197802373
[27.2892838995531] 82.716003994915
[27.3065869995535] 82.1715618721199
[27.3236764995536] 81.6407689184689
[27.3400914995527] 81.1781184051662
[27.3567591995534] 80.7022261380948
[27.3728953995533] 81.8449609474412
[27.3901757995536] 81.323289869532
[27.406212799553] 80.8935562454536
[27.422506199553] 80.4532470457337
[27.4398535995533] 79.962686981371
[27.4565621995534] 79.5045189430866
[27.4728860995529] 79.091495890522
[27.4900570995533] 78.6321770996888
[27.5057970995531] 78.2541397469253
[27.5236242995534] 78.0037417643132
[27.5398551995531] 77.6110288643507
[27.5559065995531] 77.2300462577437
[27.5740961995534] 81.2438603477247
[27.5891941995533] 80.7840897973504
[27.6061635995529] 80.2359869080932
[27.6228471995528] 79.7042685037822
[27.6397255995535] 79.1916013483399
[27.6565513995529] 78.6822878310405
[27.6725324995532] 78.2358895974837
[27.6901215995531] 77.5093719487509
[27.7062242995535] 77.0771240675639
[27.722992899553] 76.6078537919719
[27.7399446995532] 76.535560358102
[27.7564508995529] 76.1074876388926
[27.7730068995534] 75.6840571842745
[27.7898684995534] 75.4143288718208
[27.8066009995528] 75.0023613078858
[27.823093299553] 74.6045322102695
[27.8397487995535] 66.8181862702481
[27.8558555995533] 66.4485886258925
[27.8725262995531] 72.048299668767
[27.8902425995529] 71.7789174449616
[27.9070285995531] 71.2160253776997
[27.922939299553] 70.7129441964453
[27.9402136995532] 70.1726898643301
[27.9567169995535] 69.4133874772108
[27.9736345995534] 68.9138845457547
[27.9892608995533] 68.4960594747373
[28.0058706995533] 68.0518650016974
[28.0231665995534] 64.6212745421719
[28.0399290995529] 62.6298743810218
[28.0572743995535] 62.9199122174535
[28.0730366995531] 61.926537493807
[28.089901499553] 62.9146726028758
[28.1061654995528] 63.5748416107936
[28.1242889995528] 63.08436015392
[28.1393399995532] 62.4601679432026
[28.1566199995532] 61.4979080479897
[28.1734837995527] 60.553116121956
[28.1894650995528] 64.263197155602
[28.2063897995531] 62.7389783169599
[28.2237609995527] 62.0587815220273
[28.2400333995529] 62.5399595531157
[28.2567859995534] 60.9929681221373
[28.2735879995535] 58.8332660670412
[28.2897718995528] 56.4753638201103
[28.3069427995533] 55.8900404428127
[28.3233485995534] 55.5945645279125
[28.3405420995532] 55.2212797998185
[28.3562215995535] 54.6168983464611
[28.3729910995535] 54.4653109236845
[28.3915272995528] 55.204486325737
[28.4065514995527] 54.6623068546784
[28.4227532995528] 54.440046516796
[28.440212599553] 54.121784522137
[28.4571400995528] 52.6474699241538
[28.4725129995531] 52.255214818501
[28.4903511995535] 56.2819757149727
[28.5074465995531] 55.9032802345014
[28.5239761995535] 55.5247885592565
[28.5408431995529] 55.1797045865288
[28.5567269995536] 54.71312422968
[28.5737042995534] 53.7677647865527
[28.5904014995531] 53.5097359193083
[28.6076554995534] 53.3811767830527
[28.6235263995532] 64.7176208636615
[28.6398532995536] 62.8929250454331
[28.6571411995528] 61.7639129330332
[28.6735608995532] 65.3942965329518
[28.6897707995531] 64.1181085726449
[28.7071372995533] 63.6153604918109
[28.7234565995532] 62.723383368357
[28.7414623995528] 61.7330963932691
[28.756466199553] 60.9142522576784
[28.773265799553] 59.933350918557
[28.7901241995532] 58.861961329373
[28.8068423995528] 57.2943062521421
[28.8231547995529] 57.0595205793826
[28.8403868995529] 55.7096407805265
[28.8572700995528] 54.5879937557862
[28.8732847995534] 53.5104067970283
[28.8902018995532] 52.572988400463
[28.907057499553] 52.0878999918884
[28.9228768995536] 85.6506365374075
[28.9392209995531] 81.9099165798785
[28.9561974995531] 78.4416590914999
[28.9731449995534] 75.2370904462115
[28.989471199553] 72.9114061107715
[29.0059676995534] 71.1799399755814
[29.0225845995528] 69.6231651635232
[29.0399272995528] 65.8376086010659
[29.0574127995533] 63.5983884155579
[29.0740260995535] 61.8620053903883
[29.0904974995528] 59.3564725967781
[29.1075311995528] 62.2400297694752
[29.1230908995531] 60.79551930382
[29.1392174995535] 59.6390709797864
[29.1589123995527] 58.4137421676387
[29.1737888995531] 58.290395694925
[29.1915016995536] 57.8914865089069
[29.2072720995529] 57.9457214483526
[29.2235811995533] 57.1569699083673
[29.2400095995536] 56.8373679750123
[29.2577527995536] 58.6634527575119
[29.2735294995528] 57.9861129860019
[29.2896183995535] 69.9604447780583
[29.3061760995533] 75.7899715018077
[29.3228077995527] 71.4863159200474
[29.340137399553] 66.7472135168085
[29.3558462995534] 64.1108564420948
[29.3728521995536] 62.1686828140824
[29.3892925995533] 61.979033973025
[29.4064920995534] 60.7000620243438
[29.4226341995536] 59.7893983179178
[29.4397595995533] 58.5427191915783
[29.4568428995535] 57.8170736524158
[29.4728135995529] 56.9134465438543
[29.4895118995528] 55.9133577622219
[29.5063397995527] 55.0700628897686
[29.5224872995532] 54.3262556403911
[29.5394074995529] 53.6404851433597
[29.5574031995529] 52.9006462742728
[29.573037999553] 52.2929643399961
[29.5904409995528] 51.6464638770117
[29.6063979995533] 50.7549751305349
[29.623170799553] 50.1805606505191
[29.6395896995527] 49.6537635762076
[29.6564893995528] 49.1165214820806
[29.672594699553] 48.7233476949775
[29.6903528995535] 48.5200702833193
[29.7069459995528] 48.8344709727331
[29.7228077995533] 48.4797756511043
[29.7400718995532] 48.0152891357376
[29.7566532995534] 47.6203533686989
[29.7726385995529] 47.1888394606841
[29.7903976995531] 50.6030211963287
[29.8076282995535] 50.0167605869085
[29.823149799553] 49.5745757439586
[29.8393469995535] 48.8268820911849
[29.8572277995536] 48.2989803081741
[29.8740554995529] 47.9251868530173
[29.8905907995531] 47.5114347096249
[29.9074737995534] 47.0186351232253
[29.9242237995531] 46.628599713895
[29.9352144995528] 46.4855728506707
[29.9571812995528] 45.7757480821366
[29.9725300995533] 49.9085457873711
[29.9896784995535] 49.3328496437266
[30.0072676995533] 48.6754650100257
[30.0224648995536] 48.0400131750217
[30.039421599553] 50.1083772971025
[30.0567739995531] 49.4819762720428
[30.0730943995532] 48.9826299743172
[30.0892354995531] 48.5174886089302
[30.1064035995532] 48.0190346451234
[30.1231853995532] 47.803689991794
[30.1396745995535] 47.3721717460791
[30.1568312995532] 52.8797469628032
[30.1727219995528] 52.2303040865481
[30.1902615995532] 51.5832080347603
[30.2063797995534] 50.9136331822068
[30.2229588995533] 50.3180022214215
[30.2401072995535] 72.0647568855226
[30.2558366995536] 69.8056803759207
[30.2737018995531] 72.1680152690848
[30.2892114995529] 69.4540480118265
[30.3062376995531] 67.5464523979078
[30.3234437995534] 65.9200550352506
[30.3392525995532] 64.1275529577646
[30.355877299553] 83.7879919506753
[30.373765499553] 79.0295362934068
[30.3892260995535] 78.2391294155283
[30.4065884995534] 75.2513843319636
[30.423002599553] 73.0209076234013
[30.4403783995531] 83.0292338698125
[30.4567384995535] 80.7109105788957
[30.4735288995535] 78.3916862593926
[30.4901806995531] 76.2152914624269
[30.5063839995528] 74.3638569306106
[30.5229353995528] 72.6394755737174
[30.5404383995528] 70.8528461385418
[30.5561508995534] 69.4975868219665
[30.5726308995536] 68.1070445770875
[30.5896253995534] 66.5832665189029
[30.6065487995529] 65.3027428759741
[30.6238135995536] 64.0419946777092
[30.6405102995532] 63.0180009612093
[30.6566751995533] 61.9696322995252
[30.6729563995532] 61.079100002849
[30.6896074995529] 60.1579775856321
[30.7063467995531] 57.9108060767162
[30.7224707995529] 57.1310890974397
[30.7396004995535] 56.1760446622939
[30.7565325995529] 56.7026910471438
[30.7732623995535] 57.0399761318962
[30.7900716995528] 56.4405837215237
[30.8066518995529] 60.3376702414814
[30.8236797995532] 59.5073117016019
[30.8400737995535] 59.2797114814524
[30.8568563995532] 59.5709823701051
[30.8735411995531] 58.899058895117
[30.8897663995531] 58.2146405805979
[30.9074327995531] 57.4671391205886
[30.9232201995528] 56.7878268512237
[30.9399721995533] 56.913175761692
[30.9563563995534] 56.3172758632609
[30.9738224995535] 55.6883064156675
[30.9896470995536] 54.7285621708415
[31.0070786995529] 54.0904599143554
[31.0229906995528] 53.8212823417827
[31.0398133995532] 53.265474043297
[31.0566616995529] 52.7473044064543
[31.072755399553] 52.2016977221127
[31.0897615995527] 51.4245165955105
[31.1068828995531] 50.8488367457345
[31.1226766995533] 49.6563630570837
[31.1393052995536] 49.0513701903486
[31.1570300995536] 48.3918250732875
[31.1733915995528] 55.569869359241
[31.1897646995531] 54.8642633685899
[31.2074038995534] 56.9651803446629
[31.2237071995532] 56.3757728538533
[31.2397171995535] 81.4408645282559
[31.2569246995536] 76.9305440735406
[31.273692099553] 77.9186393047019
[31.290014999553] 75.2236742938281
[31.3067712995535] 71.8013685991003
[31.3226681995529] 70.1207054336865
[31.3396014995533] 68.1664978723658
[31.3564030995531] 66.4785492095555
[31.3731974995535] 64.9649837111932
[31.3896836995527] 64.5513955084088
[31.4063145995533] 62.2941539565487
[31.4233194995531] 61.1311653352158
[31.4396684995536] 60.110486258445
[31.4577748995534] 58.8758712834209
[31.4731368995535] 58.4884013386569
[31.4901141995533] 57.5443286245738
[31.5069239995528] 56.6838647905212
[31.5229454995533] 55.8883447513217
[31.5400632995534] 55.075884024827
[31.5566309995529] 54.3334228904037
[31.5731682995529] 53.6338376237381
[31.5896047995529] 52.9477262766668
[31.6068023995531] 52.2711909234398
[31.6229862995533] 51.5937879209974
[31.6395922995534] 51.0024166663921
[31.656467799553] 50.0875896553872
[31.6732058995531] 49.3596749560734
[31.6891089995534] 51.5885763176528
[31.7065786995536] 53.8671266728295
[31.7233398995531] 53.1888544017754
[31.7394589995529] 52.5854416225686
[31.7566453995532] 51.9351196422701
[31.7726689995534] 51.3790889908886
[31.7903636995534] 50.7443281933976
[31.8063030995536] 50.2622436126811
[31.8233187995529] 49.6984930684237
[31.8399549995529] 49.213762744991
[31.8558072995529] 48.7717180625284
[31.8733522995535] 48.2712732201489
[31.8897113995536] 47.837781502582
[31.9066561995533] 47.4238829088102
[31.9232740995531] 47.0178964171801
[31.9400303995535] 46.6717680984243
[31.9563845995535] 46.3140601097346
[31.972672799553] 45.8744550751164
[31.9896320995531] 45.2155482132842
[32.0063441995535] 44.866000684409
[32.0227725995528] 44.5408939532374
[32.0401942995531] 44.2427457224724
[32.0565722995534] 43.8020592497077
[32.0734466995527] 44.7945179704591
[32.0902648995534] 43.9058081261985
[32.106646999553] 43.4913788258584
[32.1233386995527] 43.1114643634423
[32.1396653995535] 42.7430137203903
[32.1560698995536] 43.8761495369801
[32.172724899553] 43.4449822329728
[32.1890873995535] 43.0446346877958
[32.2062268995533] 42.6726675347202
[32.2229697995535] 43.3267890001793
[32.2394358995534] 44.9430932724518
[32.256549699553] 44.4876477186585
[32.2732007995528] 44.1090061575949
[32.2894658995529] 43.7487331670535
[32.3068794995534] 43.3599846864113
[32.3240980995533] 42.9963069033959
[32.3404892995532] 42.6273031644348
[32.3565529995531] 42.2975499073948
[32.3725692995531] 41.9586320115959
[32.3899807995531] 41.5899969719572
[32.4066647995533] 41.1898923979911
[32.4235062995531] 42.6857142542561
[32.4398632995535] 42.3833429675218
[32.4587883995528] 43.5710699025423
[32.4736105995535] 43.165675745897
[32.4910664995532] 42.9136696685565
[32.5064675995536] 42.5670737324325
[32.5233096995535] 43.0282726533625
[32.5393264995528] 42.5387000632241
[32.5565100995527] 44.1026748474388
[32.5726333995535] 43.5392926486268
[32.5894567995529] 43.8338203014944
[32.6067060995529] 43.4037910307169
[32.6230045995535] 43.0193168420076
[32.639677999553] 42.6370062573905
[32.6556533995536] 42.2866658708124
[32.6736090995528] 42.66275684034
[32.6894867995534] 42.4019108236407
[32.706648499553] 42.091105455788
[32.7236776995533] 41.7132795167163
[32.7402712995536] 41.3615492850972
[32.7563375995533] 41.0227399575331
[32.7890592995527] 41.1822883722192
[32.7976723995534] 39.6229120816858
[32.8049363995533] 39.5605878681289
[32.8249219995532] 39.2193007435866
[32.841458199553] 38.8576175519309
[32.8568893995534] 38.6050603841319
[32.8735370995528] 38.3380474457992
[32.8905765995532] 38.0542919045776
[32.9084150995532] 37.7502958608297
[32.9246633995535] 37.5150863533304
[32.941310999553] 37.278502559979
[32.957966899553] 37.0527483932868
[32.9746361995531] 36.8077954827759
[32.9901685995528] 37.6005896774559
[33.007731099553] 37.3279496270917
[33.0246781995529] 37.0285983882026
[33.0403518995536] 39.7330103417727
[33.0576847995535] 39.3933801411047
[33.0743553995535] 39.090713654883
[33.0903147995532] 38.8184506441659
[33.1069285995536] 40.8373994451446
[33.1237037995534] 40.480155301315
[33.1407064995528] 40.1393370661748
[33.156832699553] 39.8288280743184
[33.1745743995534] 39.4633248156062
[33.1904878995529] 39.1707088841246
[33.211370899553] 38.6916558247142
[33.2194780995533] 38.6192065612949
[33.2406663995534] 38.1465713555844
[33.2575550995534] 37.8452624288969
[33.2740060995529] 37.5767480092241
[33.2917186995528] 38.1684637914608
[33.3071294995534] 37.9231045744334
[33.3243783995531] 37.6192990819563
[33.3413677995532] 37.4478137429838
[33.3572664995536] 38.756780822637
[33.3737360995528] 38.4745684362942
[33.391705299553] 40.6026066147081
[33.4072148995529] 44.1695019704158
[33.4235236995528] 45.3245863870451
[33.4401273995536] 44.8476953479072
[33.4577279995528] 44.3348185228331
[33.4739003995528] 43.9190030164252
[33.490554899553] 43.4780229130464
[33.5053306995533] 43.1482662499838
[33.523866599553] 42.6409067160922
[33.5410325995535] 54.0309449752315
[33.563062399553] 52.0136569894659
[33.5713780995529] 55.354474448977
[33.5909018995535] 55.5594911240863
[33.6083550995536] 54.4555671676346
[33.6247023995529] 53.544738235446
[33.6412950995527] 52.668043796259
[33.6575566995534] 51.870329712374
[33.6744936995528] 51.0567011304354
[33.6919395995528] 50.2193750405003
[33.7078726995533] 49.5926126016674
[33.7244786995534] 48.9195862248716
[33.7394995995528] 55.8258710784984
[33.7573933995536] 54.7066028508761
[33.7745851995533] 53.7365141405331
[33.7906554995534] 52.9331242191438
[33.8076289995533] 52.9383059298604
[33.8237189995534] 52.199391935586
[33.8408263995534] 51.3972542532862
[33.8577545995531] 50.6608709601792
[33.8742885995534] 49.9817309843644
[33.891284499553] 49.2969575174709
[33.9078452995527] 48.6738993164473
[34.2884904995535] 14.9415419998927
[34.3029050995528] 27.3529365959727
[34.3174346995529] 28.0136936155874
[34.3347141995528] 31.4016595046437
[34.3519094995536] 30.6687010609187
