[0] 492.334471435207
[0.0199999995529652] 492.327555720836
[0.0430052995534425] 492.442188917817
[0.0525744995529749] 492.297717283094
[0.0744673995532139] 492.27988949554
[0.0898036995531584] 492.266474811428
[0.10671109955274] 492.254650548184
[0.123427699552849] 492.243793151182
[0.139410299552765] 492.231253845825
[0.15644129955308] 492.21884548299
[0.172622299553041] 492.208824060854
[0.189198299553027] 492.195485791769
[0.206407199552814] 492.182900116181
[0.222788399552883] 492.172482143544
[0.239753899552852] 492.158562437574
[0.256903899553436] 492.146046593213
[0.273091199553164] 492.135914791077
[0.289254999553123] 492.123048682473
[0.306639599552909] 492.110355994883
[0.323210199553614] 492.099744168164
[0.339160699552849] 492.087180489979
[0.35601519955344] 492.075056949472
[0.372584599553193] 492.064260913774
[0.389334999553284] 474.838594371895
[0.406720199553092] 474.826932168644
[0.424544599552974] 462.715527499716
[0.439406799553581] 444.865173715081
[0.456347699553589] 435.697739757217
[0.472649099553564] 433.885995010338
[0.490073499553546] 430.45209693711
[0.506866699553029] 428.549919069425
[0.522609899553572] 428.281889746783
[0.539902999553306] 427.824129925284
[0.556129699552912] 427.635229948347
[0.572615899553057] 426.978290202466
[0.589776999553578] 426.83513093936
[0.606424699552917] 426.733944891915
[0.623538799552989] 426.723662547924
[0.640214499553622] 426.754433568855
[0.656701199553027] 426.721523007209
[0.672898799552968] 426.720031786296
[0.690248399552729] 426.70516141651
[0.705955599552908] 426.705249544945
[0.723425599553593] 426.732273887682
[0.740198099552799] 426.723934290245
[0.756850399553514] 426.713643316375
[0.772756699553611] 426.70760077227
[0.789780199553206] 426.700555359312
[0.806537799553553] 426.713226761753
[0.823332599553396] 426.714203495873
[0.840011999553099] 426.707548087865
[0.857593199552866] 426.69573129144
[0.87375139955293] 426.674100019438
[0.889772999553315] 426.695247387733
[0.906715599553536] 426.685756850808
[0.923003199553023] 426.679634308069
[0.939437699553309] 426.670292343047
[0.957068999553485] 426.673488828837
[0.973976499552919] 384.332891062457
[0.990103699553401] 384.335364095902
[1.00794939955358] 384.327212825839
[1.02387199955319] 384.173640597802
[1.03974389955329] 384.184716763767
[1.05631339955289] 384.179815010421
[1.0726086995528] 384.201145975083
[1.09003409955312] 384.214639744099
[1.10595129955345] 384.169514851071
[1.12363879955319] 384.160569089396
[1.13982449955347] 384.158982140453
[1.15550489955331] 384.164501474716
[1.17306499955339] 384.162344822629
[1.19078599955355] 384.150183283493
[1.20732929955284] 384.14888949014
[1.22400409955299] 384.154484356729
[1.24006909955278] 384.160502283031
[1.25652169955356] 384.156175234039
[1.27279669955351] 384.149760222547
[1.29005059955307] 384.14693197257
[1.30701749955279] 384.174729041262
[1.32384499955333] 384.162092148688
[1.34004819955317] 382.668799752279
[1.35633229955329] 382.660230799055
[1.37293799955296] 382.659101673443
[1.39032029955342] 382.632561745684
[1.40726459955295] 382.599940935152
[1.42305079955349] 382.608884437878
[1.43939379955282] 382.606084908086
[1.45585159955317] 382.602201039888
[1.47310819955328] 382.609110411034
[1.48975859955317] 382.610213690412
[1.50607909955306] 382.599297345497
[1.52321439955358] 382.583834463995
[1.53935649955292] 382.579762723024
[1.55658099955326] 382.59399508418
[1.57283719955285] 382.5951258369
[1.58989849955287] 382.593774502822
[1.60642119955355] 382.596221097753
[1.62294689955343] 382.693814329399
[1.63952039955348] 382.796510626266
[1.65707689955343] 383.078566382777
[1.67248429955362] 382.99375972273
[1.68956289955349] 383.523459553511
[1.70676289955281] 383.675436337054
[1.72273639955347] 383.545419482794
[1.74026269955357] 384.140075081022
[1.75692299955335] 383.778010025229
[1.7724949995536] 383.388642889691
[1.78936799955318] 383.448426683154
[1.80741809955362] 383.146396503338
[1.82381239955339] 382.658294573082
[1.84000669955276] 382.624682498582
[1.85647809955299] 382.624926380066
[1.87297859955288] 382.629745382512
[1.89082309955302] 382.686912269954
[1.90653819955332] 382.65016613518
[1.92255489955278] 382.622823378374
[1.94001339955321] 382.662127123075
[1.9565579995533] 382.657579039332
[1.97267949955312] 382.66454430353
[1.99003559955327] 382.631700648201
[2.00591239955338] 382.641497873573
[2.02321729955293] 382.621740784567
[2.03923949955333] 382.623639765074
[2.05624399955286] 382.619617823651
[2.07330059955348] 382.609908447599
[2.08922149955288] 382.620453402586
[2.10631139955331] 382.622719852042
[2.1235419995528] 382.608817903596
[2.13998619955328] 382.604893681951
[2.15654049955356] 382.666272297938
[2.1735438995529] 382.969137443031
[2.18983709955319] 383.192623807501
[2.20592339955328] 383.377019383484
[2.22309789955307] 383.756919223577
[2.24009189955359] 383.502454198827
[2.25612469955286] 382.905679864559
[2.27345109955331] 382.718225798457
[2.29053939955338] 382.610254534396
[2.3064479995528] 382.596942949166
[2.32283419955274] 382.589270527779
[2.33972229955361] 382.586902388964
[2.35593739955311] 382.593100845698
[2.37240659955296] 382.594715943724
[2.39024439955301] 382.581958465395
[2.40694899955361] 382.58327319107
[2.4227096995528] 382.591359307508
[2.43948159955289] 382.608672154515
[2.45707409955321] 382.610204632904
[2.47401229955358] 382.611040350486
[2.48962959955315] 382.61762762116
[2.50581909955326] 382.614083678761
[2.52333959955286] 382.616341500841
[2.54077039955337] 382.626341203812
[2.55755669955306] 382.636684836901
[2.57391189955342] 382.672382065701
[2.58965559955323] 382.710858200762
[2.6062455995534] 382.881480499483
[2.62459909955305] 383.124012579951
[2.64095229955274] 383.101932239195
[2.65705709955273] 383.162418353465
[2.67333469955338] 383.092212189115
[2.68959659955362] 382.873768122186
[2.70681469955343] 382.765793458089
[2.72287509955277] 382.711746433817
[2.74004839955342] 382.708524387874
[2.75630789955358] 382.701511448212
[2.77252169955318] 382.644141991998
[2.78976569955285] 382.621776802931
[2.8066877995534] 382.61134827609
[2.82251419955355] 382.61732882063
[2.83964019955329] 382.609219134515
[2.8570354995536] 382.601820196366
[2.87324539955353] 382.607972873483
[2.88949119955305] 382.602385540604
[2.90637579955273] 382.603622927684
[2.92388549955285] 382.600930288708
[2.93930319955325] 382.614163425106
[2.95685109955321] 382.612804974417
[2.97343789955357] 382.620496462504
[2.98943159955343] 382.627891447996
[3.00589379955272] 885.185017314055
[3.02365379955336] 885.19233023793
[3.04011229955358] 885.185102270881
[3.0570918995536] 885.171968325178
[3.07342639955277] 885.188898658927
[3.08960529955311] 885.173872358148
[3.10584039955302] 621.020886365357
[3.12343449955279] 613.705247142097
[3.13933859955341] 609.395560803595
[3.15634519955347] 605.668550560566
[3.17259259955335] 603.183529927255
[3.19002519955302] 600.831157837172
[3.2059037995532] 599.270441536702
[3.22338799955287] 597.675888700606
[3.23917699955291] 596.564822783954
[3.25700599955326] 595.404932789545
[3.27253319955344] 594.632223319065
[3.28979649955272] 593.805394758241
[3.30644089955331] 593.179220830569
[3.32304079955338] 592.571525372485
[3.3401689995535] 592.034619152066
[3.35629619955307] 591.589214171399
[3.3725520995531] 591.222410603551
[3.38993239955289] 590.779832511649
[3.40591769955336] 590.508360564993
[3.42300179955328] 590.193712875416
[3.43966789955357] 589.891479104872
[3.45680649955284] 589.653501269122
[3.47315879955295] 589.399628824589
[3.48965259955276] 589.212298782625
[3.50669349955297] 589.052693414072
[3.52318739955354] 588.83902227788
[3.53974139955335] 588.716045036682
[3.55605809955341] 588.532415866475
[3.57273869955316] 588.426689009861
[3.59032159955314] 588.326121615687
[3.60674669955279] 588.17494166249
[3.622579199553] 588.11405029594
[3.63924739955291] 587.97301450805
[3.6562960995534] 587.907452901664
[3.67292059955344] 587.725375801438
[3.68947949955327] 587.606206527551
[3.70681079955284] 587.508345327076
[3.72292999955334] 587.38029514864
[3.73933809955361] 587.364711630866
[3.75599739955305] 587.31101811261
[3.77332739955273] 587.28505290427
[3.78958459955356] 587.184865438071
[3.80663869955333] 587.152186614071
[3.82294859955346] 587.129907945697
[3.83952979955302] 587.11498591498
[3.85628959955284] 587.054932930496
[3.87339319955299] 587.030485373306
[3.89017179955317] 587.015309253118
[3.9070386995536] 586.987575274871
[3.92360739955348] 586.990841536812
[3.93952419955349] 586.984749885479
[3.95810039955359] 591.528198711584
[3.97330439955294] 591.498726658582
[3.9901580995529] 591.645037135523
[4.00655609955356] 591.7443746459
[4.02291709955352] 591.811904654931
[4.03992119955274] 591.942227634532
[4.05720459955319] 591.942502877963
[4.07276409955284] 591.558859606725
[4.0907003995535] 591.577598507418
[4.10747469955277] 591.503869038916
[4.1239045995535] 591.409778068266
[4.13977189955312] 591.420015690998
[4.15631549955287] 591.475033281522
[4.17247139955361] 591.436964684604
[4.19009189955341] 591.571845347133
[4.20734039955278] 591.488179134494
[4.22434619955311] 591.593902750258
[4.24061409955357] 596.001875680581
[4.25694399955319] 596.039023486364
[4.27262899955349] 596.0438662046
[4.28942809955333] 596.269855684427
[4.30709299955288] 596.405408560903
[4.32265259955329] 596.273804050323
[4.33924369955275] 596.299271616821
[4.35678659955283] 596.061874581409
[4.37333409955318] 595.820854245089
[4.3899953995533] 595.704716569203
[4.40658149955289] 595.695424366114
[4.42290849955316] 595.696642946302
[4.44017839955359] 595.714489865426
[4.45638929955294] 595.687296955318
[4.47252859955279] 595.702872682726
[4.49009159955312] 595.712128422979
[4.50638069955312] 595.695824238756
[4.52297389955311] 595.714392866551
[4.54029239955344] 595.739117562959
[4.55647039955329] 595.714193150659
[4.57296249955289] 595.732797693712
[4.59091409955272] 595.832651380115
[4.60762709955361] 595.81583120108
[4.62364899955355] 595.909570752488
[4.64059279955291] 596.023207943052
[4.65607189955335] 595.972697282001
[4.67245019955317] 596.124709186331
[4.68954349955311] 596.144022960778
[4.70591509955284] 596.096615769881
[4.7226386995535] 596.073610458462
[4.74164379955346] 596.101583264686
[4.75649639955282] 596.056805081381
[4.77377239955331] 596.094955542211
[4.79047579955295] 596.105764503461
[4.80716979955287] 591.165935757884
[4.82242199955363] 590.914889877191
[4.84006279955338] 590.91151749674
[4.85580769955322] 590.899025752007
[4.87320599955274] 590.894299051549
[4.89009569955306] 590.896520328111
[4.90637829955358] 590.893255191679
[4.92268779955339] 590.887201661027
[4.93941429955339] 590.879919092217
[4.95711589955317] 590.875663734418
[4.97265689955293] 590.905503116577
[4.99038909955289] 590.936709283051
[5.00693869955285] 590.956824403046
[5.02357909955299] 591.025321469293
[5.03991809955278] 591.136050446606
[5.05684899955304] 591.382372686286
[5.07421899955352] 591.516683223899
[5.09006089955346] 591.115325784069
[5.10722529955274] 591.089859295249
[5.12251689955337] 590.920530472926
[5.13972959955299] 590.89034849203
[5.1563874995536] 590.877608648833
[5.17343949955284] 590.867879781083
[5.19082239955333] 576.44596741389
[5.20687209955304] 561.122781387503
[5.22279319955305] 557.481281473476
[5.24012289955317] 557.466194265344
[5.25653919955312] 557.462061988321
[5.27375869955358] 557.401911036017
[5.2901812995533] 557.387192790177
[5.30631609955344] 557.36397684835
[5.32320869955311] 557.231722550716
[5.34029989955343] 552.715493910317
[5.3564352995536] 552.712621991268
[5.37256859955323] 548.207349436342
[5.3891523995535] 548.239471719827
[5.40708739955335] 548.452212120832
[5.42342479955278] 548.357733911695
[5.4395503995529] 548.362034412214
[5.45636209955319] 548.406313761547
[5.47254389955287] 548.355385192484
[5.48936499955289] 548.213267501382
[5.50612549955349] 548.102735116275
[5.52285289955307] 548.078562592095
[5.54018199955317] 548.072892410333
[5.55679599955329] 548.066296153015
[5.57375699955355] 548.083098860106
[5.58999179955299] 548.079667574844
[5.60640739955306] 548.056744207866
[5.62271439955293] 548.048539579588
[5.63966989955316] 548.037438113508
[5.65616319955279] 548.028697074856
[5.67335119955351] 548.014446524158
[5.69024819955303] 548.021561661187
[5.70618969955285] 548.028662707945
[5.7234687995533] 548.041765984946
[5.74055859955297] 548.010473386301
[5.7570112995536] 547.969284254937
[5.77302989955297] 547.953441121758
[5.78975809955318] 547.959723535655
[5.8060118995536] 547.953956890767
[5.82355449955321] 547.944210946595
[5.83972389955306] 547.931142814517
[5.85663319955347] 1049.54911483554
[5.87327539955277] 1049.5557028144
[5.89039529955335] 1049.53587181079
[5.90616679955292] 1049.5256199259
[5.92326209955354] 1049.50993364323
[5.94039609955325] 1049.53631983463
[5.95603729955292] 1046.61700140079
[5.97313959955318] 1046.60195404958
[5.98929299955307] 1046.59381936889
[6.00558249955338] 703.775027413946
[6.0228422995533] 690.161443793074
[6.04028869955346] 689.787727301116
[6.05650739955308] 689.458817815884
[6.0726856995534] 688.606364139036
[6.0896164995529] 688.301425910345
[6.10632059955333] 688.15096515369
[6.12294279955313] 658.932534458423
[6.13932129955356] 658.934151556505
[6.15675659955286] 658.009549993475
[6.17279669955315] 657.969011390336
[6.19011489955301] 657.890712614188
[6.20591559955301] 657.838685538471
[6.22258119955313] 657.785958698958
[6.23955789955289] 657.737237421726
[6.25595139955294] 657.708007416083
[6.27257779955289] 657.666191959937
[6.2903569995533] 657.62341765699
[6.30686729955323] 657.601382068318
[6.32325389955349] 657.584679841386
[6.33949619955274] 662.054904845241
[6.35586189955302] 662.038470304841
[6.37363439955334] 662.017606642443
[6.38957769955323] 662.006184526518
[6.40621219955301] 662.001251671687
[6.42309709955316] 661.970757023833
[6.4394817995535] 661.954768835668
[6.45660189955288] 661.922665496949
[6.47285189955346] 1163.37084032834
[6.49038249955356] 1163.25151495907
[6.50595649955358] 1163.18795831757
[6.52332629955345] 1163.15628403606
[6.54049679955278] 1163.12915493017
[6.55622029955339] 1163.17448105096
[6.57353169955331] 1163.22335909975
[6.58968659955281] 1163.28325155547
[6.60613909955282] 1163.27583448392
[6.62349229955362] 1163.25546367089
[6.64062429955356] 935.275570652951
[6.65728639955341] 933.702482030267
[6.67260249955325] 932.745885778131
[6.69049499955327] 931.675521882368
[6.70656429955307] 930.798545600206
[6.72251139955279] 930.049474156311
[6.73984839955301] 929.378951231048
[6.7573813995532] 928.470401808382
[6.77429149955333] 923.194598905445
[6.79039739955351] 922.489756789542
[6.80704489955315] 919.327370316849
[6.82311589955316] 918.927112825418
[6.83939089955311] 918.328485989174
[6.85644709955341] 917.860969596138
[6.87271979955312] 917.031352465801
[6.88960239955304] 916.362891683209
[6.90656849955303] 915.933313122646
[6.9223696995532] 915.661512097452
[6.93959829955293] 915.395221699586
[6.95595009955287] 915.078457576468
[6.97294139955284] 914.888121941485
[6.99063439955353] 914.652299189016
[7.00747399955344] 914.530533266814
[7.02368479955294] 914.516586677692
[7.03885659955358] 914.544854582101
[7.05714079955305] 914.868800355139
[7.07302809955308] 914.449360565768
[7.08970599955319] 914.303847615296
[7.10598309955276] 914.131039369288
[7.1231806995529] 914.096881417302
[7.13953069955278] 913.593874072589
[7.15749789955316] 913.434834891619
[7.1730279995536] 913.216984938989
[7.18964579955355] 913.098942136667
[7.2069564995536] 1414.65434125553
[7.22392099955323] 1414.07180544559
[7.23920029955298] 1412.21987579238
[7.25675819955359] 1412.02658284386
[7.27270629955274] 1411.88781699691
[7.28985709955305] 1411.75369774125
[7.30635529955362] 1411.58460975364
[7.3234596995535] 1411.42252800159
[7.33919769955355] 1411.34090819422
[7.35623629955353] 1135.95020456495
[7.37305759955325] 1631.1049977278
[7.38993709955321] 1623.6120562344
[7.40624799955276] 1620.13897321638
[7.42334689955351] 1564.10807982717
[7.44020369955342] 1562.18633288934
[7.45709639955294] 1561.74941010677
[7.47292589955305] 1561.36626463748
[7.49023739955283] 1560.98170126007
[7.50643139955355] 1560.70989428
[7.52275429955353] 1560.48644926627
[7.54017669955283] 1371.98207641184
[7.55685019955308] 1365.96192788184
[7.57301249955344] 1361.66510659558
[7.5896691995531] 1357.72979422102
[7.60708329955287] 1358.69724135711
[7.62293249955292] 1355.30584995468
[7.63996349955323] 1352.90311676253
[7.657360399553] 1350.14380829343
[7.67400829955295] 1347.21957679181
[7.68931519955277] 1345.24228473141
[7.70593919955354] 1343.48517957032
[7.72332519955307] 1341.44538192763
[7.74017499955335] 1344.62089576205
[7.75620499955312] 1343.33870326496
[7.77269939955295] 1341.81498260849
[7.78922229955333] 1340.49352187238
[7.80583239955286] 1339.33527708519
[7.82319229955283] 1338.06997351593
[7.83991019955283] 1337.04013889145
[7.85630679955284] 1270.68568470632
[7.87354979955307] 1269.63105609614
[7.88923959955355] 1268.94069070483
[7.90636409955277] 1268.12211949705
[7.92344229955324] 1267.46070401736
[7.94079799955307] 1267.3629406109
[7.95724129955306] 1267.5237009955
[7.97332529955293] 1266.64589707374
[7.98911669955305] 1266.49968265665
[8.00625079955353] 1265.8763771414
[8.02285789955295] 1263.90544559529
[8.0398399995529] 1263.0772954403
[8.05712579955343] 1262.19917210856
[8.07343479955307] 1261.09910582944
[8.09066369955326] 1260.46974806748
[8.10774609955297] 1259.77493362427
[8.12394129955283] 1760.91436423909
[8.14017119955315] 1760.53925769602
[8.15640069955316] 1760.09122721937
[8.17311359955329] 1759.60337104299
[8.18959799955337] 1759.24273881108
[8.20676709955296] 1758.82701675578
[8.22337579955274] 1466.52299374159
[8.23955059955279] 1458.51282379762
[8.25630139955319] 1447.77452721825
[8.27292799955285] 1443.79667818205
[8.28976949955359] 1937.73856497751
[8.306659199553] 1935.03518934102
[8.32343519955339] 1932.95394597203
[8.34006709955338] 1930.92022275897
[8.35701519955273] 1929.10726944272
[8.37307649955346] 1927.61957567376
[8.38985499955288] 1880.90570460379
[8.40687809955307] 1623.94125276244
[8.42301709955336] 1621.70174660233
[8.44073749955351] 1616.06144643662
[8.45692749955288] 1612.26281957541
[8.47257979955339] 1609.32519263509
[8.48988449955323] 1605.85811874574
[8.50568909955291] 1603.17512870578
[8.52321439955358] 1600.21768282214
[8.53945219955312] 1598.00400554964
[8.55577269955302] 1558.85621885353
[8.57260639955348] 1557.00481227219
[8.58996659955301] 1555.17675979627
[8.60622699955275] 1553.68085614204
[8.62251629955335] 1552.16480445346
[8.63996899955328] 1550.58579460029
[8.65618689955318] 1549.31451580967
[8.67289779955354] 1548.04863006587
[8.68998349955291] 1546.90300281519
[8.70581439955276] 1545.65064379256
[8.72348699955273] 1544.51986753151
[8.73968589955348] 1543.42003385339
[8.75733869955275] 1542.32244715069
[8.7725521995535] 1541.45959159795
[8.78973389955354] 1540.46064911937
[8.80680379955356] 1539.65141696077
[8.82286239955283] 1538.86239860457
[8.83979539955362] 1538.21199478334
[8.85700469955282] 1537.52636235192
[8.87267679955312] 1536.57040726508
[8.88936659955289] 1535.68525304493
[8.90737089955292] 1534.67236500993
[8.92278609955338] 1533.67971268125
[8.94041559955349] 1532.75958230579
[8.95665159955297] 1462.097671505
[8.97355699955278] 1460.64747451086
[8.9894623995533] 1460.15510585888
[9.00649209955282] 1459.63594690352
[9.0231676995536] 1459.16240084965
[9.04070379955283] 1458.7299322683
[9.05738069955351] 1458.37979915633
[9.07353029955357] 1458.0796097874
[9.09098889955294] 1458.12977738673
[9.1060182995534] 1457.66212747003
[9.12446929955331] 1457.99482714389
[9.1407710995536] 1456.57744288594
[9.15655019955284] 1456.08818875987
[9.17310759955308] 1455.83327604323
[9.19001249955272] 1455.62634547771
[9.20739159955338] 1455.43571631113
[9.22301379955297] 1454.92633062455
[9.23975669955325] 1454.65318963258
[9.25629909955296] 1454.37689562652
[9.27290999955312] 1454.1702679825
[9.28954869955305] 1409.61709226607
[9.30660949955291] 1409.36351030177
[9.32355739955347] 1409.14606308255
[9.3394046995536] 1408.95370537473
[9.35841079955298] 1408.80738569861
[9.37337989955358] 1910.28305230762
[9.39045529955274] 1910.14969516246
[9.40645969955312] 1910.01882932614
[9.42413669955295] 1909.86731411003
[9.44121979955344] 1909.72436339166
[9.45625129955351] 1909.61945445662
[9.47285929955342] 1909.52657531689
[9.48968499955299] 1909.39395571924
[9.50581619955301] 1909.86957332719
[9.52339209955335] 1723.38623556732
[9.53942669955359] 1721.25380170487
[9.5562933995534] 1719.84664912336
[9.57277239955329] 1718.55046427508
[9.58929229955356] 1717.21158308365
[9.60705589955342] 1715.84741263278
[9.62250879955354] 1714.71574416516
[9.64052449955307] 1713.51649817261
[9.65652989955288] 1712.36559660954
[9.67310009955327] 1711.33618760266
[9.68978689955293] 1710.30669502084
[9.70668799955274] 1709.14798108677
[9.72416529955353] 1708.12037218683
[9.74027989955357] 1707.33796049966
[9.75745219955297] 1706.38270520467
[9.77147659955335] 1705.53996606582
[9.79338809955334] 2206.85465076019
[9.80665679955291] 2206.13344894233
[9.82354399955329] 2013.19030881281
[9.84034569955293] 2012.37347131789
[9.85594629955358] 2011.68486781168
[9.87394749955274] 2010.96444284723
[9.89014009955281] 2010.24826439167
[9.90664009955344] 2009.51917974433
[9.91878449955311] 2009.04719054758
[9.93968519955342] 2008.21295684076
[9.95699329955278] 2510.23003824753
[9.97636549955314] 2509.56463316797
[9.9876750995536] 2509.04723021729
[10.0076269995534] 2322.51562591881
[10.0238274995536] 2321.37821436768
[10.0415992995531] 2320.04331427258
[10.0531446995528] 2257.51022459047
[10.0733742995535] 2255.96444881127
[10.0899347995528] 2255.11542912715
[10.1062059995529] 2254.33760641405
[10.1227232995534] 2756.20818678273
[10.1392271995528] 2755.43065662029
[10.1563956995533] 2754.64387883415
[10.172681899553] 2753.97760893106
[10.1899022995531] 2602.05709567124
[10.2068523995531] 2599.64153537578
[10.2235077995529] 2597.2756168564
[10.2392933995534] 2595.53099839478
[10.2568259995533] 2593.73344549784
[10.272652699553] 2592.4134963526
[10.2895421995536] 2591.08950923609
[10.3063479995535] 2589.89601186547
[10.3228810995533] 2588.88056878984
[10.3399101995528] 2573.87061545776
[10.3564366995533] 2573.04210418481
[10.3734270995528] 2572.20805290064
[10.3892481995535] 2571.58380084046
[10.4084688995536] 2570.72058447955
[10.4238156995534] 2570.09108075683
[10.4413007995536] 2569.43344430992
[10.4570150995532] 2568.96026378175
[10.4727400995534] 2568.47544948652
[10.4894053995531] 2567.97615606389
[10.5072026995531] 2567.4484360216
[10.5235685995531] 2567.05590039506
[10.5392409995529] 2566.7119495182
[10.5562969995535] 2566.35597881268
[10.573264699553] 2565.93538056673
[10.5893873995528] 2565.564834975
[10.6074760995534] 2565.13657001319
[10.6234374995529] 2560.31388797028
[10.6405332995528] 2555.46631340539
[10.6566041995529] 2555.20143241836
[10.6731466995534] 2554.90682928266
[10.6892178995531] 2554.71367088757
[10.7076717995533] 2554.44750394256
[10.723036499553] 2554.20261401309
[10.7397223995531] 2553.95235381355
[10.7568040995529] 2553.64066674406
[10.773288499553] 3056.43770141876
[10.7904364995529] 3056.19841403781
[10.8071688995533] 3055.9697493371
[10.8232133995534] 3055.74208049979
[10.8398769995529] 2755.07055701434
[10.8569549995527] 2754.86002367616
[10.8734202995529] 2754.68838148269
[10.8913167995534] 2754.45284435817
[10.9064430995531] 2754.31667683176
[10.9224221995528] 2754.16527471054
[10.9396447995532] 2753.95351610776
[10.9564920995535] 2753.77696913432
[10.9724842995529] 2753.6339281858
[10.9898773995528] 3256.50900040375
[11.0061750995528] 3256.35839671331
[11.0235069995533] 3256.21774631297
[11.040262599553] 3256.06987033695
[11.056973099553] 3255.9141111836
[11.0728766995535] 3069.48525616531
[11.0895325995534] 3065.51979589801
[11.1067243995531] 3061.54090079135
[11.123484699553] 3058.70808146658
[11.140281299553] 3056.37284173449
[11.1557442995536] 3054.76221199953
[11.1736397995528] 3555.97663106753
[11.1894717995528] 3554.8222507575
[11.206587699553] 3553.56737529741
[11.2234756995531] 3552.51929702971
[11.2406991995531] 3551.56664214504
[11.2566372995534] 3550.85168693671
[11.274312599553] 3389.16053992143
[11.2890423995532] 3388.64442828016
[11.3059905995533] 3388.01383075609
[11.3225379995529] 3387.50915685677
[11.3397000995528] 3890.03274333033
[11.3574660995528] 3889.48839346391
[11.373246999553] 3889.09092814085
[11.3899799995534] 3888.69269425737
[11.4073852995534] 3885.31505768065
[11.4233492995536] 3884.98468342592
[11.4400303995535] 3884.64814203893
[11.4570848995536] 3884.28893560582
[11.4736039995532] 3759.60384006313
[11.4903082995534] 3763.5290226256
[11.5076122995533] 3758.11329576841
[11.5244662995528] 4242.9407706475
[11.5404767995533] 4240.325767097
[11.5562226995535] 4238.25908953721
[11.5730350995527] 4236.20360082776
[11.589331999553] 4234.68588582578
[11.606409899553] 4233.20990347334
[11.6226979995536] 4231.99928389738
[11.639610399553] 4230.87442934939
[11.6561981995528] 4229.9352878109
[11.6733153995528] 4229.05417668717
[11.6893822995535] 4228.34644633386
[11.7058205995536] 4227.63845637762
[11.7234629995528] 4226.89635863897
[11.7396288995533] 4096.98325928574
[11.7568289995534] 4095.9603375404
[11.7728367995533] 4095.08498133531
[11.7901272995532] 4094.1310799339
[11.8067774995534] 4093.34444278074
[11.8232812995529] 4092.59491647696
[11.8393257995531] 4091.92708853524
[11.8562176995529] 4091.24288758584
[11.8728158995527] 4090.61903946422
[11.8894470995529] 4089.39162003835
[11.9076504995528] 4088.71517963916
[11.9230887995536] 4088.25720305497
[11.9403408995531] 4087.71015165901
[11.9566774995528] 4087.21158640764
[11.9735275995536] 4086.73538373934
[11.9905925995536] 4086.24773113209
[12.0068585995532] 4085.81497691167
[12.0237182995534] 4085.35241931282
[12.0395251995533] 4084.98885433514
[12.0564003995532] 4084.57745153
[12.0726569995531] 4084.23272432321
[12.0895497995534] 4083.85793140484
[12.1062013995534] 4083.51849321424
[12.1229261995531] 4083.06125608006
[12.1392088995535] 4082.75624619999
[12.1558576995531] 4585.48563714108
[12.1734558995531] 4585.15900603989
[12.1894422995529] 4584.90146371879
[12.205903899553] 4584.63758584534
[12.2230652995531] 4584.6801121605
[12.2397856995531] 4584.35789400991
[12.2561286995533] 4584.05569664694
[12.2736307995528] 4583.71378472536
[12.2898732995536] 4583.44048775399
[12.3064633995527] 4583.16680978931
[12.3229851995529] 5085.93222275517
[12.3399514995535] 5085.66555782431
[12.356102699553] 5085.42563908041
[12.3730662995531] 5085.162940984
[12.3904572995534] 5084.92054714473
[12.406755299553] 5084.69839882749
[12.4235226995534] 5084.46326806637
[12.4393793995532] 5071.09821136656
[12.4569454995535] 5070.89153481122
[12.4729417995532] 5070.70441997795
[12.4894284995535] 5070.49986053296
[12.5061215995529] 5070.28939656482
[12.5225160995533] 5030.30343036228
[12.539590499553] 5030.02231730403
[12.5564424995528] 5029.81372226114
[12.573591499553] 5029.61762695089
[12.5893005995531] 5029.45015412626
[12.6066134995535] 5029.24907015571
[12.6225984995535] 4987.6701284548
[12.6402514995534] 4985.83769443186
[12.6563724995531] 4985.5490399455
[12.6734703995535] 4985.34624010395
[12.6893112995531] 4985.18570938151
[12.707625299553] 4984.98851021272
[12.7233939995531] 4984.84016797121
[12.7401331995534] 4984.67935154948
[12.7561702995536] 4984.55532412765
[12.7734472995535] 4984.39846265371
[12.7896966995531] 4984.23012145453
[12.8076492995533] 4984.06739030413
[12.8242614995534] 4983.94418942251
[12.8400060995527] 4983.82657486777
[12.8566067995534] 4983.686405364
[12.8731913995534] 4983.56168025149
[12.8895050995534] 4983.44052325184
[12.905962199553] 4983.31662191213
[12.9230512995528] 4983.18967164653
[12.9395630995532] 4983.05827374862
[12.9568101995528] 4982.92722141272
[12.9729073995532] 4982.81959126222
[12.9899803995531] 4982.69894118224
[13.0067891995532] 4982.59178935379
[13.0227047995531] 4982.48993016369
[13.0399383995527] 4992.93588377084
[13.0559233995527] 4991.50571509972
[13.0735910995536] 4989.95656927934
[13.0904505995532] 4988.75289999337
[13.1060333995529] 4987.83642436876
[13.1230938995532] 4986.90539385371
[13.1403213995536] 4986.9486861283
[13.156511399553] 4986.20014502246
[13.173567199553] 4985.42979317776
[13.1900334995535] 4984.8030366473
[13.2064642995529] 4984.22985962002
[13.2234676995531] 4983.62465334027
[13.2396852995535] 4983.08776876015
[13.2565381995528] 4982.59577018822
[13.2730852995528] 4982.10253385393
[13.2898823995529] 4981.64999549412
[13.306861299553] 4981.22091668967
[13.3226481995534] 4980.86563757425
[13.3391117995534] 4980.49602367054
[13.357352299553] 4980.08179719162
[13.3736584995531] 4979.62277984896
[13.390276999553] 4979.32933901366
[13.4074235995531] 4979.00871653573
[13.4234926995532] 4978.76399873734
[13.4399549995533] 4978.48437712984
[13.4563913995535] 4978.23795177778
[13.4736087995534] 4976.61075617098
[13.4893405995535] 4974.97673845956
[13.5061222995528] 4977.08656919878
[13.5227587995532] 4976.79555930837
[13.5396814995529] 4976.53261708133
[13.556419599553] 4976.34980795523
[13.5736727995536] 4976.0787940573
[13.5902115995532] 4975.76646110258
[13.6059746995534] 4975.38260160834
[13.6228765995529] 4975.16335703816
[13.6397321995528] 4974.79535748263
[13.6567663995529] 4974.45987294312
[13.6728738995535] 4974.25045542432
[13.6901790995535] 4974.07360685139
[13.7064552995535] 4973.84398253736
[13.7242419995528] 4973.62595890957
[13.7401854995533] 4973.2766199262
[13.7566573995528] 4973.01063939044
[13.774359899553] 4972.7599610679
[13.7898953995527] 4972.59912522719
[13.8058389995531] 4972.46706109487
[13.8229164995528] 4972.25439579974
[13.839198699553] 4972.06912150133
[13.8567216995534] 4971.86534937405
[13.8726222995529] 4971.69717579514
[13.8898741995536] 4976.00365783769
[13.9060324995535] 4975.85992139246
[13.9224971995536] 4975.71096631203
[13.9400142995528] 4975.5346491861
[13.9559105995531] 4974.80163446055
[13.9731951995527] 4974.64190436925
[13.9900424995531] 4974.4846166365
[14.0058680995535] 4974.35629945709
[14.0232381995529] 4974.20755446733
[14.0394143995536] 4974.08367967493
[14.0558063995531] 4973.94956589223
[14.0728006995532] 4973.83690881993
[14.090262099553] 4973.9872328742
[14.1065890995533] 4973.78356390231
[14.1233189995528] 4973.69194567519
[14.1396695995536] 4973.82689926241
[14.1567276995529] 4974.29361424829
[14.1728134995528] 4974.1724187412
[14.1896444995527] 4974.24886043736
[14.2065377995532] 4973.87891414729
[14.2225860995532] 4973.4129034186
[14.2392136995531] 4973.20604364964
[14.257406099553] 4973.04150985095
[14.2726654995531] 4972.50298893017
[14.2899398995532] 4972.34944038055
[14.3073841995529] 4972.11846771555
[14.3228912995528] 4971.93504708988
[14.3400237995529] 4971.81458522805
[14.3558344995536] 4971.73804611617
[14.3725032995535] 4963.15389198369
[14.3899664995533] 4963.06160922751
[14.4068334995536] 4962.96899787644
[14.4229729995532] 4962.88264032606
[14.4396751995528] 4962.78525664831
[14.4563061995532] 4962.63373799361
[14.4731929995532] 4962.54979277096
[14.4893294995536] 4962.47001993983
[14.5063290995531] 4962.39062154477
[14.5224219995534] 4962.3129979939
[14.5397082995532] 4962.21081844915
[14.5568425995534] 4962.12997482849
[14.5727069995528] 4962.50320319879
[14.5895814995529] 4964.1667999617
[14.6068698995532] 4967.08770066352
[14.6234912995533] 4966.14205814493
[14.6396416995531] 4965.25624515637
[14.6574571995534] 4965.80840633533
[14.6734110995531] 4963.97677667144
[14.6900482995534] 4963.98880826986
[14.7071600995532] 4963.51710791096
[14.7236148995535] 4962.12374958003
[14.7393405995535] 4961.4602471529
[14.7564338995535] 4961.24856126343
[14.7735278995533] 4961.1780505282
[14.7894466995531] 4961.11001553339
[14.8059683995534] 4961.04702887147
[14.8225637995529] 4960.983280043
[14.8397813995534] 4960.92589656053
[14.8566910995532] 4960.86144133737
[14.873188599553] 4960.7997261457
[14.8898692995535] 4960.73541505808
[14.9068001995529] 4960.68280037098
[14.9232237995529] 4960.61607284067
[14.9396196995531] 4960.54306471628
[14.9573870995528] 4960.4572095444
[14.9728368995529] 4960.4940225014
[14.9899854995529] 4960.91272229565
[15.0066379995533] 4962.04950435805
[15.0243812995532] 4963.93109802934
[15.0405570995536] 4963.36882880839
[15.0581908995528] 4964.08108472804
[15.0737545995535] 4962.19092616815
[15.0893940995529] 4962.15179409356
[15.1073290995528] 4962.63774382198
[15.1227958995532] 4960.85974226476
[15.1403880995531] 4961.38899948865
[15.1563465995532] 4960.2953580661
[15.1736099995533] 4959.88224772993
[15.1900647995535] 4959.69072603341
[15.2058964995531] 4957.83784372123
[15.2226665995531] 4957.81040762654
[15.2402294995536] 4957.74522370461
[15.2558518995529] 4957.68209927428
[15.272734399553] 4957.62854626726
[15.289962799553] 4957.57879424273
[15.3068345995534] 4957.5304977531
[15.3238202995535] 4957.469265896
[15.3393076995535] 4957.43298256452
[15.3577803995531] 4957.38081147559
[15.3726964995531] 4957.34838991133
[15.390111099553] 4957.29045606296
[15.4060912995528] 4957.27367879595
[15.4226837995529] 4957.20283979483
[15.4394873995534] 4957.14788367046
[15.4559258995532] 4957.10921641781
[15.4731989995535] 4957.0605997638
[15.4903352995534] 4957.01664259484
[15.505900999553] 4957.00939289423
[15.5231185995535] 4956.96637975981
[15.5399648995535] 4960.90417350945
[15.555813899553] 4960.64547567815
[15.5728146995534] 4960.37900025658
[15.5908225995536] 4964.13488385261
[15.606761299553] 4963.85780162784
[15.6227070995528] 4963.61614333586
[15.6398753995536] 4963.37702447881
[15.6564078995534] 4963.16785141987
[15.6729576995531] 4962.9452947311
[15.689877799553] 4962.77052506129
[15.7060013995533] 4962.58775162538
[15.722611999553] 4962.4113177932
[15.7398042995528] 4962.21752915164
[15.7562610995528] 4962.08161425171
[15.7733794995529] 4961.84081335601
[15.7903658995529] 4961.66781239229
[15.8075477995535] 4961.49112527755
[15.8230403995531] 4961.40659674058
[15.8402495995533] 4961.24038428844
[15.856653799553] 4961.10659714462
[15.8727531995528] 4960.97417573242
[15.8901088995535] 4960.83337626608
[15.9062584995536] 4960.73008349553
[15.9235815995535] 4960.60448397475
[15.9393106995531] 4960.50153730922
[15.9558868995528] 4960.38322232905
[15.9731319995535] 4960.26678760097
[15.9900832995536] 4960.17615568062
[16.0062853995532] 4960.11011047531
[16.0230571995535] 4960.00336903398
[16.0397598995532] 4958.344116377
[16.0561445995536] 4958.25574564397
[16.0734967995531] 4958.15907988041
[16.0894616995529] 4958.12955964397
[16.1070611995528] 4958.02863760057
[16.1237437995533] 4957.73421722609
[16.1395003995531] 4957.65417163902
[16.1560471995535] 4957.57277290513
[16.173409299553] 4957.49001274523
[16.1898704995529] 4957.41056383714
[16.2067001995529] 4957.30373564478
[16.2234851995536] 4957.2187006198
[16.2393382995533] 4957.1528768989
[16.2564934995535] 4957.06847558561
[16.2729904995531] 4956.99106637073
[16.2915230995532] 4956.91080163129
[16.3058745995531] 4956.85829441755
[16.3242755995534] 4956.7768634334
[16.3396073995527] 4956.70742521947
[16.356282099553] 4956.63860338207
[16.3731633995531] 4955.78898351247
[16.3899893995531] 4955.71806282858
[16.406800099553] 4955.64221025994
[16.4226472995533] 4955.62849206107
[16.4399288995528] 4955.53844572431
[16.4564576995535] 4955.47255844211
[16.4731182995529] 4955.38816469447
[16.4902760995528] 4957.76253318723
[16.5082187995531] 4957.50818286106
[16.522571599553] 4957.37471819062
[16.5400646995531] 4956.50918886414
[16.5564832995533] 4956.37243385813
[16.5727775995529] 4959.91933109717
[16.5900989995534] 4959.42539559546
[16.6058938995529] 4959.0459708733
[16.6235677995528] 4958.5993529814
[16.6392152995531] 4958.26050522467
[16.6561278995532] 4957.89621832393
[16.672852699553] 4957.55480315766
[16.6899345995535] 4957.22367607473
[16.7060928995534] 4956.9231652392
[16.7232773995529] 4956.59433967716
[16.7400763995529] 4956.31521317482
[16.7566244995533] 4956.05854271972
[16.7727721995534] 4673.75702036194
[16.7895371995528] 4580.04768133171
[16.8061428995534] 4551.12368270311
[16.8238938995528] 4540.5277691032
[16.8403126995536] 4535.3462265577
[16.8563068995536] 4532.55212138415
[16.8742122995536] 4530.89153936515
[16.8895903995535] 4529.68000366338
[16.906336299553] 4528.83603728906
[16.9233058995533] 4528.1783785652
[16.9393020995531] 4527.71085936888
[16.9561844995533] 4527.38609327548
[16.9730435995534] 4527.1953639215
[16.9909459995533] 4527.0381032644
[17.0060419995534] 4526.90612094616
[17.0240543995533] 4526.71944229995
[17.0395857995536] 4526.58112993642
[17.0565927995531] 4524.3099156279
[17.0725481995532] 4524.09834639312
[17.0893462995527] 4523.86493866254
[17.1064873995529] 4523.62522676616
[17.1236841995533] 4523.3855469425
[17.1401404995531] 4523.17481025229
[17.1567461995528] 4522.94972421281
[17.1725627995529] 4522.75453976464
[17.1897498995531] 4522.52900352615
[17.2068735995535] 4522.31115556306
[17.2234261995536] 4522.09042516834
[17.2395236995535] 4521.90424034288
[17.2562511995529] 4521.67505717573
[17.2731308995535] 4521.47307310583
[17.289701699553] 4521.25267345323
[17.3065009995535] 4521.03170390184
[17.3226248995534] 4520.85517918297
[17.3397033995534] 4520.61888850986
[17.3563131995534] 4520.37025697045
[17.3735156995535] 4520.14278284124
[17.3889598995529] 4519.91438394461
[17.4060148995532] 4519.69198255582
[17.4238915995529] 4519.42664690814
[17.4402546995534] 4519.16304398297
[17.456464199553] 4518.92423391169
[17.4731674995528] 4518.6734480268
[17.4900236995536] 4520.97687992121
[17.5062640995529] 4520.62086109139
[17.523271899553] 4520.22384566856
[17.5392462995533] 4519.80700963371
[17.5561124995529] 4519.43198666152
[17.5736561995536] 4519.00828809923
[17.5894706995532] 4518.56735010764
[17.6065729995535] 4518.15019974937
[17.6227391995535] 4517.77363854307
[17.639917599553] 4517.25997821178
[17.6559064995536] 4516.86271832345
[17.6727492995533] 4516.43657105531
[17.6899433995532] 4515.89808767174
[17.7061891995536] 4515.40044570496
[17.7231984995533] 4514.87703923545
[17.7399924995534] 4514.35433207249
[17.756095099553] 4513.81260850358
[17.7732741995533] 4513.23042575856
[17.790197499553] 4512.61299411387
[17.8062640995531] 4512.02642120642
[17.823582899553] 4388.52925388088
[17.8394954995529] 4388.18865076725
[17.8564451995535] 4388.05138827066
[17.8732572995532] 4327.00708490405
[17.8891430995536] 4325.69562740015
[17.9067038995536] 4325.52672952582
[17.9229594995531] 4314.00637965519
[17.9400733995535] 4313.20584637429
[17.9562205995535] 4313.01730540188
[17.9729638995532] 4312.91046400237
[17.990138999553] 4312.79077386612
[18.0077974995529] 4312.68603468183
[18.0236088995534] 4312.60494158436
[18.0401148995534] 4311.56202216551
[18.0578905995535] 4311.44439380595
[18.074237799553] 4311.35730070262
[18.0895632995534] 4311.2915658625
[18.1067991995533] 4311.18691327103
[18.1225059995531] 4311.10597164864
[18.139394799553] 4311.02619585706
[18.1565041995527] 4310.96718182344
[18.1737040995531] 4310.88400059202
[18.1905269995532] 4310.80238825039
[18.2058511995529] 4310.2538556517
[18.2237008995535] 4309.54579504173
[18.2400553995531] 4309.40570074401
[18.2576073995533] 4309.31858393639
[18.2738580995529] 4309.21863211445
[18.2898469995534] 4309.14251209684
[18.3057185995531] 4309.07752108097
[18.3237311995535] 4308.9794356097
[18.3400650995536] 4308.93486580538
[18.3561761995534] 4308.8839708651
[18.3744378995534] 4308.84258489056
[18.3895069995533] 4308.7481751433
[18.4067403995532] 4308.77331861054
[18.4232951995527] 4308.68301293576
[18.4410381995531] 4308.66420693795
[18.4568821995535] 4308.56285766236
[18.4735996995532] 4308.49078757303
[18.4903616995534] 4308.38896928971
[18.5065511995535] 4308.25679162532
[18.5229490995534] 4308.18590024123
[18.5395288995533] 4308.13176450755
[18.5566243995536] 4307.00359036163
[18.5732600995534] 4306.92781570106
[18.5893547995529] 4306.85153058168
[18.6060704995534] 4306.77244400461
[18.6225009995533] 4306.69132504209
[18.6395221995535] 4306.6060298646
[18.6564685995536] 4306.54019332316
[18.6735186995529] 4306.4830040968
[18.6901917995528] 4306.41345348534
[18.7058435995532] 4306.34478312526
[18.7228661995532] 4306.25480203047
[18.7411160995534] 4306.18614240913
[18.7562407995529] 4306.11724131625
[18.7727588995531] 4306.04864185673
[18.7901127995528] 4305.9759585006
[18.8067483995528] 4305.90114983059
[18.8225941995534] 4305.85109435092
[18.8394143995529] 4305.78874560669
[18.8573832995535] 4305.71530071706
[18.873949199553] 4305.66030787197
[18.889309999553] 4305.60897023005
[18.9061067995535] 4305.57001443819
[18.9226013995531] 4305.4931718854
[18.9391942995535] 4305.42678330343
[18.9563407995529] 4305.36689842975
[18.9730257995534] 4305.29658745554
[18.9901147995533] 4305.2468807359
[19.0066024995531] 4305.19712154744
[19.023512099553] 4305.14700288881
[19.0394854995529] 4307.20834078487
[19.0569425995536] 4307.03812157921
[19.073080399553] 4306.89440823008
[19.0902131995535] 4306.75366256112
[19.1063369995536] 4306.62174395515
[19.1225704995531] 4306.47652434603
[19.140474199553] 4306.33918567242
[19.156597999553] 4306.21597348711
[19.1732535995534] 4306.08688534758
[19.1900094995535] 4305.98940989249
[19.2066900995533] 4305.91516185982
[19.2225344995531] 4305.81584209562
[19.2394497995529] 4305.79805958885
[19.2563035995536] 4305.78096445901
[19.2733967995528] 4301.23723744037
[19.2894231995533] 4301.1225112588
[19.3073362995528] 4301.19548371915
[19.324237799553] 4300.96664819384
[19.339667399553] 4300.61195552262
[19.3557949995529] 4300.44317903944
[19.372536199553] 4300.29826762819
[19.3900131995533] 4300.19486797253
[19.4065085995535] 4300.13621558674
[19.4232112995533] 4300.07375151121
[19.4394691995531] 4299.99140232719
[19.4566125995534] 4304.43082298679
[19.4736257995528] 4304.37722469957
[19.4903309995534] 4304.33501154744
[19.5061428995532] 4304.27778336772
[19.5228421995535] 4304.23270075597
[19.5407905995535] 4304.22396873231
[19.5567940995534] 4304.08233519848
[19.5736058995535] 4304.03612670871
[19.5902820995534] 4303.97021043743
[19.6069868995528] 4303.81915404381
[19.6229579995534] 4303.74717227954
[19.6393037995531] 4303.66462906442
[19.6570825995532] 4303.55878313807
[19.6725963995532] 4303.49417017242
[19.6898315995531] 4303.49800460991
[19.707565699553] 4303.45953296856
[19.7243478995533] 4804.05919817976
[19.7417600995532] 4437.83413922782
[19.7564678995532] 4430.67342895034
[19.7726500995532] 4429.54180993507
[19.7904457995528] 4427.87909138568
[19.8067289995533] 4426.62892670264
[19.8238415995529] 4425.19719267518
[19.8394252995531] 4423.6942361306
[19.8559692995532] 4422.64918516099
[19.8731233995532] 4421.21893751414
[19.891293099553] 4920.65772992984
[19.9074812995532] 4919.41959063183
[19.9235034995536] 4916.346282596
[19.9413036995529] 4559.6182229114
[19.9562621995528] 4558.85483593975
[19.9732176995531] 4555.08551722492
[19.9904065995534] 4552.51118243952
[20.0077503995535] 4550.04786204746
[20.0232766995532] 4547.41546766593
[20.0407874995535] 4544.83496155438
[20.0564756995527] 4542.20211300323
[20.0732332995531] 5040.85099822511
[20.090325999553] 5038.23628631086
[20.1063270995528] 5041.77548454185
[20.1241922995532] 5037.54597839805
[20.1402177995533] 5034.09116902664
[20.1566732995534] 4692.92946445607
[20.173100299553] 4688.5404708159
[20.1895019995536] 4685.48659170638
[20.2078164995528] 4681.25700992607
[20.2235265995532] 4678.10719076036
[20.2397038995532] 4673.98029321589
[20.2557987995533] 4671.08228984773
[20.2741696995536] 4667.670770248
[20.2903542995527] 4664.33326027976
[20.3072380995536] 4661.13029566141
[20.3224693995535] 4653.63834321404
[20.3401475995533] 4650.01184411995
[20.3562492995534] 4646.68232388344
[20.3724940995535] 4643.53774770196
[20.3906697995535] 4640.44335712885
[20.4074222995532] 4637.26212464976
[20.4228464995531] 4634.09062097394
[20.4408373995529] 4635.63904704579
[20.4559309995529] 4632.76864440165
[20.4741329995531] 4629.37151916353
[20.4900782995528] 4626.6447869281
[20.5060062995535] 4624.16092000003
[20.5227400995527] 4620.84298768576
[20.5399863995535] 4618.26989062064
[20.5567284995532] 4615.45725564315
[20.5732300995533] 4612.59743515466
[20.590416899553] 4609.96367695851
[20.6060155995528] 4607.30421533999
[20.6230243995533] 4604.94690418285
[20.6407000995532] 4602.01212200537
[20.6570394995533] 4599.45337481918
[20.6726248995528] 4597.55371656913
[20.6907473995534] 4594.70663860943
[20.706713599553] 4592.22668884294
[20.7240952995535] 4589.56627586636
[20.7397631995527] 4587.63846213575
[20.7563263995535] 4587.27624665779
[20.7725859995535] 4584.69885256831
[20.790212799553] 4582.20869025327
[20.8071671995531] 4579.75386654173
[20.8232401995529] 4577.53012613702
[20.8392331995528] 4571.02500364925
[20.8563537995533] 4568.44338438887
[20.8734942995534] 4566.18877476268
[20.8904433995531] 4564.11569255881
[20.9058317995532] 4561.48078090292
[20.9243403995533] 4559.44940698605
[20.9401046995536] 4557.45811842222
[20.9569389995531] 4555.62554271525
[20.972816599553] 4553.43570498945
[20.9904671995528] 4551.49038350449
[21.0075311995533] 4549.44022006395
[21.0231255995532] 4547.69805988699
[21.0403717995532] 4545.34464156676
[21.056551099553] 4543.67071140819
[21.0736113995536] 4542.00111445977
[21.089640999553] 4540.20188302325
[21.1064536995527] 4538.56569719556
[21.1245052995528] 4536.84758412479
[21.1397376995528] 4535.20369677251
[21.1574455995533] 4533.30799016683
[21.1732614995535] 4531.73558810731
[21.1897508995535] 4534.78399344898
[21.2064717995536] 4533.20124756055
[21.2229540995531] 4531.74391267323
[21.2393245995536] 4530.17831858879
[21.2566976995531] 4528.70754813632
[21.2727535995527] 4527.40566138736
[21.2905332995533] 4525.78640386685
[21.3080451995529] 4524.49875328296
[21.3238090995528] 4523.20025441134
[21.339650199553] 4522.01788370407
[21.3567713995535] 4520.70584497839
[21.3734057995534] 4519.53391344763
[21.3894448995534] 4518.40430649339
[21.4067098995529] 4517.04413203661
[21.4225569995533] 4516.02123217416
[21.4406647995529] 4514.83494507349
[21.4561475995533] 4514.84185617772
[21.4733207995532] 4513.75894028035
[21.4894074995527] 4512.7207687945
[21.5061419995536] 4511.76295808479
[21.5236033995534] 4510.65567934403
[21.5403466995531] 4509.45202361918
[21.5574747995533] 4508.66307450776
[21.5737627995532] 4507.69556082513
[21.5902375995529] 4506.84243558617
[21.6066562995529] 4505.99852864135
[21.6235577995531] 4505.16418043091
[21.6404270995536] 4504.37259787232
[21.6575206995531] 4503.62099219729
[21.6733366995531] 4502.97064193632
[21.6893520995536] 4502.32554062485
[21.7064307995533] 4501.64436754742
[21.7225971995531] 4501.10531277025
[21.7400163995535] 4500.43636286283
[21.7563583995534] 4499.89601621802
[21.7738543995529] 4499.24039290193
[21.7896321995531] 4498.70208243341
[21.8073001995535] 4498.19889220385
[21.8234777995531] 4497.80399583051
[21.839660699553] 4497.37628055789
[21.8561772995536] 4497.00263204539
[21.8736785995534] 4496.58636928487
[21.8906913995534] 4496.20412553239
[21.9058424995528] 4495.91372151691
[21.9238707995528] 4495.62766567864
[21.9407724995535] 4996.41207665916
[21.956725299553] 4996.23656196539
[21.9732583995528] 4996.02306561916
[21.9893088995532] 4999.20691346379
[22.0063423995534] 4998.86293865236
[22.0232473995529] 4998.56380005942
[22.0393623995533] 4998.32871409009
[22.0570563995534] 4998.05181551707
[22.0734008995532] 4661.76459206021
[22.0897314995527] 4637.75430697306
[22.1058681995528] 4636.12091992657
[22.1237249995529] 4635.32631951492
[22.1392366995533] 4634.78047881171
[22.1560762995532] 4634.1773959169
[22.1730058995536] 4633.51761486575
[22.1901579995529] 4632.95662783836
[22.2066857995533] 4632.48228453319
[22.2233365995535] 4632.06783476874
[22.240132199553] 4631.56922779126
[22.256270799553] 4631.07820241617
[22.2734006995533] 4632.57999831742
[22.2894188995533] 4631.76914114498
[22.3058735995528] 4631.14662683758
[22.3231375995529] 4630.33027686121
[22.3394178995532] 4630.23205328382
[22.3569069995528] 4629.49213243756
[22.3725818995536] 4628.77610617744
[22.389259599553] 4628.04670110707
[22.4070760995528] 4627.15448271212
[22.4234745995527] 4626.38608079822
[22.4400205995535] 4625.50026970136
[22.4557458995532] 4623.21905308476
[22.4729690995528] 4622.09218027418
[22.4894339995535] 4619.51852839514
[22.5058680995535] 4618.63096842306
[22.5228050995529] 4615.62676008927
[22.5397497995527] 4614.46479614055
[22.5565208995531] 4613.27935401245
[22.5729172995534] 4609.83813159141
[22.5896549995532] 4609.45622598093
[22.606054199553] 4609.08450961307
[22.6228892995532] 4608.74577251159
[22.6402168995528] 4608.43373383617
[22.6560348995536] 4606.88464730362
[22.6736034995529] 4582.79989051494
[22.6900266995535] 4581.50796709435
[22.706886899553] 4579.62613590044
[22.7227048995528] 4575.03733917263
[22.740687599553] 4573.28993987334
[22.7573897995535] 4571.75960649048
[22.772933399553] 4574.70353078058
[22.7905086995534] 4572.94824916551
[22.8067469995531] 4567.78643340518
[22.823843399553] 4566.21309865929
[22.8394851995536] 4565.56531631382
[22.8572160995536] 4564.77427371268
[22.8725105995536] 4564.22672572736
[22.8897699995532] 5064.74286523872
[22.906684599553] 5064.13740901563
[22.9238419995536] 5063.54174822766
[22.9401356995531] 5058.40985677424
[22.9567112995528] 5057.92403600004
[22.9736720995534] 5057.41839544528
[22.9897615995533] 5050.05366847309
[23.0059505995532] 4700.68515014147
[23.0229722995527] 4699.95747637085
[23.0393198995534] 4701.80237012282
[23.0570727995528] 4700.85839398105
[23.0733452995528] 4697.98653608055
[23.0897731995528] 4697.28650223061
[23.1064202995531] 4696.59375990049
[23.1233672995531] 5197.18949250274
[23.1401703995534] 5195.66186116686
[23.1562311995531] 5195.01370237674
[23.1729969995531] 5189.55537265503
[23.1892891995531] 5188.93206831941
[23.2066304995533] 5151.7876439029
[23.2233267995534] 5148.00330666099
[23.2394899995534] 5147.46520108927
[23.2558080995532] 5141.91588631293
[23.273357899553] 5137.97382425618
[23.2895200995536] 5137.27150160526
[23.3060641995535] 5136.69199181418
[23.323540499553] 5136.19798588354
[23.3399002995529] 5134.20079503782
[23.3563155995535] 5133.06957162822
[23.3725471995531] 5132.45467162481
[23.389994399553] 5135.63235390602
[23.4068307995531] 5133.62586940084
[23.4225472995531] 5131.83097975728
[23.4396222995529] 5130.62570841881
[23.4568601995534] 5129.48141488324
[23.4726278995531] 5128.2976709571
[23.4893272995532] 5127.40820775898
[23.5071984995529] 5125.38463033196
[23.5230186995532] 5124.70518247473
[23.5394152995532] 5124.05295805284
[23.5569491995529] 5123.36519689995
[23.5733742995535] 5122.78270094301
[23.5909752995531] 5122.11123457183
[23.606325099553] 5120.54717703437
[23.6239634995536] 5122.56116136682
[23.6398668995535] 5121.91093618525
[23.6562055995528] 5120.98058114896
[23.672887699553] 5120.21258760766
[23.6897735995535] 5591.41485940297
[23.7059606995535] 5573.22230344968
[23.7232994995529] 5571.88592210352
[23.7395376995528] 5571.39278226423
[23.7568461995534] 5570.81725526777
[23.7726926995529] 5570.39151679835
[23.7894850995535] 5385.61571321953
[23.8061274995534] 5384.21270822034
[23.8229431995533] 5383.47596858151
[23.839554399553] 5382.80959124005
[23.8562076995531] 5383.2727619958
[23.8731517995529] 5883.71298565615
[23.8894246995533] 5883.10142127387
[23.9064464995536] 5886.76589576698
[23.9233211995534] 5884.17351963335
[23.9394849995533] 5883.25707805364
[23.9568312995534] 5882.36916919732
[23.9733912995534] 5881.41112978474
[23.990289499553] 5880.56247149824
[24.0065260995534] 5879.87194102192
[24.0225833995528] 5879.24177592353
[24.0398817995529] 6379.66248229246
[24.0562238995535] 6378.99911118311
[24.0732202995532] 6378.31564857759
[24.0902088995535] 6377.6526576813
[24.1066738995532] 6377.11790661221
[24.1241957995535] 6376.58908224242
[24.1396905995534] 6376.17493469337
[24.1572605995534] 6375.6718686631
[24.1725680995532] 6375.08997154786
[24.1907564995536] 6379.22539998543
[24.2063398995533] 6378.54069902751
[24.223520599553] 6377.77704863449
[24.2394117995527] 6377.15784851319
[24.2572880995531] 6376.44249716307
[24.2737396995535] 6375.84195548879
[24.2904062995531] 6375.26631509918
[24.3061261995535] 6361.53043285386
[24.3236009995535] 6355.51428231981
[24.3399405995533] 6354.99726956304
[24.355848999553] 6354.4955185401
[24.3727436995532] 6353.94064417087
[24.3903413995531] 6353.40566615947
[24.4065759995528] 6352.98037569615
[24.4231539995535] 6352.5471487397
[24.4400140995531] 6344.44442539733
[24.4567790995534] 6344.03740780448
[24.473281599553] 6343.65756003778
[24.4907144995532] 6340.23187639067
[24.5076396995528] 6339.14909379849
[24.5239091995536] 6335.15239505316
[24.5399274995534] 6334.68416317073
[24.5566492995531] 6334.21445248677
[24.5739444995534] 6339.30513301839
[24.5899692995536] 6338.39299758251
[24.6058523995534] 6335.2410624197
[24.6229639995536] 6333.09709347856
[24.6398552995533] 6331.57534669071
[24.6565737995534] 6330.96521572599
[24.6733779995529] 6330.3991863969
[24.6895610995534] 6329.88502875835
[24.7064822995535] 6328.63011625536
[24.7225368995532] 6326.50020210694
[24.739390699553] 6312.72191525058
[24.7570098995529] 6310.50467491162
[24.7735199995532] 6309.52883501318
[24.7901563995529] 6307.2821873939
[24.8055843995535] 6306.02281147605
[24.824276499553] 6805.61848608715
[24.8399224995528] 6804.06894359636
[24.8561329995528] 6802.65452370765
[24.8734741995531] 6801.29184350797
[24.889399099553] 6798.9544186803
[24.9059113995536] 6796.72454097471
[24.9224726995535] 6797.50314602072
[24.9397094995529] 6795.75900587769
[24.9563381995531] 6792.16620922194
[24.9725011995533] 6780.11400738478
[24.9904286995534] 6778.8428775745
[25.0063924995529] 6777.63264144868
[25.0231561995533] 6777.03101008179
[25.0395674995534] 6776.35926007261
[25.0564884995529] 6775.83713376089
[25.0725533995528] 6775.40422416656
[25.0895063995531] 6774.92861835426
[25.1068015995534] 6774.44576872108
[25.1233701995534] 6774.00942786184
[25.1395228995534] 6773.61327726879
[25.1563151995533] 6773.1923472504
[25.1735149995529] 6772.79408761196
[25.1896273995535] 6772.4119117599
[25.2061738995535] 6772.0392008539
[25.223670499553] 6771.62118901133
[25.2391103995533] 6771.30615134379
[25.2571063995529] 6770.87988083349
[25.2730399995535] 6770.55656580468
[25.2893476995532] 6770.22276021929
[25.3067828995536] 6769.84583955159
[25.324152399553] 6769.47611654639
[25.3396429995528] 6769.18691942602
[25.357027299553] 6768.83131276862
[25.3739553995529] 6768.49315883612
[25.3909304995532] 6766.02854634873
[25.4057399995536] 6765.81332374108
[25.422853899553] 6768.40782748002
[25.4393699995535] 6768.00818984445
[25.4570420995533] 6767.56133363104
[25.4730424995532] 6767.16270562962
[25.4901177995534] 6766.77924408979
[25.5067876995536] 7267.29579433272
[25.5236253995536] 7266.84147663378
[25.5392801995531] 7266.13707599636
[25.5559615995535] 7265.68461168021
[25.5730617995532] 7261.43069972565
[25.5903624995535] 7260.61617461219
[25.6058011995528] 7259.63014197626
[25.6233198995533] 7258.60444571105
[25.6399778995528] 7253.52755244824
[25.6568107995536] 7252.76673881866
[25.6727625995536] 7252.40577254452
[25.6900977995529] 7252.06034001087
[25.7072724995533] 7251.71032716663
[25.7233249995534] 7251.41155613043
[25.7392384995528] 7255.62510920234
[25.7571362995532] 7248.51090239556
[25.7731751995534] 7247.63174783652
[25.7895893995528] 7247.58328146
[25.8059148995535] 7247.34623834375
[25.822640499553] 7247.08106602041
[25.8392743995528] 7245.39785371589
[25.8567146995529] 7243.31085244468
[25.8730162995535] 7242.97830506316
[25.8900560995535] 7241.99063994458
[25.9066363995535] 7241.28219217705
[25.9234305995533] 7245.40350988686
[25.9394555995532] 7244.2703450075
[25.9573122995535] 6926.49302191713
[25.9726637995527] 6924.32708754411
[25.9894992995532] 6920.52680405352
[26.0065069995535] 6917.93777437422
[26.0233892995529] 6915.39131481103
[26.0393325995528] 6913.46756544162
[26.0572744995534] 6911.52361880336
[26.0726702995535] 6909.7543833888
[26.0905568995531] 6908.24363641085
[26.1073781995528] 6906.25973639512
[26.1233412995534] 6903.04499572632
[26.139768299553] 6900.52980010573
[26.1573244995534] 6899.22738676351
[26.1727704995528] 6897.28159434365
[26.189440399553] 6895.36625950238
[26.2057480995536] 7395.12505483179
[26.2232580995533] 7393.33943392817
[26.2394030995529] 7391.97579905796
[26.2560937995531] 7390.8122600549
[26.2731612995531] 7389.42959744653
[26.2902071995532] 7388.7912443019
[26.307079999553] 7387.3441541497
[26.3232403995535] 7386.45837530322
[26.3393980995534] 7385.43862056107
[26.356760099553] 7384.32359280338
[26.3739870995532] 7383.20041581938
[26.3899555995531] 7382.38171081527
[26.4065524995531] 7380.81842825005
[26.423024099553] 7379.75731027193
[26.4403250995529] 7378.99897207291
[26.4586682995532] 7377.29330154
[26.4734567995529] 7376.96304002054
[26.4924097995536] 7381.77335271106
[26.5072926995535] 7380.58297011083
[26.5244500995532] 7378.85903987835
[26.5404214995533] 7377.80134549678
[26.5558383995531] 7376.87442107586
[26.5726198995535] 7375.9114994355
[26.5890018995533] 7374.77826213322
[26.6066080995533] 7374.63758635694
[26.6233969995528] 7373.76565940593
[26.6391238995529] 7873.77229131376
[26.6573528995532] 7872.8761243387
[26.6727939995535] 7478.30315779271
[26.689325499553] 7200.89688998067
[26.7061300995529] 7198.45999539899
[26.7223854995527] 7197.09785269309
[26.7394750995536] 7195.47620164655
[26.7560985995533] 7193.47239170095
[26.7725384995529] 7192.17680563124
[26.7902260995534] 7190.28465195141
[26.8067538995529] 7190.64886269008
[26.8231812995527] 7189.34602291733
[26.8408246995532] 7187.38351469561
[26.8567807995532] 7186.16679030909
[26.8741811995533] 7184.65213162027
[26.8897563995533] 7182.91070914461
[26.9072103995532] 7180.16000542205
[26.9227381995534] 7178.94568348265
[26.9403607995528] 7177.66943353607
[26.9573099995532] 7175.5786489594
[26.9727973995532] 7173.55321127077
[26.9895251995531] 7171.25186578748
[27.0059087995533] 7168.74542205817
[27.0235531995531] 7166.53866592472
[27.0392097995527] 7161.16336405123
[27.0560186995535] 7160.21864506341
[27.0727414995536] 7159.3323125557
[27.0905254995532] 7158.16096652879
[27.106728099553] 7157.32413727815
[27.1226865995532] 7156.49951163411
[27.1394993995527] 7654.78471800364
[27.1564746995527] 7651.94655167297
[27.1743154995529] 7648.19032337011
[27.1897809995535] 7644.17720627132
[27.2071314995528] 7640.48175442953
[27.2229469995527] 7636.71924071895
[27.2400476995535] 7461.10834831534
[27.2569485995527] 7451.47851732915
[27.2724422995534] 7450.51636361186
[27.2892838995531] 7449.28510691411
[27.3065869995535] 7448.19107227986
[27.3236764995536] 7447.11888763092
[27.3400914995527] 7445.97919522101
[27.3567591995534] 7444.99317681389
[27.3728953995533] 7443.95917893419
[27.3901757995536] 7442.75267108993
[27.406212799553] 7441.85135430697
[27.422506199553] 7440.93806110124
[27.4398535995533] 7439.78795115909
[27.4565621995534] 7438.84827325839
[27.4728860995529] 7437.97939860443
[27.4900570995533] 7436.89006621716
[27.5057970995531] 7436.08532870386
[27.5236242995534] 7434.93727398176
[27.5398551995531] 7433.96216897575
[27.5559065995531] 7433.15941287438
[27.5740961995534] 7433.87289519237
[27.5891941995533] 7432.88321047949
[27.6061635995529] 7431.90756316386
[27.6228471995528] 7430.95722675334
[27.6397255995535] 7429.90036773619
[27.6565513995529] 7428.98181672683
[27.6725324995532] 7428.15482813928
[27.6901215995531] 7424.43579874291
[27.7062242995535] 7423.6336209973
[27.722992899553] 7422.77986180219
[27.7399446995532] 7421.95367189097
[27.7564508995529] 7421.16345138395
[27.7730068995534] 7420.38195966313
[27.7898684995534] 7419.57722902237
[27.8066009995528] 7418.81824502668
[27.823093299553] 7418.08213996236
[27.8397487995535] 7401.79185493183
[27.8558555995533] 7401.06838567688
[27.8725262995531] 7404.34026430171
[27.8902425995529] 7402.93407369917
[27.9070285995531] 7402.05712568412
[27.922939299553] 7401.25660777456
[27.9402136995532] 7400.3117891604
[27.9567169995535] 7398.7792039634
[27.9736345995534] 7397.98462911819
[27.9892608995533] 7397.20869826623
[28.0058706995533] 7396.49080595064
[28.0231665995534] 7390.30943803798
[28.0399290995529] 7386.24954811087
[28.0572743995535] 7384.37341243515
[28.0730366995531] 7382.21531742167
[28.089901499553] 7381.41086435447
[28.1061654995528] 7380.50037922171
[28.1242889995528] 7375.23743192845
[28.1393399995532] 7373.98403573001
[28.1566199995532] 7372.16014158726
[28.1734837995527] 7370.33776524124
[28.1894650995528] 7368.84389303523
[28.2063897995531] 7366.05148187578
[28.2237609995527] 7365.03032916029
[28.2400333995529] 7364.62393967254
[28.2567859995534] 7361.7778337224
[28.2735879995535] 7357.55086036232
[28.2897718995528] 7352.42469956928
[28.3069427995533] 7350.58699067742
[28.3233485995534] 7350.13025866696
[28.3405420995532] 7349.46167638293
[28.3562215995535] 7347.68667946772
[28.3729910995535] 7346.22574443312
[28.3915272995528] 7349.91876468878
[28.4065514995527] 7349.13099403171
[28.4227532995528] 7348.71171316126
[28.440212599553] 7348.06175175169
[28.4571400995528] 7344.9688994133
[28.4725129995531] 7343.03048332216
[28.4903511995535] 7342.39897479082
[28.5074465995531] 7341.83775660504
[28.5239761995535] 7341.34524786408
[28.5408431995529] 7340.85043018031
[28.5567269995536] 7340.20867890287
[28.5737042995534] 7338.3036268045
[28.5904014995531] 7337.25521079014
[28.6076554995534] 7336.85584823413
[28.6235263995532] 7344.33977937159
[28.6398532995536] 7341.65639255623
[28.6571411995528] 7340.41372477441
[28.6735608995532] 7339.5401725361
[28.6897707995531] 7336.34405684024
[28.7071372995533] 7335.09316403819
[28.7234565995532] 7334.15111271737
[28.7414623995528] 7333.09545597624
[28.756466199553] 7332.05826947668
[28.773265799553] 7330.76262992423
[28.7901241995532] 7329.20914320631
[28.8068423995528] 7826.63149339546
[28.8231547995529] 7825.60228357761
[28.8403868995529] 7823.33798788027
[28.8572700995528] 7821.43046102716
[28.8732847995534] 7819.44790944223
[28.8902018995532] 7817.78012845973
[28.907057499553] 7816.29317195831
[28.9228768995536] 7642.29725126523
[28.9392209995531] 7637.32618304261
[28.9561974995531] 7632.22524892197
[28.9731449995534] 7627.47987950037
[28.989471199553] 7622.96308363352
[29.0059676995534] 7618.93310226502
[29.0225845995528] 7615.03688368847
[29.0399272995528] 7606.49175929439
[29.0574127995533] 7599.80818927288
[29.0740260995535] 7595.32097332315
[29.0904974995528] 7585.55619487805
[29.1075311995528] 7581.53808094948
[29.1230908995531] 7578.8294458168
[29.1392174995535] 7576.58075373355
[29.1589123995527] 7574.25145805247
[29.1737888995531] 8073.70946932542
[29.1915016995536] 8072.5530221895
[29.2072720995529] 8071.61131829351
[29.2235811995533] 8070.80072745544
[29.2400095995536] 8070.2536421744
[29.2577527995536] 8067.01166028027
[29.2735294995528] 8066.32633003288
[29.2896183995535] 8073.74559199633
[29.3061760995533] 7955.44285776133
[29.3228077995527] 7947.26140856211
[29.340137399553] 7936.34564722231
[29.3558462995534] 7929.68539597393
[29.3728521995536] 7925.73618274652
[29.3892925995533] 7923.34454006338
[29.4064920995534] 7920.4766828988
[29.4226341995536] 7917.98618722924
[29.4397595995533] 7912.8173825587
[29.4568428995535] 7911.3918398901
[29.4728135995529] 7910.38002545508
[29.4895118995528] 7908.77951977271
[29.5063397995527] 7907.20353684228
[29.5224872995532] 7905.53989514191
[29.5394074995529] 7903.92728981437
[29.5574031995529] 7901.98062536271
[29.573037999553] 7900.365593939
[29.5904409995528] 7898.83882558326
[29.6063979995533] 7895.92862092082
[29.623170799553] 7893.95396268302
[29.6395896995527] 7892.21412439531
[29.6564893995528] 7890.59194524815
[29.672594699553] 7889.12104253397
[29.6903528995535] 7885.41395335079
[29.7069459995528] 8385.67456730728
[29.7228077995533] 8384.90012053018
[29.7400718995532] 8384.18384691446
[29.7566532995534] 8383.53732009227
[29.7726385995529] 8382.98943668771
[29.7903976995531] 8383.21490866024
[29.8076282995535] 8382.43461774194
[29.823149799553] 8381.70191866902
[29.8393469995535] 8376.01264011629
[29.8572277995536] 8374.56151903722
[29.8740554995529] 8373.63827319459
[29.8905907995531] 8373.03578429299
[29.9074737995534] 8372.53580136554
[29.9242237995531] 8371.93332481827
[29.9352144995528] 8371.67246163439
[29.9571812995528] 8370.77789855091
[29.9725300995533] 8366.18440095837
[29.9896784995535] 8365.22003580829
[30.0072676995533] 8364.28941118553
[30.0224648995536] 8363.17424486585
[30.039421599553] 8363.63267557927
[30.0567739995531] 8362.60899347255
[30.0730943995532] 8362.0935919465
[30.0892354995531] 8361.29303399287
[30.1064035995532] 8360.5009459188
[30.1231853995532] 8359.34540940417
[30.1396745995535] 8358.60760508037
[30.1568312995532] 8359.86676627365
[30.1727219995528] 8857.21731577444
[30.1902615995532] 8856.03949493673
[30.2063797995534] 8853.713588478
[30.2229588995533] 8851.83235453486
[30.2401072995535] 8861.92380502307
[30.2558366995536] 8856.37379155591
[30.2737018995531] 8535.30725470251
[30.2892114995529] 8530.39974332168
[30.3062376995531] 8526.75125479597
[30.3234437995534] 8523.82880558562
[30.3392525995532] 8518.82169260515
[30.355877299553] 8510.59913669859
[30.373765499553] 8504.32390306318
[30.3892260995535] 8502.00826417846
[30.4065884995534] 8498.47647288299
[30.423002599553] 8495.53865258725
[30.4403783995531] 8498.15599345857
[30.4567384995535] 8495.17088198388
[30.4735288995535] 8492.39286503749
[30.4901806995531] 8490.15115744779
[30.5063839995528] 8488.0913083866
[30.5229353995528] 8486.22956113974
[30.5404383995528] 8484.29741865839
[30.5561508995534] 8482.90679329641
[30.5726308995536] 8481.03200438557
[30.5896253995534] 8479.23215587514
[30.6065487995529] 8477.63555101617
[30.6238135995536] 8476.35824343085
[30.6405102995532] 8475.09358114845
[30.6566751995533] 8473.91280553957
[30.6729563995532] 8472.69313372103
[30.6896074995529] 8471.67348111835
[30.7063467995531] 8468.14975114262
[30.7224707995529] 8466.60913625267
[30.7396004995535] 8451.5503090883
[30.7565325995529] 8446.53144024423
[30.7732623995535] 8444.98324628098
[30.7900716995528] 8444.24416228696
[30.8066518995529] 8446.478880205
[30.8236797995532] 8445.63033109401
[30.8400737995535] 8445.06259688744
[30.8568563995532] 8443.87361879121
[30.8735411995531] 8443.19236090384
[30.8897663995531] 8442.48528171174
[30.9074327995531] 8441.70571232435
[30.9232201995528] 8441.01034460336
[30.9399721995533] 8440.46250704913
[30.9563563995534] 8439.84621828071
[30.9738224995535] 8439.17012980641
[30.9896470995536] 8437.74386677241
[31.0070786995529] 8437.08658362454
[31.0229906995528] 8436.56347441157
[31.0398133995532] 8435.96898724178
[31.0566616995529] 8435.4130738132
[31.072755399553] 8434.76080207343
[31.0897615995527] 8433.80725452327
[31.1068828995531] 8428.63357528823
[31.1226766995533] 8418.43843263106
[31.1393052995536] 8417.76989049802
[31.1570300995536] 8417.01608615723
[31.1733915995528] 8420.05686373013
[31.1897646995531] 8418.80349214713
[31.2074038995534] 8417.50139337153
[31.2237071995532] 8416.2337497108
[31.2397171995535] 8430.00023754159
[31.2569246995536] 8425.50583403506
[31.273692099553] 8422.81388200412
[31.290014999553] 8420.06468326916
[31.3067712995535] 8414.06423030225
[31.3226681995529] 8411.22284787405
[31.3396014995533] 8408.42010056914
[31.3564030995531] 8406.67759767449
[31.3731974995535] 8405.04420271979
[31.3896836995527] 8403.49260721094
[31.4063145995533] 8398.73967565653
[31.4233194995531] 8397.07315653077
[31.4396684995536] 8395.95971517666
[31.4577748995534] 8394.69378572748
[31.4731368995535] 8393.7169635974
[31.4901141995533] 8392.74413643611
[31.5069239995528] 8391.85926290948
[31.5229454995533] 8390.42599060187
[31.5400632995534] 8389.61501874071
[31.5566309995529] 8388.86661831793
[31.5731682995529] 8388.15402378507
[31.5896047995529] 8387.46087044164
[31.6068023995531] 8386.77026756557
[31.6229862995533] 8385.62357991417
[31.6395922995534] 8385.03037157154
[31.656467799553] 8383.94132263046
[31.6732058995531] 8383.14516910555
[31.6891089995534] 8384.631936962
[31.7065786995536] 8384.78151959242
[31.7233398995531] 8384.06891802201
[31.7394589995529] 8383.45042312253
[31.7566453995532] 8382.77769961996
[31.7726689995534] 8382.1793749899
[31.7903636995534] 8381.46355064995
[31.8063030995536] 8380.93749354457
[31.8233187995529] 8380.33927826237
[31.8399549995529] 8379.80303440546
[31.8558072995529] 8379.30703991611
[31.8733522995535] 8378.74853574519
[31.8897113995536] 8378.26411399601
[31.9066561995533] 8377.77152665497
[31.9232740995531] 8377.28750671637
[31.9400303995535] 8376.8403269253
[31.9563845995535] 8376.40434422695
[31.972672799553] 8375.65465725113
[31.9896320995531] 8374.33414274652
[32.0063441995535] 8373.93835145238
[32.0227725995528] 8373.54068134411
[32.0401942995531] 8373.14966381867
[32.0565722995534] 8372.59226145788
[32.0734466995527] 8372.09261448654
[32.0902648995534] 8369.81194842645
[32.106646999553] 8369.34508257459
[32.1233386995527] 8368.96172664431
[32.1396653995535] 8368.59434078271
[32.1560698995536] 8368.53426173126
[32.172724899553] 8368.06415903789
[32.1890873995535] 8367.65439406284
[32.2062268995533] 8367.28372930905
[32.2229697995535] 8366.66265876997
[32.2394358995534] 8366.56230741277
[32.256549699553] 8366.09812008837
[32.2732007995528] 8365.70740391036
[32.2894658995529] 8365.33279402141
[32.3068794995534] 8364.93092274887
[32.3240980995533] 8364.54518864332
[32.3404892995532] 8364.15599784321
[32.3565529995531] 8363.80556299308
[32.3725692995531] 8363.44834068832
[32.3899807995531] 8363.04711989665
[32.4066647995533] 8362.44325296519
[32.4235062995531] 8362.68319521494
[32.4398632995535] 8362.36065526227
[32.4587883995528] 8361.83927628575
[32.4736105995535] 8361.42365619738
[32.4910664995532] 8361.15219342648
[32.5064675995536] 8360.80152069558
[32.5233096995535] 8360.66509229319
[32.5393264995528] 8360.1722271803
[32.5565100995527] 8360.76677570655
[32.5726333995535] 8360.19883826921
[32.5894567995529] 8359.44977166002
[32.6067060995529] 8359.01607593362
[32.6230045995535] 8358.62608640776
[32.639677999553] 8358.2398623153
[32.6556533995536] 8357.88555399639
[32.6736090995528] 8357.95066515247
[32.6894867995534] 8357.68787578504
[32.706648499553] 8357.37176741093
[32.7236776995533] 8356.98693786764
[32.7402712995536] 8356.63246647565
[32.7563375995533] 8356.28749449326
[32.7890592995527] 8356.42047062968
[32.7976723995534] 8354.87127025915
[32.8049363995533] 8354.80825423089
[32.8249219995532] 8354.45610415775
[32.841458199553] 8354.09163204823
[32.8568893995534] 8353.8334986732
[32.8735370995528] 8353.56202940031
[32.8905765995532] 8353.27140245438
[32.9084150995532] 8352.96246274574
[32.9246633995535] 8352.72353471223
[32.941310999553] 8352.48366653057
[32.957966899553] 8352.25259778825
[32.9746361995531] 8352.0016708155
[32.9901685995528] 8352.33230056475
[33.007731099553] 8352.05331155221
[33.0246781995529] 8351.74966379256
[33.0403518995536] 8353.29083945198
[33.0576847995535] 8352.94605607296
[33.0743553995535] 8352.63933794222
[33.0903147995532] 8352.36248160853
[33.1069285995536] 8352.21181577358
[33.1237037995534] 8351.84938364272
[33.1407064995528] 8351.48727159118
[33.156832699553] 8351.17179790378
[33.1745743995534] 8350.80063585771
[33.1904878995529] 8350.50437681526
[33.211370899553] 8350.01499444194
[33.2194780995533] 8349.94661670844
[33.2406663995534] 8349.46023397335
[33.2575550995534] 8349.15616656312
[33.2740060995529] 8348.88408139755
[33.2917186995528] 8348.55678289732
[33.3071294995534] 8348.30957519049
[33.3243783995531] 8347.99888313859
[33.3413677995532] 8347.72798522654
[33.3572664995536] 8348.26571846301
[33.3737360995528] 8347.97767326009
[33.391705299553] 8348.36800357917
[33.4072148995529] 8350.97325024132
[33.4235236995528] 8351.28879131345
[33.4401273995536] 8350.80812486339
[33.4577279995528] 8350.28919809651
[33.4739003995528] 8349.86904714007
[33.490554899553] 8349.42423488964
[33.5053306995533] 8349.10564773765
[33.523866599553] 8348.58922381167
[33.5410325995535] 8356.49063273471
[33.563062399553] 8354.46317488375
[33.5713780995529] 8356.15637713267
[33.5909018995535] 8355.12975838543
[33.6083550995536] 8354.02356841027
[33.6247023995529] 8353.1067772687
[33.6412950995527] 8352.22593035626
[33.6575566995534] 8351.45669730088
[33.6744936995528] 8350.6378459816
[33.6919395995528] 8349.7951490022
[33.7078726995533] 8349.1649394724
[33.7244786995534] 8348.48538238465
[33.7394995995528] 8353.10263500438
[33.7573933995536] 8351.97724035869
[33.7745851995533] 8351.00203330028
[33.7906554995534] 8350.19731870528
[33.8076289995533] 8349.86999706174
[33.8237189995534] 8349.12569767228
[33.8408263995534] 8348.31779902568
[33.8577545995531] 8347.57701703522
[33.8742885995534] 8346.89262009806
[33.891284499553] 8346.20286567556
[33.9078452995527] 8345.57509753328
[34.2884904995535] 8283.85756805706
[34.3029050995528] 8292.26682047477
[34.3174346995529] 8291.07857587151
[34.3347141995528] 8292.38646653212
[34.3519094995536] 8291.3460160318
