[0.0199999995529652] 0
[0.100926699552929] 0
[0.162907699553216] 0
[0.195581399553248] 0
[0.225920399553161] 0
[0.258100099553303] 0
[0.289685099553026] 0
[0.322329999552949] 0
[0.354913199553266] 0
[0.389145799553262] 0
[0.423422999553168] 0
[0.458814699552931] 0
[0.494428799553134] 0
[0.531276599553166] 0
[0.568118099552976] 0
[0.607851299553204] 0
[0.649119199553297] 0
[0.691604999552965] 0
[0.734950799553189] 0
[0.779548699553288] 0
[0.82523729955301] 0
[0.871300699553103] 0
[0.91972059955333] 0
[0.966298399553125] 0
[1.01274099955299] 0
[1.05905009955313] 0
[1.10534019955321] 0
[1.15669359955291] 0
[1.20634739955312] 0
[1.25725619955301] 0
[1.30809869955328] 0
[1.3601823995532] 0
[1.41309899955331] 0
[1.46346669955301] 0
[1.51679069955298] 0
[1.57111199955307] 0
[1.62605509955301] 0
[1.67889949955315] 0
[1.731461199553] 0
[1.78517429955309] 0
[1.83869599955324] 0
[1.89243739955327] 0
[1.94509339955312] 0
[1.99924209955316] 0
[2.05155889955313] 0
[2.10341479955332] 0
[2.15858879955294] 0
[2.21410729955323] 0
[2.26621939955294] 0
[2.31961349955327] 0
[2.37457709955333] 0
[2.42711029955308] 0
[2.47993929955328] 0
[2.5358228995533] 0
[2.590930499553] 0
[2.6520606995532] 0
[2.73356979955315] 0
[2.82904709955301] 0
[2.92084239955329] 0
[3.01100789955308] 0
[3.09823799955302] 0
[3.18351559955317] 0
[3.26406379955324] 0
[3.33275549955306] 0
[3.39267099955305] 0
[3.45133369955329] 0
[3.51122339955327] 0
[3.5728642995532] 0
[3.63599659955298] 0
[3.7005669995533] 0
[3.75848219955333] 0
[3.81131039955289] 0
[3.86458929955324] 0
[3.917594299553] 0
[3.96882289955329] 0
[4.02130679955326] 0
[4.07322749955301] 0
[4.12596239955292] 0
[4.17822159955313] 0
[4.23123179955292] 0
[4.28205679955317] 0
[4.33504759955304] 0
[4.38888389955309] 0
[4.44218709955294] 0
[4.49435769955289] 0
[4.54487219955308] 0
[4.5948432995533] 0
[4.64582439955302] 0
[4.69610339955307] 0
[4.745787799553] 0
[4.79527399955305] 0
[4.8459487995533] 0
[4.89511719955317] 0
[4.94439889955311] 0
[4.99186779955289] 0
[5.04134199955297] 0
[5.09242609955299] 0
[5.14210739955297] 0
[5.19006409955318] 0
[5.23812359955309] 0
[5.28793489955297] 0
[5.3352637995531] 0
[5.38242359955302] 0
[5.42841409955327] 0
[5.47658699955309] 0
[5.52433469955304] 0
[5.57220499955292] 0
[5.62103579955328] 0
[5.67232529955299] 0
[5.72470229955297] 0
[5.77257459955308] 0
[5.82024829955299] 0
[5.86753889955298] 0
[5.91559129955294] 0
[5.96106349955289] 0
[6.0084570995532] 0
[6.05519889955303] 0
[6.10182179955291] 0
[6.1497606995531] 0
[6.1953700995532] 0
[6.24292189955304] 0
[6.29047519955293] 0
[6.33674149955323] 0
[6.38400759955312] 0
[6.43012999955317] 0
[6.4764230995529] 0
[6.52258969955301] 0
[6.56851779955332] 0
[6.6163606995533] 0
[6.66233549955314] 0
[6.70941159955328] 0
[6.75621059955301] 0
[6.80248589955318] 0
[6.8488474995529] 0
[6.89432709955327] 0
[6.94120329955331] 0
[6.98733269955301] 0
[7.03377899955331] 0
[7.08100759955323] 0
[7.12686339955326] 0
[7.17376889955312] 0
[7.22153369955322] 0
[7.26757789955309] 0
[7.31474319955305] 0
[7.36042669955305] 0
[7.40763729955324] 0
[7.45479109955295] 0
[7.50224569955299] 0
[7.55031939955325] 0
[7.59665129955329] 0
[7.64389359955294] 0
[7.69245259955323] 0
[7.73907349955334] 0
[7.78685979955299] 0
[7.83501439955307] 0
[7.88194499955307] 0
[7.92718319955293] 0
[7.97320829955333] 0
[8.02075859955312] 0
[8.0669315995533] 0
[8.11433869955317] 0
[8.1608314995533] 0
[8.20701989955296] 0
[8.25419969955328] 0
[8.30115739955318] 0
[8.34822249955323] 0
[8.39392489955299] 0
[8.44003669955327] 0
[8.48713909955313] 0
[8.5331744995533] 0
[8.57911309955307] 0
[8.62738239955297] 0
[8.67327609955328] 0
[8.7194961995533] 0
[8.76572789955299] 0
[8.81197449955289] 0
[8.85823989955315] 0
[8.90377879955304] 0
[8.95068529955324] 0
[8.99619439955313] 0
[9.04144239955303] 0
[9.08947649955326] 0
[9.13493919955317] 0
[9.18128179955329] 0
[9.22867089955298] 0
[9.2756377995529] 0
[9.32381019955301] 0
[9.37038629955305] 0
[9.41721359955318] 0
[9.46413529955316] 0
[9.51019509955313] 0
[9.55783229955296] 0
[9.6036942995529] 0
[9.65101799955301] 0
[9.69743729955326] 0
[9.74485259955327] 0
[9.79238479955302] 0
[9.83885339955305] 0
[9.88615159955316] 0
[9.93260009955293] 0
[9.97917489955307] 0
[10.0267396995532] 0
[10.072435299553] 0
[10.1192993995533] 0
[10.1662201995532] 0
[10.2123403995533] 0
[10.2592329995532] 0
[10.304472799553] 0
[10.350874099553] 0
[10.3968138995533] 0
[10.4432291995531] 0
[10.4902973995531] 0
[10.5363577995531] 0
[10.5831490995533] 0
[10.629047199553] 0
[10.676075799553] 0
[10.7222585995532] 0
[10.7682787995532] 0
[10.8157775995533] 0
[10.862430399553] 0
[10.909266699553] 0
[10.9561043995532] 0
[11.0010244995533] 0
[11.0474827995531] 0
[11.092168399553] 0
[11.1372784995533] 0
[11.1832720995531] 0
[11.2276763995533] 0
[11.2736043995533] 0
[11.3197184995529] 0
[11.3651025995532] 0
[11.4109922995531] 0
[11.4564259995532] 0
[11.5020587995532] 0
[11.548582199553] 0
[11.5940545995531] 0
[11.6408643995533] 0
[11.6879830995531] 0
[11.7342589995533] 0
[11.781189199553] 0
[11.8265631995532] 0
[11.872498399553] 0
[11.9185850995532] 0
[11.964439199553] 0
[12.0104180995531] 0
[12.0566365995533] 0
[12.102500899553] 0
[12.1489364995532] 0
[12.1942476995532] 0
[12.2412102995531] 0
[12.2881999995529] 0
[12.334297499553] 0
[12.3810679995531] 0
[12.426650499553] 0
[12.4730430995533] 0
[12.5193544995532] 0
[12.5660263995533] 0
[12.6126418995532] 0
[12.6583785995531] 0
[12.7048763995531] 0
[12.7526984995529] 0
[12.7987617995532] 0
[12.845795399553] 0
[12.8922730995532] 0
[12.938814999553] 0
[12.9866757995533] 0
[13.033217699553] 0
[13.0784211995533] 0
[13.1249238995533] 0
[13.170705899553] 0
[13.2178306995529] 0
[13.2634754995529] 0
[13.3080709995529] 0
[13.3551623995531] 0
[13.4005632995531] 0
[13.4477710995529] 0
[13.4953230995529] 0
[13.5407884995529] 0
[13.5874128995533] 0
[13.6336664995533] 0
[13.679864399553] 0
[13.725237999553] 0
[13.7718562995533] 0
[13.827488199553] 0
[13.8740507995531] 0
[13.9198549995531] 0
[13.9654762995533] 0
[14.011064799553] 0
[14.0574650995532] 0
[14.1067746995532] 0
[14.1535685995532] 0
[14.2034154995531] 0
[14.251400999553] 0
[14.2972998995533] 0
[14.3414946995531] 0
[14.3875069995529] 0
[14.4326753995533] 0
[14.4776746995531] 0
[14.5232581995533] 0
[14.5678129995531] 0
[14.6126667995532] 0
[14.6573803995529] 0
[14.7017735995532] 0
[14.7471028995533] 0
[14.7913650995533] 0
[14.8362690995532] 0
[14.8819691995532] 0
[14.9264024995532] 0
[14.9714434995531] 0
[15.0177375995531] 0
[15.0627771995532] 0
[15.1066133995532] 0
[15.1525235995532] 0
[15.1973349995533] 0
[15.2412418995532] 0
[15.2868150995532] 0
[15.333050099553] 0
[15.3791268995533] 0
[15.4268637995533] 0
[15.4727020995533] 0
[15.5196022995533] 0
[15.566884499553] 0
[15.613336499553] 0
[15.659986999553] 0
[15.7063884995532] 0
[15.7522703995533] 0
[15.7982217995532] 0
[15.8428168995533] 0
[15.8897826995531] 0
[15.9345617995532] 0
[15.9791407995531] 0
[16.0236996995532] 0
[16.0681526995531] 0
[16.1137829995532] 0
[16.159164099553] 0
[16.2037390995533] 0
[16.250005499553] 0
[16.2950883995532] 0
[16.3387086995531] 0
[16.3845391995533] 0
[16.429991299553] 0
[16.4743540995532] 0
[16.5202504995532] 0
[16.5646956995533] 0
[16.6082883995532] 0
[16.6538482995529] 0
[16.6990897995529] 0
[16.7428026995531] 0
[16.7881081995533] 0
[16.8334394995532] 0
[16.8782510995529] 0
[16.921576399553] 0
[16.9658548995531] 0
[17.0100276995531] 0
[17.055029999553] 0
[17.0988522995531] 0
[17.1425750995531] 0
[17.187551899553] 0
[17.231811699553] 0
[17.2754319995529] 0
[17.3203187995532] 0
[17.3648027995532] 0
[17.4083614995529] 0
[17.4536184995532] 0
[17.4994799995529] 0
[17.545584599553] 0
[17.591092099553] 0
[17.635384399553] 0
[17.6809285995532] 0
[17.7255900995533] 0
[17.7701385995533] 0
[17.8162306995532] 0
[17.8611043995529] 0
[17.9062820995532] 0
[17.951801399553] 0
[17.9966035995531] 0
[18.0406806995529] 0
[18.0864920995532] 0
[18.1311627995533] 0
[18.1750566995529] 0
[18.2210780995533] 0
[18.2657457995533] 0
[18.3095994995533] 0
[18.3549507995531] 0
[18.3994404995533] 0
[18.4433418995532] 0
[18.4894157995532] 0
[18.5340020995532] 0
[18.5788322995531] 0
[18.624014899553] 0
[18.6689509995531] 0
[18.714574999553] 0
[18.7591726995529] 0
[18.8036763995533] 0
[18.848804399553] 0
[18.8932204995531] 0
[18.9379830995531] 0
[18.983521399553] 0
[19.0279992995529] 0
[19.0711040995529] 0
[19.1165302995532] 0
[19.1599747995533] 0
[19.207303999553] 0
[19.2535592995532] 0
[19.2976619995529] 0
[19.3413276995529] 0
[19.3859047995529] 0
[19.4300156995532] 0
[19.4732653995529] 0
[19.5187682995529] 0
[19.563121099553] 0
[19.6068196995529] 0
[19.6521625995533] 0
[19.6962759995531] 0
[19.7395894995529] 0
[19.784739999553] 0
[19.8300037995532] 0
[19.8733339995533] 0
[19.918531799553] 0
[19.962978899553] 0
[20.0063955995529] 0
[20.0514045995533] 0
[20.0955071995531] 0
[20.1386634995533] 0
[20.1841191995532] 0
[20.2288693995533] 0
[20.2720009995533] 0
[20.3174506995533] 0
[20.361809599553] 0
[20.4048854995531] 0
[20.4499851995533] 0
[20.4940576995532] 0
[20.5381217995532] 0
[20.5823379995531] 0
[20.6267026995533] 0
[20.6706400995531] 0
[20.7159972995532] 0
[20.7603052995532] 0
[20.8049367995532] 0
[20.850569099553] 0
[20.8955215995529] 0
[20.9391806995532] 0
[20.9847015995533] 0
[21.0291356995531] 0
[21.072986399553] 0
[21.118273599553] 0
[21.1628259995532] 0
[21.2062823995529] 0
[21.2516453995531] 0
[21.295938099553] 0
[21.3391719995529] 0
[21.3848633995531] 0
[21.428860899553] 0
[21.4726215995529] 0
[21.5199463995532] 0
[21.5645763995531] 0
[21.6082201995532] 0
[21.6534508995533] 0
[21.6973666995532] 0
[21.7422631995532] 0
[21.7869654995529] 0
[21.8310406995533] 0
[21.8749533995533] 0
[21.9212769995529] 0
[21.9694317995531] 0
[22.018081099553] 0
[22.0623049995529] 0
[22.1058294995532] 0
[22.1509714995532] 0
[22.1952857995529] 0
[22.2385568995533] 0
[22.2842756995533] 0
[22.328124099553] 0
[22.371543399553] 0
[22.4172444995529] 0
[22.4618327995531] 0
[22.505058399553] 0
[22.551393099553] 0
[22.5950926995533] 0
[22.638533499553] 0
[22.6845719995531] 0
[22.7286343995529] 0
[22.771829499553] 0
[22.8178018995532] 0
[22.8616273995531] 0
[22.9052103995532] 0
[22.9513001995533] 0
[22.9959325995533] 0
[23.0397659995533] 0
[23.0850659995531] 0
[23.1288982995529] 0
[23.1733084995531] 0
[23.2181396995529] 0
[23.2623246995531] 0
[23.3063779995532] 0
[23.3534237995532] 0
[23.3974739995533] 0
[23.4414343995531] 0
[23.486671399553] 0
[23.5318972995533] 0
[23.5768355995533] 0
[23.6217950995533] 0
[23.6663150995532] 0
[23.7105428995533] 0
[23.754950599553] 0
[23.8006267995529] 0
[23.8457066995529] 0
[23.8895528995531] 0
[23.9337226995531] 0
[23.9790055995531] 0
[24.0225836995533] 0
[24.0665153995533] 0
[24.1112488995532] 0
[24.1559383995532] 0
[24.2003018995533] 0
[24.2461890995532] 0
[24.2896130995532] 0
[24.3336179995531] 0
[24.3786040995533] 0
[24.4225306995531] 0
[24.4666797995533] 0
[24.5131957995532] 0
[24.5568241995529] 0
[24.6007669995529] 0
[24.645674199553] 0
[24.6892815995529] 0
[24.7332498995529] 0
[24.7774310995533] 0
[24.8216485995531] 0
[24.865615099553] 0
[24.9100839995531] 0
[24.9545132995531] 0
[24.9981004995529] 0
[25.0422496995529] 0
[25.0873216995533] 0
[25.1339694995531] 0
[25.1790931995533] 0
[25.2225823995532] 0
[25.2660133995532] 0
[25.3103335995529] 0
[25.3550115995531] 0
[25.3987591995533] 0
[25.443169699553] 0
[25.487778999553] 0
[25.5316981995529] 0
[25.5764844995533] 0
[25.6207687995529] 0
[25.6647079995532] 0
[25.7090419995529] 0
[25.7540767995533] 0
[25.7993723995532] 0
[25.8443016995529] 0
[25.888397099553] 0
[25.9326367995532] 0
[25.9786455995531] 0
[26.0253353995531] 0
[26.069596799553] 0
[26.1151280995532] 0
[26.1590413995532] 0
[26.2028140995531] 0
[26.2477016995531] 0
[26.2919036995531] 0
[26.3359659995531] 0
[26.3818511995532] 0
[26.425941599553] 0
[26.469929499553] 0
[26.5150214995533] 0
[26.5651823995531] 0
[26.6103289995531] 0
[26.655216699553] 0
[26.6988217995531] 0
[26.7433865995531] 0
[26.7875003995532] 0
[26.8318031995532] 0
[26.875605099553] 0
[26.9207192995532] 0
[26.9652430995529] 0
[27.009635199553] 0
[27.0546938995531] 0
[27.0990317995529] 0
[27.1429460995532] 0
[27.1877985995529] 0
[27.232420799553] 0
[27.2764543995531] 0
[27.3214514995529] 0
[27.3655949995532] 0
[27.4098229995529] 0
[27.4550479995532] 0
[27.4987514995532] 0
[27.542085599553] 0
[27.5867114995531] 0
[27.6317701995531] 0
[27.6755278995529] 0
[27.720206899553] 0
[27.7641347995532] 0
[27.8074792995531] 0
[27.8532741995532] 0
[27.8975316995529] 0
[27.9415128995529] 0
[27.986442499553] 0
[28.0303316995532] 0
[28.0741347995531] 0
[28.1193589995532] 0
[28.163817999553] 0
[28.206987599553] 0
[28.252305299553] 0
[28.297033499553] 0
[28.3410896995533] 0
[28.3868267995531] 0
[28.4320647995532] 0
[28.476528399553] 0
[28.5217887995532] 0
[28.5661225995532] 0
[28.6104740995529] 0
[28.655807999553] 0
[28.7017929995532] 0
[28.747228999553] 0
[28.791857399553] 0
[28.8373538995529] 0
[28.8835172995532] 0
[28.9283653995531] 0
[28.971564899553] 0
[29.017197399553] 0
[29.061411099553] 0
[29.1045735995531] 0
[29.1492149995529] 0
[29.1942262995531] 0
[29.239097999553] 0
[29.2832856995533] 0
[29.333126599553] 0
[29.388556499553] 0
[29.4373680995532] 0
[29.4838129995533] 0
[29.5331440995533] 0
[29.5862401995532] 0
[29.6343268995529] 0
[29.681406399553] 0
[29.7256911995532] 0
[29.770520299553] 0
[29.8156515995529] 0
[29.8593464995533] 0
[29.9041063995533] 0
[29.9492766995531] 0
[29.9941667995531] 0
[30.0390186995533] 0
