[0.0199999995529652] -0.00837513717158345
[0.100926699552929] -0.0763578628814798
[0.162907699553216] -0.163582293346991
[0.195581399553248] -0.230761238968284
[0.225920399553161] -0.298134508806527
[0.258100099553303] -0.382917738121336
[0.289685099553026] -0.473644462930167
[0.322329999552949] -0.577714110721246
[0.354913199553266] -0.692237522752066
[0.389145799553262] -0.826025050193806
[0.423422999553168] -0.967415328278491
[0.458814699552931] -1.1295873677625
[0.494428799553134] -1.30656549709087
[0.531276599553166] -1.49691750440354
[0.568118099552976] -1.7091518510783
[0.607851299553204] -1.95032387181513
[0.649119199553297] -2.22240158938206
[0.691604999552965] -2.50371931704848
[0.734950799553189] -2.8170186970388
[0.779548699553288] -3.17516000785929
[0.82523729955301] -3.52093971852005
[0.871300699553103] -3.79449414313954
[0.91972059955333] -4.03512607967832
[0.966298399553125] -4.24839481714001
[1.01274099955299] -4.43376634349271
[1.05905009955313] -4.61443300572854
[1.10534019955321] -4.78918700714412
[1.15669359955291] -4.97848197532832
[1.20634739955312] -5.15346225134383
[1.25725619955301] -5.32824891824212
[1.30809869955328] -5.49658760342426
[1.3601823995532] -5.64397648310673
[1.41309899955331] -5.76061035082289
[1.46346669955301] -5.85673384828132
[1.51679069955298] -5.94855860811096
[1.57111199955307] -6.02987772244491
[1.62605509955301] -6.08599595817365
[1.67889949955315] -6.11106850968676
[1.731461199553] -6.11038392647393
[1.78517429955309] -6.08329965225865
[1.83869599955324] -6.02129809171808
[1.89243739955327] -5.95540149644845
[1.94509339955312] -5.86682037986843
[1.99924209955316] -5.75232354468341
[2.05155889955313] -5.62084358384422
[2.10341479955332] -5.44915718220685
[2.15858879955294] -5.23186157400332
[2.21410729955323] -5.02551674349469
[2.26621939955294] -4.8176429591216
[2.31961349955327] -4.5975778316292
[2.37457709955333] -4.38635448183867
[2.42711029955308] -4.19165424318552
[2.47993929955328] -3.98471974479182
[2.5358228995533] -3.80036477758027
[2.590930499553] -3.59416950483789
[2.6520606995532] -3.34008282194041
[2.73356979955315] -3.10830796483668
[2.82904709955301] -2.94670659655375
[2.92084239955329] -2.84882292842484
[3.01100789955308] -2.8157788560202
[3.09823799955302] -2.84978581766215
[3.18351559955317] -2.94783899059114
[3.26406379955324] -3.08612779982283
[3.33275549955306] -3.23970297763668
[3.39267099955305] -3.42197481423929
[3.45133369955329] -3.64495422774615
[3.51122339955327] -3.91202379115431
[3.5728642995532] -4.19709894525923
[3.63599659955298] -4.49562241269807
[3.7005669995533] -4.75192075300123
[3.75848219955333] -4.97508354367375
[3.81131039955289] -5.16690940097614
[3.86458929955324] -5.30732200906688
[3.917594299553] -5.42460294421221
[3.96882289955329] -5.52917471234744
[4.02130679955326] -5.60743315427246
[4.07322749955301] -5.6647242301424
[4.12596239955292] -5.697727762119
[4.17822159955313] -5.71602777629565
[4.23123179955292] -5.71389290212826
[4.28205679955317] -5.6967781965146
[4.33504759955304] -5.66515209918377
[4.38888389955309] -5.62186070104164
[4.44218709955294] -5.57212778913728
[4.49435769955289] -5.50518047762036
[4.54487219955308] -5.41974570199949
[4.5948432995533] -5.30214321201835
[4.64582439955302] -5.17318780619586
[4.69610339955307] -5.0361580601423
[4.745787799553] -4.89501949867351
[4.79527399955305] -4.75222668744389
[4.8459487995533] -4.5731257547254
[4.89511719955317] -4.38576503869625
[4.94439889955311] -4.20068075653138
[4.99186779955289] -3.99269796494301
[5.04134199955297] -3.75901270251876
[5.09242609955299] -3.51784296924301
[5.14210739955297] -3.28913719281556
[5.19006409955318] -3.06930236507907
[5.23812359955309] -2.85088812950242
[5.28793489955297] -2.66162924587819
[5.3352637995531] -2.49018808648883
[5.38242359955302] -2.33486987506902
[5.42841409955327] -2.20030020089915
[5.47658699955309] -2.07982642678063
[5.52433469955304] -1.9797614192702
[5.57220499955292] -1.89245151226915
[5.62103579955328] -1.82267156312676
[5.67232529955299] -1.75863062664625
[5.72470229955297] -1.72050120062698
[5.77257459955308] -1.70033717542536
[5.82024829955299] -1.69680800933399
[5.86753889955298] -1.70908891334959
[5.91559129955294] -1.73896671966652
[5.96106349955289] -1.78335040201995
[6.0084570995532] -1.84229420229504
[6.05519889955303] -1.91720753304344
[6.10182179955291] -2.01200036326954
[6.1497606995531] -2.12065298959082
[6.1953700995532] -2.24359348805264
[6.24292189955304] -2.38636322757479
[6.29047519955293] -2.53172720298666
[6.33674149955323] -2.69228308418336
[6.38400759955312] -2.85946222173834
[6.43012999955317] -3.02673962749945
[6.4764230995529] -3.19292860636371
[6.52258969955301] -3.36159484973288
[6.56851779955332] -3.53568267262396
[6.6163606995533] -3.70004050895598
[6.66233549955314] -3.8503929836528
[6.70941159955328] -3.98905268287932
[6.75621059955301] -4.12105269366499
[6.80248589955318] -4.2459019921512
[6.8488474995529] -4.37845140945676
[6.89432709955327] -4.48140752603501
[6.94120329955331] -4.55992680673123
[6.98733269955301] -4.6261338412458
[7.03377899955331] -4.68677888705837
[7.08100759955323] -4.72461970889151
[7.12686339955326] -4.75956029224764
[7.17376889955312] -4.78467528710199
[7.22153369955322] -4.77178200513241
[7.26757789955309] -4.72858574064399
[7.31474319955305] -4.67183454367077
[7.36042669955305] -4.60920796048093
[7.40763729955324] -4.54092151085837
[7.45479109955295] -4.45420337932968
[7.50224569955299] -4.35630813812165
[7.55031939955325] -4.2386656345611
[7.59665129955329] -4.11339042100427
[7.64389359955294] -3.98519818828861
[7.69245259955323] -3.86472727849417
[7.73907349955334] -3.74714083559292
[7.78685979955299] -3.62442612764487
[7.83501439955307] -3.49781859379983
[7.88194499955307] -3.36907719221526
[7.92718319955293] -3.24326513118355
[7.97320829955333] -3.10735118138322
[8.02075859955312] -2.97434877122282
[8.0669315995533] -2.8427938313226
[8.11433869955317] -2.71440610459808
[8.1608314995533] -2.60186793003236
[8.20701989955296] -2.49174263776784
[8.25419969955328] -2.38297950859764
[8.30115739955318] -2.28688437768592
[8.34822249955323] -2.21040631088826
[8.39392489955299] -2.14738048515373
[8.44003669955327] -2.09859816076322
[8.48713909955313] -2.06646425962303
[8.5331744995533] -2.04826278379102
[8.57911309955307] -2.04265378172401
[8.62738239955297] -2.05039684291016
[8.67327609955328] -2.07164506040836
[8.7194961995533] -2.10882199129054
[8.76572789955299] -2.16187319910527
[8.81197449955289] -2.227541119897
[8.85823989955315] -2.30705987940222
[8.90377879955304] -2.39759110986802
[8.95068529955324] -2.49127716461703
[8.99619439955313] -2.59307462918927
[9.04144239955303] -2.69989278065928
[9.08947649955326] -2.80152788172039
[9.13493919955317] -2.90611930450355
[9.18128179955329] -3.02560902789317
[9.22867089955298] -3.1427977093208
[9.2756377995529] -3.26357627806219
[9.32381019955301] -3.38274628206173
[9.37038629955305] -3.49726143427046
[9.41721359955318] -3.60979803630859
[9.46413529955316] -3.72274734365659
[9.51019509955313] -3.84110467713887
[9.55783229955296] -3.94879283956904
[9.6036942995529] -4.0460735526806
[9.65101799955301] -4.14247648855996
[9.69743729955326] -4.22194965406197
[9.74485259955327] -4.29330291733773
[9.79238479955302] -4.35361254848796
[9.83885339955305] -4.40202928701579
[9.88615159955316] -4.44460302124102
[9.93260009955293] -4.4744955012
[9.97917489955307] -4.48675241166001
[10.0267396995532] -4.48457868772954
[10.072435299553] -4.45878945409176
[10.1192993995533] -4.42035874121973
[10.1662201995532] -4.3896086354666
[10.2123403995533] -4.34568275920807
[10.2592329995532] -4.27661899897433
[10.304472799553] -4.18921937008487
[10.350874099553] -4.08774875730391
[10.3968138995533] -3.97831284618934
[10.4432291995531] -3.84951886160644
[10.4902973995531] -3.72269421960772
[10.5363577995531] -3.60541499257062
[10.5831490995533] -3.49369512004218
[10.629047199553] -3.38723344650536
[10.676075799553] -3.28621674803878
[10.7222585995532] -3.18241039089871
[10.7682787995532] -3.07587567302927
[10.8157775995533] -2.96387465610776
[10.862430399553] -2.85228593632077
[10.909266699553] -2.74307260393994
[10.9561043995532] -2.6443895677168
[11.0010244995533] -2.55135610517976
[11.0474827995531] -2.46302022623215
[11.092168399553] -2.3902536244313
[11.1372784995533] -2.32803777681606
[11.1832720995531] -2.27730747974545
[11.2276763995533] -2.23788609886451
[11.2736043995533] -2.20856751712287
[11.3197184995529] -2.19346553011572
[11.3651025995532] -2.19112128255421
[11.4109922995531] -2.20349884235597
[11.4564259995532] -2.22931976910431
[11.5020587995532] -2.27095728691052
[11.548582199553] -2.32570998257448
[11.5940545995531] -2.39359546304799
[11.6408643995533] -2.47107666644126
[11.6879830995531] -2.54697485381287
[11.7342589995533] -2.62482673997343
[11.781189199553] -2.70999164348449
[11.8265631995532] -2.79800438914373
[11.872498399553] -2.889578164412
[11.9185850995532] -2.97740348377187
[11.964439199553] -3.06575777022314
[12.0104180995531] -3.1548045117835
[12.0566365995533] -3.25651729101087
[12.102500899553] -3.36059702722378
[12.1489364995532] -3.46364822096803
[12.1942476995532] -3.55538052537334
[12.2412102995531] -3.65360588265321
[12.2881999995529] -3.74964421489706
[12.334297499553] -3.84698633407535
[12.3810679995531] -3.93804928773497
[12.426650499553] -4.00872965659339
[12.4730430995533] -4.07202718902288
[12.5193544995532] -4.11703045274508
[12.5660263995533] -4.15594014982183
[12.6126418995532] -4.17916300688928
[12.6583785995531] -4.19193750724983
[12.7048763995531] -4.20360166859663
[12.7526984995529] -4.20744319854242
[12.7987617995532] -4.2087582817157
[12.845795399553] -4.20294583445711
[12.8922730995532] -4.17310854099748
[12.938814999553] -4.12864713561282
[12.9866757995533] -4.07316100506934
[13.033217699553] -4.01446247982337
[13.0784211995533] -3.9541392950248
[13.1249238995533] -3.89211595831802
[13.170705899553] -3.82561038885083
[13.2178306995529] -3.76209002497615
[13.2634754995529] -3.68427822649639
[13.3080709995529] -3.60573655731497
[13.3551623995531] -3.49653784352991
[13.4005632995531] -3.38342031572192
[13.4477710995529] -3.27217849774122
[13.4953230995529] -3.17071400629256
[13.5407884995529] -3.07822399863933
[13.5874128995533] -2.98978963387185
[13.6336664995533] -2.90606932753039
[13.679864399553] -2.83050013283744
[13.725237999553] -2.75997853824607
[13.7718562995533] -2.68996163642606
[13.827488199553] -2.62879386058836
[13.8740507995531] -2.59118849331405
[13.9198549995531] -2.56256528442098
[13.9654762995533] -2.54568661005426
[14.011064799553] -2.53553693365076
[14.0574650995532] -2.53007187779116
[14.1067746995532] -2.53285587128588
[14.1535685995532] -2.54304434529294
[14.2034154995531] -2.56056367463876
[14.251400999553] -2.58493418413337
[14.2972998995533] -2.61366009577014
[14.3414946995531] -2.64787423214031
[14.3875069995529] -2.69284093784117
[14.4326753995533] -2.74333671805324
[14.4776746995531] -2.78586730928504
[14.5232581995533] -2.83614790257516
[14.5678129995531] -2.88996801801945
[14.6126667995532] -2.95158848211327
[14.6573803995529] -3.01483742542217
[14.7017735995532] -3.08380776452412
[14.7471028995533] -3.15412119366523
[14.7913650995533] -3.22486453019872
[14.8362690995532] -3.29504219157394
[14.8819691995532] -3.35671318622168
[14.9264024995532] -3.41674813401414
[14.9714434995531] -3.4820747045049
[15.0177375995531] -3.54001695218832
[15.0627771995532] -3.58547525298221
[15.1066133995532] -3.61757457140993
[15.1525235995532] -3.64451115404789
[15.1973349995533] -3.66538607281566
[15.2412418995532] -3.68404137609052
[15.2868150995532] -3.69627209016285
[15.333050099553] -3.70887638094925
[15.3791268995533] -3.73024133783903
[15.4268637995533] -3.7279374431303
[15.4727020995533] -3.7150525587025
[15.5196022995533] -3.69864003908658
[15.566884499553] -3.68893652405465
[15.613336499553] -3.67229656385483
[15.659986999553] -3.65606344294723
[15.7063884995532] -3.64123151732498
[15.7522703995533] -3.61976098580928
[15.7982217995532] -3.59276395296385
[15.8428168995533] -3.55507975985185
[15.8897826995531] -3.51213139670557
[15.9345617995532] -3.45745020390342
[15.9791407995531] -3.39395364990844
[16.0236996995532] -3.32920284021191
[16.0681526995531] -3.27529376333679
[16.1137829995532] -3.22507956717126
[16.159164099553] -3.1780764207345
[16.2037390995533] -3.13070923641757
[16.250005499553] -3.08272024117444
[16.2950883995532] -3.03951707957718
[16.3387086995531] -2.993593134655
[16.3845391995533] -2.94703368701903
[16.429991299553] -2.9030251292735
[16.4743540995532] -2.86606974815504
[16.5202504995532] -2.82239732795102
[16.5646956995533] -2.78028133237585
[16.6082883995532] -2.74502728921722
[16.6538482995529] -2.71597198017788
[16.6990897995529] -2.69485603808938
[16.7428026995531] -2.67896364030489
[16.7881081995533] -2.66691642529564
[16.8334394995532] -2.6636216939792
[16.8782510995529] -2.6621451471906
[16.921576399553] -2.65862271400053
[16.9658548995531] -2.66074384314128
[17.0100276995531] -2.66089237572406
[17.055029999553] -2.67087826346499
[17.0988522995531] -2.68470781558743
[17.1425750995531] -2.70620723901311
[17.187551899553] -2.73129718371902
[17.231811699553] -2.76645108149586
[17.2754319995529] -2.80842981831448
[17.3203187995532] -2.8583693667352
[17.3648027995532] -2.90610857568265
[17.4083614995529] -2.95089166496359
[17.4536184995532] -3.00730158319043
[17.4994799995529] -3.05094973364596
[17.545584599553] -3.09018540139394
[17.591092099553] -3.13839950377948
[17.635384399553] -3.17397705612477
[17.6809285995532] -3.20654380705905
[17.7255900995533] -3.24132563293141
[17.7701385995533] -3.28246843479884
[17.8162306995532] -3.33110713713914
[17.8611043995529] -3.37534936578439
[17.9062820995532] -3.41526829975614
[17.951801399553] -3.44567323565282
[17.9966035995531] -3.47270553908351
[18.0406806995529] -3.49942654137979
[18.0864920995532] -3.52020215244184
[18.1311627995533] -3.54245055761321
[18.1750566995529] -3.56401350424316
[18.2210780995533] -3.5847227535363
[18.2657457995533] -3.6012982927015
[18.3095994995533] -3.60658407117944
[18.3549507995531] -3.59988083349798
[18.3994404995533] -3.58822284366531
[18.4433418995532] -3.57743075685013
[18.4894157995532] -3.56561861244711
[18.5340020995532] -3.54462634713327
[18.5788322995531] -3.5151954693259
[18.624014899553] -3.48125897225368
[18.6689509995531] -3.43931122772489
[18.714574999553] -3.39792157734419
[18.7591726995529] -3.36600010163689
[18.8036763995533] -3.33292604115971
[18.848804399553] -3.29669272702577
[18.8932204995531] -3.25735646397277
[18.9379830995531] -3.2200187832013
[18.983521399553] -3.17489239631099
[19.0279992995529] -3.13047795629173
[19.0711040995529] -3.07709881950818
[19.1165302995532] -3.02118243636812
[19.1599747995533] -2.97266432190915
[19.207303999553] -2.92785831054474
[19.2535592995532] -2.88901518006399
[19.2976619995529] -2.84504269592544
[19.3413276995529] -2.80317253863406
[19.3859047995529] -2.76921253552864
[19.4300156995532] -2.74308881347558
[19.4732653995529] -2.72633413028596
[19.5187682995529] -2.70667782738209
[19.563121099553] -2.6910962632771
[19.6068196995529] -2.68215989806627
[19.6521625995533] -2.68000638756551
[19.6962759995531] -2.67822825936121
[19.7395894995529] -2.68020913618338
[19.784739999553] -2.6948395194508
[19.8300037995532] -2.71212141126747
[19.8733339995533] -2.73123290760714
[19.918531799553] -2.7541057590867
[19.962978899553] -2.7864738896013
[20.0063955995529] -2.81810602628407
[20.0514045995533] -2.85332917103419
[20.0955071995531] -2.88902020057415
[20.1386634995533] -2.92702442087563
[20.1841191995532] -2.97255888991846
[20.2288693995533] -3.01237023898463
[20.2720009995533] -3.05245591459294
[20.3174506995533] -3.09099855597478
[20.361809599553] -3.13061177369809
[20.4048854995531] -3.1648123731146
[20.4499851995533] -3.19642769655499
[20.4940576995532] -3.22242152466858
[20.5381217995532] -3.24909702664023
[20.5823379995531] -3.278864416975
[20.6267026995533] -3.31101523911194
[20.6706400995531] -3.34397776531169
[20.7159972995532] -3.37856261694336
[20.7603052995532] -3.39606718288387
[20.8049367995532] -3.40753313551861
[20.850569099553] -3.41638518983083
[20.8955215995529] -3.42595971385965
[20.9391806995532] -3.43816495392349
[20.9847015995533] -3.45034264991709
[21.0291356995531] -3.45851448125876
[21.072986399553] -3.45813206304658
[21.118273599553] -3.45823152881185
[21.1628259995532] -3.44707422447966
[21.2062823995529] -3.43153986171298
[21.2516453995531] -3.41138288944634
[21.295938099553] -3.39003214427261
[21.3391719995529] -3.36275065111872
[21.3848633995531] -3.32794661158911
[21.428860899553] -3.29497528993888
[21.4726215995529] -3.25091411046324
[21.5199463995532] -3.20295109751869
[21.5645763995531] -3.16260253458348
[21.6082201995532] -3.12517039693979
[21.6534508995533] -3.08909713385515
[21.6973666995532] -3.06421229047226
[21.7422631995532] -3.03152507506859
[21.7869654995529] -3.00197044817429
[21.8310406995533] -2.97143514194235
[21.8749533995533] -2.93539931538334
[21.9212769995529] -2.89726292690416
[21.9694317995531] -2.86904898175142
[22.018081099553] -2.85154282526513
[22.0623049995529] -2.84040604150648
[22.1058294995532] -2.83074121630794
[22.1509714995532] -2.8226853978414
[22.1952857995529] -2.81794981236469
[22.2385568995533] -2.81755493613134
[22.2842756995533] -2.81863183098592
[22.328124099553] -2.82547801493497
[22.371543399553] -2.82577993131054
[22.4172444995529] -2.82870402503337
[22.4618327995531] -2.83907492341633
[22.505058399553] -2.85768958914147
[22.551393099553] -2.87903451811141
[22.5950926995533] -2.90021687763675
[22.638533499553] -2.92846191538247
[22.6845719995531] -2.95542194650139
[22.7286343995529] -2.97937214036875
[22.771829499553] -3.00173407672011
[22.8178018995532] -3.02581658397008
[22.8616273995531] -3.04943993433888
[22.9052103995532] -3.07744540372158
[22.9513001995533] -3.10789648668575
[22.9959325995533] -3.13653479829381
[23.0397659995533] -3.16993656850686
[23.0850659995531] -3.19539082718769
[23.1288982995529] -3.21599814665731
[23.1733084995531] -3.24757144829604
[23.2181396995529] -3.27804061235599
[23.2623246995531] -3.29402085992233
[23.3063779995532] -3.30295699645254
[23.3534237995532] -3.3068359523739
[23.3974739995533] -3.31101598337199
[23.4414343995531] -3.32096678680318
[23.486671399553] -3.3312411250993
[23.5318972995533] -3.34365727098167
[23.5768355995533] -3.35541721374905
[23.6217950995533] -3.36373174722326
[23.6663150995532] -3.37249473261284
[23.7105428995533] -3.37087361540678
[23.754950599553] -3.36062256541082
[23.8006267995529] -3.35073132177394
[23.8457066995529] -3.33622577226878
[23.8895528995531] -3.32139105745881
[23.9337226995531] -3.30573334881296
[23.9790055995531] -3.28975128074512
[24.0225836995533] -3.26658616141596
[24.0665153995533] -3.23892212390518
[24.1112488995532] -3.21471965341257
[24.1559383995532] -3.19459049010068
[24.2003018995533] -3.17429115550974
[24.2461890995532] -3.15458482885236
[24.2896130995532] -3.13801990714455
[24.3336179995531] -3.12216008118456
[24.3786040995533] -3.10080048001745
[24.4225306995531] -3.07473318767042
[24.4666797995533] -3.05119100273882
[24.5131957995532] -3.02030245960786
[24.5568241995529] -2.99504570697742
[24.6007669995529] -2.96562928863031
[24.645674199553] -2.93616375483998
[24.6892815995529] -2.91024573122736
[24.7332498995529] -2.88761218330836
[24.7774310995533] -2.86761468751914
[24.8216485995531] -2.85773674673466
[24.865615099553] -2.85274458662987
[24.9100839995531] -2.85115776636614
[24.9545132995531] -2.85795286260696
[24.9981004995529] -2.86858026214018
[25.0422496995529] -2.87741486017194
[25.0873216995533] -2.88944578289055
[25.1339694995531] -2.90475233147887
[25.1790931995533] -2.91594495239858
[25.2225823995532] -2.91972685046674
[25.2660133995532] -2.9257489759446
[25.3103335995529] -2.93724840814382
[25.3550115995531] -2.95481881769872
[25.3987591995533] -2.97874219614016
[25.443169699553] -3.00618409744064
[25.487778999553] -3.03224967472198
[25.5316981995529] -3.05398268627374
[25.5764844995533] -3.07664026184466
[25.6207687995529] -3.10157868309626
[25.6647079995532] -3.13170557809946
[25.7090419995529] -3.16733357954162
[25.7540767995533] -3.20390857448785
[25.7993723995532] -3.2412946708578
[25.8443016995529] -3.27314316686662
[25.888397099553] -3.29495941477693
[25.9326367995532] -3.3043802185
[25.9786455995531] -3.31195664619473
[26.0253353995531] -3.32497867523298
[26.069596799553] -3.34052428299708
[26.1151280995532] -3.35688661171564
[26.1590413995532] -3.36607777957765
[26.2028140995531] -3.37827690558613
[26.2477016995531] -3.39799666755728
[26.2919036995531] -3.41261669350409
[26.3359659995531] -3.42057552835369
[26.3818511995532] -3.42772269512128
[26.425941599553] -3.43280110268712
[26.469929499553] -3.42624849209238
[26.5150214995533] -3.41542653016809
[26.5651823995531] -3.40610004260115
[26.6103289995531] -3.39638280274897
[26.655216699553] -3.37650507701478
[26.6988217995531] -3.34803926852435
[26.7433865995531] -3.30967351313194
[26.7875003995532] -3.27714844775919
[26.8318031995532] -3.23915185192648
[26.875605099553] -3.20373642388186
[26.9207192995532] -3.17228576223637
[26.9652430995529] -3.14073301633533
[27.009635199553] -3.1018560753745
[27.0546938995531] -3.0629945057909
[27.0990317995529] -3.02992599683454
[27.1429460995532] -3.00190434563096
[27.1877985995529] -2.98540051021327
[27.232420799553] -2.97063484175784
[27.2764543995531] -2.95626558992812
[27.3214514995529] -2.94079682460526
[27.3655949995532] -2.91888290442645
[27.4098229995529] -2.8972569105681
[27.4550479995532] -2.87617718116331
[27.4987514995532] -2.85483841836654
[27.542085599553] -2.83380292253122
[27.5867114995531] -2.81595900806536
[27.6317701995531] -2.80031588030278
[27.6755278995529] -2.78787806151924
[27.720206899553] -2.77846982849245
[27.7641347995532] -2.77490737530172
[27.8074792995531] -2.7760286452026
[27.8532741995532] -2.78181309599837
[27.8975316995529] -2.79034510751491
[27.9415128995529] -2.80355789668087
[27.986442499553] -2.82771677736902
[28.0303316995532] -2.84636325485612
[28.0741347995531] -2.86814797090362
[28.1193589995532] -2.89404351121614
[28.163817999553] -2.92251633658138
[28.206987599553] -2.95413681466397
[28.252305299553] -2.9930001953222
[28.297033499553] -3.03397173055185
[28.3410896995533] -3.0760579511889
[28.3868267995531] -3.11855887166378
[28.4320647995532] -3.15490719353858
[28.476528399553] -3.18473001531878
[28.5217887995532] -3.21260524382603
[28.5661225995532] -3.24516586342337
[28.6104740995529] -3.27486040947312
[28.655807999553] -3.29681818833076
[28.7017929995532] -3.32719357504611
[28.747228999553] -3.34316152530033
[28.791857399553] -3.35758064686016
[28.8373538995529] -3.38125111568371
[28.8835172995532] -3.39627349456096
[28.9283653995531] -3.40167578571973
[28.971564899553] -3.40820400118145
[29.017197399553] -3.41213078021056
[29.061411099553] -3.4211299581188
[29.1045735995531] -3.43458987362931
[29.1492149995529] -3.43244485350583
[29.1942262995531] -3.42359128791328
[29.239097999553] -3.41829095916367
[29.2832856995533] -3.40795412234638
[29.333126599553] -3.38798306391746
[29.388556499553] -3.37253945818424
[29.4373680995532] -3.35724503752584
[29.4838129995533] -3.34622188555275
[29.5331440995533] -3.34337664122617
[29.5862401995532] -3.34529445004074
[29.6343268995529] -3.35024311484108
[29.681406399553] -3.35395229912587
[29.7256911995532] -3.36277317843356
[29.770520299553] -3.36975566157284
[29.8156515995529] -3.3647816359131
[29.8593464995533] -3.35842336780303
[29.9041063995533] -3.3572899719591
[29.9492766995531] -3.35555538517893
[29.9941667995531] -3.34254717100721
[30.0390186995533] -3.32308011946685
