[0] 0.0384159982822701
[0.0199999995529652] 0.15366399312908
[0.0366666689515114] 0.308395131112655
[0.0533333383500576] 0.516481842143111
[0.0681681383500745] 0.746578513460564
[0.0848348077486207] 1.05551194442771
[0.101501477147167] 1.41780094844188
[0.118168146545713] 1.83344552550296
[0.13217124654571] 2.22391069546439
[0.148837915944256] 2.73773944331646
[0.165504585342802] 3.30492376421538
[0.182171254741348] 3.9254636581612
[0.19664855474133] 4.50779069294391
[0.213315224139876] 5.22803283206531
[0.229372824139858] 5.97242074574868
[0.245243624139874] 3.88902934561478
[0.257587324139877] 4.01696971870278
[0.274253993538423] 4.43925209499779
[0.290509093538418] 4.88638184517897
[0.306731993538421] 5.36539786890789
[0.323398662936967] 1.62421698366626
[0.337152962936955] 1.71897753948314
[0.352828762936952] 1.81900879881043
[0.368961262936949] 1.93774611562257
[0.385600662936952] 2.06543005791621
[0.402267332335498] 2.19000320520629
[0.418934001734044] 2.33470017094049
[0.435395001734065] 2.47376769550451
[0.451754901734063] 2.61601887418609
[0.468421571132609] 2.77345357320343
[0.479699871132624] 2.87544532532349
[0.49636654053117] 3.04299846400323
[0.508494140531184] 3.1612994151614
[0.52516080992973] 3.33801740433847
[0.541089609929742] 3.51195758533644
[0.557756279328288] 3.68990443395562
[0.574114579328295] 3.87361569915675
[0.590781248726842] 4.076005087328
[0.607447918125388] 4.26207503593432
[0.614163218125384] 4.34269482755423
[0.63082988752393] 4.55642654580493
[0.647403087523912] 4.75532604498566
[0.663185987523917] 4.96667553001508
[0.679468987523904] 5.1859139624236
[0.69587598752392] 5.39582444780305
[0.712542656922466] 5.63456338567962
[0.728326656922462] 5.85513512600115
[0.744993326321008] 6.08734901437896
[0.751880026321004] 6.18682757154318
[0.76854669571955] 6.44142244274829
[0.784456095719577] 6.67339992550239
[0.800773295719551] 6.92812897766963
[0.81713859571957] 7.18865905117717
[0.833805265118116] 7.44557080999838
[0.849671465118121] 7.70684023022386
[0.865733165118115] 7.97664916715501
[0.882399834516661] 8.24749337310316
[0.89012413451664] 8.37796944753345
[0.905573034516664] 8.64945267245944
[0.92202713451664] 8.93246546676403
[0.938693803915186] 9.23424085279904
[0.955360473313732] 9.53783508794951
[0.969141473313726] 9.78581299130988
[0.985190673313724] 10.0913675885762
[1.00128817331372] 10.4024576272072
[1.01795484271227] 10.7140101519764
[1.02448714271227] 10.8414602238139
[1.04000204271227] 11.1569484028155
[1.05666871211082] 11.4811148010903
[1.07281941211082] 11.8162390465176
[1.08948608150936] 12.1684598708799
[1.10535068150935] 12.4932806619402
[1.1220173509079] 12.860630049569
[1.13782935090791] 13.2112375141248
[1.15449602030645] 13.5700880384716
[1.16186122030643] 13.7382147931305
[1.17576512030644] 14.0623225966082
[1.19243178970498] 14.4403131096664
[1.20909845910353] 14.8393967320066
[1.22361385910355] 15.1940383461399
[1.2402805285021] 15.5923674653504
[1.25511492850208] 15.9682399735546
[1.27178159790063] 16.4009829120094
[1.28844826729917] 16.8237901259184
[1.29524826729917] 17.0046143176248
[1.31121216729917] 17.4409512540561
[1.32735626729917] 17.8722037474317
[1.34355046729917] 18.334295337656
[1.35951806729918] 18.800925738353
[1.37618473669772] 19.2796334588134
[1.39242663669771] 19.7782101169912
[1.40805083669773] 20.2696773031687
[1.42471750609627] 20.7897302543689
[1.43148810609628] 21.0115934016062
[1.44724570609628] 21.5433723528131
[1.46351610609628] 22.0854525751243
[1.47972850609628] 22.6649270789881
[1.49554970609628] 23.2462429621532
[1.51221637549483] 23.8587723894264
[1.52860187549484] 24.5001613861267
[1.54526854489339] 25.1769790135171
[1.56193521429194] 25.8560859870519
[1.56891021429192] 26.1560398592511
[1.58354011429194] 26.8028307373928
[1.59975691429193] 27.5184151185556
[1.61642358369048] 28.3020592531848
[1.63190178369047] 27.5957664506281
[1.64856845308901] 27.5904437907831
[1.66456975308901] 28.2155960147042
[1.68123642248756] 28.8975910637146
[1.6979030918861] 29.5876435423181
[1.7135716918861] 29.7882135806516
[1.73023836128465] 29.4369743075189
[1.74690503068319] 29.6822599884602
[1.7614533306832] 29.9757862888779
[1.77812000008174] 30.3334417492032
[1.79232340008176] 30.6346401077764
[1.8089900694803] 31.0370396038974
[1.82565673887885] 31.4634932474391
[1.84231443887884] 31.8894635127877
[1.85898110827739] 32.364056377525
[1.87564777767594] 32.8632371554437
[1.88711287767595] 33.2032084000779
[1.90377954707449] 33.7437032071532
[1.91948904707448] 34.2799504313094
[1.93572914707448] 34.8361904644153
[1.95239581647303] 35.4558161454254
[1.96906248587158] 36.0998926622929
[1.98572915527012] 36.6040134071884
[2.00239582466867] 37.1578109231913
[2.01871412466866] 37.702203514486
[2.03538079406721] 38.2653176022089
[2.05204746346575] 38.8746082333592
[2.06607336346573] 39.3792485305811
[2.08274003286428] 39.9664556427094
[2.09940670226283] 40.5804870299865
[2.11607337166137] 41.1982313634151
[2.13261327166137] 41.7923257343652
[2.14927994105992] 42.4241483829886
[2.16594661045846] 43.0556898333668
[2.18032971045844] 43.5832858144129
[2.19699637985698] 44.2241039933795
[2.21366304925553] 44.8693716311615
[2.22921344925552] 45.452727267564
[2.24523494925555] 46.0822343866949
[2.26190161865409] 46.7398988676216
[2.2763823186541] 47.2950204452096
[2.29304898805265] 47.9643969652091
[2.30712788805266] 48.5298406921017
[2.32321078805265] 49.1551017625951
[2.33987745745119] 49.834199474266
[2.35654412684974] 50.5204568482767
[2.36796282684975] 50.9727107135839
[2.38453252684974] 51.6596088427561
[2.40119919624829] 52.3586629698601
[2.41711249624828] 53.0011061968174
[2.43377916564683] 53.7042148108911
[2.44750696564682] 54.2878778752264
[2.46320666564682] 54.9352576493125
[2.47987333504537] 55.649128309989
[2.49642633504536] 56.3686845375905
[2.51250333504535] 57.0397623680103
[2.52767503504538] 57.7024643882116
[2.54434170444392] 58.4393478093801
[2.56086980444391] 59.1426964744357
[2.57753647384246] 59.88492095395
[2.58872987384245] 60.366168090442
[2.60537757384247] 61.1160977693109
[2.62156707384247] 61.8502246713982
