[0] 0.0169222766125162
[0.0199999995529652] 1.25481098330436
[0.0881290995530435] 2.54769418689671
[0.124553799552814] 3.40006777633777
[0.148919199553347] 4.06036438801074
[0.165099399553583] 4.53046737323283
[0.183001099552712] 5.0780412107539
[0.198527299553461] 5.57582411743595
[0.216453699553313] 6.18029380790875
[0.232063899553395] 6.72180268631165
[0.253152799552481] 7.50418274575826
[0.261582699553401] 7.81835732233676
[0.282648899552441] 8.6841748713505
[0.299256199552474] 9.35898867610437
[0.316237599552551] 10.0898427545087
[0.3318278995539] 10.7885122793986
[0.347270999553075] 11.5098060044333
[0.365889699553009] 12.3974858338707
[0.383068699553405] 13.2495055538478
[0.398407399552525] 14.0458196456819
[0.414700299552351] 14.8958913041916
[0.431224999552796] 15.8035972511343
[0.44960869955321] 16.8236112092529
[0.466047799553053] 17.7799694951542
[0.481360299552762] 18.6864622615128
[0.49799139955212] 19.6785790029833
[0.514612599552493] 20.7235359135888
[0.531799899552425] 21.8346620961641
[0.548523999552344] 22.930616205243
[0.565931999553868] 24.0942954859874
[0.583001099552348] 25.2684380014319
[0.599402399553583] 26.4342792270805
[0.616040199553026] 27.6404438494359
[0.631405399553842] 28.7699058516734
[0.647992499552856] 30.0081729650536
[0.665312099552466] 31.3549221570116
[0.682188299553673] 32.669486530881
[0.699032599553902] 34.0120236973108
[0.715738499553481] 35.3875107909141
[0.732075099553185] 36.7428932783135
[0.749406599552458] 38.2414409492775
[0.765807499552466] 8.8610886326878
[0.779915599552623] 9.18054363804011
[0.799296699553452] 10.0367068844314
[0.815551299552681] 10.7731086247669
[0.83192989955387] 11.519458976837
[0.84811889955381] 12.2970060886111
[0.865358299552099] 13.1505987396425
[0.881971099552175] 13.9990192446527
[0.898602099552591] 14.8975590758531
[0.915438699552396] 15.7847103475752
[0.933257199552827] 16.7851231847566
[0.948023699553232] 17.6327550600041
[0.965894299553838] 18.6985633252125
[0.982852499553701] 19.7186915907674
[0.998912399552864] 20.7228251828185
[1.01530599955368] 21.7873733625894
[1.03270429955228] 22.9105605368316
[1.04921649955213] 24.0268869269892
[1.06518309955209] 25.116083533259
[1.08125529955214] 26.2460314367225
[1.09788149955239] 27.4380865471506
[1.11601859955226] 28.7751631531998
[1.13246839955355] 29.9997260739224
[1.14831299955222] 31.2323036585078
[1.16598049955246] 32.6035407287415
[1.18264419955267] 33.9565945859292
[1.19890249955279] 35.2739792596123
[1.21654169955218] 36.7607359128245
[1.23202589955326] 38.0542086930523
[1.24841649955306] 39.4769457289787
[1.26478529955239] 40.9431282049145
[1.28153429955273] 42.4131004029971
[1.29826649955248] 43.9440391082622
[1.31494939955337] 10.0527987924404
[1.33142289955322] 10.8056539105183
[1.34794559955299] 11.5551302510298
[1.36615169955257] 12.4262607420584
[1.38248249955359] 13.2386011727479
[1.3991994995522] 14.0931653086506
[1.41511049955261] 14.9456396605605
[1.43233379955382] 15.8744268325075
[1.44896389955284] 16.8109651389846
[1.46491549955317] 17.7482024854328
[1.48131199955242] 18.7038775573722
[1.49928779955371] 19.7923842413955
[1.51554029955332] 20.8145187987065
[1.53138649955326] 21.8429169005172
[1.54852569955256] 22.9506055341929
[1.56448819955222] 24.0223021380286
[1.58132559955266] 25.1807080523007
[1.59979679955359] 26.4829212842523
[1.61627629955365] 27.6828390438394
[1.63297719955335] 28.907170841001
[1.64880739955333] 30.0899437333997
[1.66542649955227] 31.3690642354647
[1.68152149955313] 32.6432940122258
[1.69781019955371] 33.9560510858628
[1.71622389955337] 35.4797333855194
[1.73279339955297] 36.8377147064071
[1.74822499955371] 38.1491684198299
[1.76443389955239] 39.5449812925148
[1.78264069955367] 41.1515781973241
[1.79818919955324] 42.5756601178942
[1.8162144995531] 1.87964453932092
[1.83110259955356] 1.61223030627417
[1.84866409955248] 1.31639706651177
[1.86524809955336] 1.06435209098665
[1.8812172995531] 0.850831271601731
[1.89957969955321] 0.632274053975077
[1.91549659955308] 0.469230922125117
[1.93318489955345] 0.316410718799872
[1.94836709955234] 0.206982179198313
[1.96465239955251] 0.117561844994327
[1.98269089955284] 0.0476960379731182
[1.99896969955262] 0.0110958475799952
[2.01473159955276] 8.54471166637492E-06
[2.03215339955386] 25.9945139297339
[2.04963419955311] 24.773582862241
[2.06577209955321] 23.6722607838659
[2.08198589955282] 22.5805953807005
[2.09957349955221] 21.4503647159517
[2.11561969955255] 20.4303768781228
[2.13247359955312] 19.3855598419846
[2.14910219955345] 18.3805402372408
[2.16563829955339] 17.4190756470119
[2.18149489955249] 16.5008356330755
[2.19873289955285] 15.556581867193
[2.21562309955334] 84.4358594147719
[2.23206549955285] 82.3783748617103
[2.24804939955357] 80.317644052138
[2.26590669955294] 78.1693056699517
[2.28238869955385] 76.1378298899881
[2.29845599955297] 74.216607806482
[2.31498649955211] 72.2590940814299
[2.33232579955256] 70.233278320352
[2.34831139955349] 68.3921552106926
[2.36579449955389] 66.3955875592772
[2.38273999955345] 64.4953393314475
[2.39904909955294] 62.6880201165908
[2.41544439955214] 60.8923860839123
[2.43155069955355] 59.1708468598199
[2.44828889955352] 57.3926574479787
[2.46512429955328] 55.6406026285103
[2.48220929955278] 53.8797328028494
[2.49830389955241] 52.2618799339622
[2.51580889955221] 50.5245710254222
[2.53231309955299] 48.9089126350899
[2.54947339955288] 47.2476163221633
[2.56577589955305] 45.7129836657925
[2.58191729955252] 44.210319308864
[2.59891029955361] 42.6619938063088
[2.61591149955348] 41.1251613736627
[2.63176039955215] 39.7359524887442
[2.6484949995538] 38.2751005040067
[2.66602539955238] 36.7973018149001
[2.6816950995526] 35.4855864197957
[2.69871879955281] 34.0929044033997
[2.71544189955239] 32.7453102848532
[2.73245079955268] 31.40772731951
[2.74837779955305] 30.193129028216
[2.76550739955383] 28.9015861338329
[2.78141659955327] 27.713010384043
[2.79981779955233] 26.3912316431308
[2.81520369955251] 25.2979843372973
[2.831360999553] 24.19201087937
[2.84895769955256] 23.0102700625405
[2.86576839955342] 21.9071762457938
[2.88210969955253] 20.8513742087185
[2.89888799955224] 19.8092083591557
[2.91563309955382] 18.790643189612
[2.93144939955346] 17.8389356503857
[2.94892919955237] 16.8314790572657
[2.96578999955273] 15.8918503388144
[2.98145859955366] 15.0365008356861
[2.9985862995527] 14.1284691106478
[3.01588559955235] 13.2375171927411
[3.03179689955323] 12.446081341545
[3.04946449955241] 11.60227315375
[3.06530569955248] 10.862868724741
[3.0813067995532] 10.1397962954099
[3.09880779955347] 9.38802676565818
[3.11485329955212] 8.71748384499253
[3.13265049955226] 8.00381270318317
[3.14875209955244] 7.3800774553617
[3.16566649955348] 6.75875556263887
[3.18263829955322] 6.16317636130146
[3.19937799955369] 5.59771419071838
[3.21587539955362] 5.06446487885998
[3.23169489955217] 4.58143154315266
[3.24843619955209] 4.09370650064123
[3.26587949955319] 3.62795416459997
[3.28170819955267] 3.2208901252191
[3.29916479955318] 2.8036146294724
[3.3159604995526] 2.42690232023286
[3.33161079955244] 2.09754146237109
[3.34938379955383] 1.75467501503747
[3.3659223995528] 1.46688895445273
[3.38221759955377] 1.20608427471967
[3.39859159955267] 0.967888966328549
[3.41605859955234] 0.743631067036746
[3.43199249955251] 0.565715024784371
[3.4488058995521] 0.403444322492438
[3.46557059955376] 0.270110347418682
[3.48234459955347] 0.162446495848687
[3.49936509955296] 0.0813869297552218
[3.51573499955339] 0.0292794917996402
[3.53167509955347] 0.00364569721366519
[3.54918979955255] 0.00378300624216223
[3.56485889955366] 0.0284577966071514
[3.58239029955257] 0.0845452989268532
[3.59813939955347] 0.1604314189265
[3.61528839955281] 0.269356690694711
[3.63264559955314] 0.408315264622689
[3.64872849955282] 0.563809180509893
[3.66547539955354] 0.751585331262379
[3.68252669955291] 0.973442477649928
[3.69853969955329] 1.20339664282257
[3.71611079955255] 1.48385148431214
[3.73189049955363] 1.76250516335551
[3.74884739955269] 2.09147788750803
[3.76513139955387] 2.42803068642126
[3.78227639955367] 2.81667098831259
[3.79871459955211] 3.21158489963631
[3.81459269955303] 3.61870081462173
[3.83199269955367] 4.08951117552279
[3.84791669955302] 4.55938879958127
[3.86554039955263] 5.08326196282988
[3.88161769955332] 5.60007126517581
[3.8986194995523] 6.19220712814252
[3.91670209955373] 6.81198401809428
[3.93224179955359] 7.38469516425502
[3.94887499955257] 8.0275330232714
[3.96575249955276] 8.70704179490161
[3.98200279955381] 9.38080613400087
[3.99911909955335] 10.1218374695998
[4.01588969955264] 10.8810018864485
[4.03220049955235] 11.6334452249381
[4.04895619955278] 12.4408156251142
[4.06508229955216] 13.2514574745206
[4.08271749955384] 14.1545757709824
[4.09802389955257] 14.9555972977566
[4.11466729955282] 15.8611705275513
[4.13264959955268] 16.8692878654473
[4.14910429955307] 17.8296553735969
[4.16575339955307] 0.397529398496833
[4.18165159955242] 0.270553880908223
[4.19879629955358] 0.16038966848062
[4.2152192995527] 0.0824291398462086
[4.23151179955312] 0.0303673824873206
[4.24939839955368] 0.00249689132277561
[4.26637609955287] 0.0045216067211434
[4.28195279955253] 0.0308224392879761
[4.29810999955225] 0.0828623764658269
[4.31553669955247] 0.167141768991764
[4.33274269955291] 0.27866585320946
[4.34859919955306] 0.408334870373333
[4.36609929955375] 0.577670178716408
[4.38214199955291] 0.757562918145924
[4.39948769955299] 0.982335398201383
[4.41556269955254] 1.22078764514646
[4.43263999955343] 1.48991302290167
[4.44910219955273] 1.78289040187556
[4.46511919955265] 2.09236302119191
[4.48216439955286] 2.4487545374343
[4.49931559955257] 2.8344810868519
[4.51582679955209] 3.23346896434519
[4.5316829995536] 3.6418673907306
[4.54813209955319] 4.08897284960048
[4.56469629955245] 4.5650934612209
[4.58233659955295] 5.1062158114274
[4.59822789955251] 5.61905402711593
[4.61595789955209] 6.21480259911437
[4.63236979955218] 6.79225739708204
[4.64859969955251] 7.39055169115695
[4.66522609955246] 8.03682845199661
[4.6825004995535] 8.72965842552036
[4.69941509955243] 9.44399585549786
[4.71600729955389] 10.1513481265298
[4.73215709955366] 10.8774697664945
[4.74866609955279] 11.6516850366414
[4.76556969955345] 12.4678373804403
[4.78198079955291] 13.285741333277
[4.79933209955379] 14.1729707953225
[4.8150204995527] 14.9995281953392
[4.83197699955235] 15.9300295281833
[4.84970089955277] 16.9247083986743
[4.86543089955376] 17.8458045813356
[4.88202669955353] 18.8190462788591
[4.89936899955319] 19.8758843252897
[4.91526379955212] 20.875772233441
[4.93324899955223] 22.030512000127
[4.9487469995529] 23.0597904687044
[4.96527309955309] 24.1602511021105
[4.98272439955326] 25.3951484845927
[4.99908789955225] 26.5236633708405
[5.01614159955352] 27.7679090971147
[5.03195189955295] 28.9224594964937
[5.04902039955232] 30.2140212997328
[5.06579819955368] 31.5016820832606
[5.08266799955345] 32.8458309620255
[5.09885289955309] 34.1308186632843
[5.11594439955297] 35.5279385836398
[5.13178589955351] 36.8585276423705
[5.1486749995529] 38.2962189324497
[5.16551279955274] 39.7451018325083
[5.18259249955372] 41.2565408529164
[5.19810339955256] 42.6588235613173
[5.2154478995526] 44.243249182696
[5.23135379955238] 45.7182285457063
[5.24840919955386] 47.3347611590379
[5.26515079955243] 48.9452755292764
[5.28208389955216] 50.6143996563078
[5.29937569955291] 52.3212423431918
[5.31536179955219] 53.9503493012737
[5.33262799955264] 55.7234544055115
[5.34867289955218] 57.3892115997438
[5.36560119955357] 59.1754906637791
[5.3819843995534] 60.9345402491852
[5.39876649955295] 62.7713110263839
[5.4159227995533] 64.686549952047
[5.43173349955214] 66.4409281429113
[5.44845159955366] 68.3418443004684
[5.46475839955383] 0.169337594009782
[5.48180469955332] 0.0851494115875185
[5.49922939955286] 0.0298718865631
[5.51602899955287] 0.00316727814268248
[5.53192519955337] 0.00289976270853286
[5.5492341995523] 0.0308360684166406
[5.56589129955319] 0.0842627831285096
[5.58189909955217] 0.16067215735059
[5.5986874995524] 0.267360937732104
[5.61586169955262] 0.405683108961929
[5.63170429955244] 0.556625673660362
[5.64898129955327] 0.749599790553794
[5.66610029955336] 0.970741069664416
[5.68152689955241] 1.19256090973967
[5.69893589955245] 1.46935847844453
[5.71577379955306] 1.76610236734469
[5.73216399955345] 2.08341819235236
[5.74811489955209] 2.41362671005076
[5.7650114995522] 2.79035479036268
[5.78180129955217] 3.19693545495497
[5.79874089955229] 3.62732815324086
[5.81509439955335] 4.07182742900175
[5.83229789955294] 56.4140690579353
[5.84896989955269] 54.7053976748803
[5.86489019955297] 53.0532926245722
[5.88195819955217] 51.3516995798357
[5.89925819955351] 49.6454603473741
[5.91505769955256] 48.1159038288446
[5.93184819955241] 46.5143816732963
[5.94878539955243] 44.9121246024517
[5.96508519955387] 43.4297947673497
[5.9821483995529] 41.8837639637083
[5.99942539955373] 40.3393135072027
[6.01487939955223] 38.9931267324062
[6.03179709955293] 37.5429259654755
[6.04860109955371] 36.1282442146259
[6.06476249955267] 34.7820130847407
[6.08255679955255] 33.3434039417238
[6.09806509955342] 32.1183318699582
[6.11628149955322] 30.6989989519539
[6.13203989955218] 29.5034502476372
[6.14876759955223] 28.2531960303945
[6.16560659955212] 27.0337383266503
[6.18225209955381] 25.8251676980849
[6.19989599955261] 24.6139736685542
[6.21516609955324] 23.5729202647614
[6.23198809955284] 22.4573547021057
[6.2487806995523] 21.3662000432039
[6.26463299955321] 20.3187993308365
[6.28155829955358] 19.3149959873624
[6.29867579955317] 18.2834588842874
[6.31542659955267] 17.3017517844886
[6.33259769955293] 16.3212058030697
[6.34909229955338] 15.4019993516222
[6.36509529955219] 14.5488246933831
[6.38208789955388] 13.6684904168805
[6.39892329955364] 12.8134625024322
[6.41486669955339] 12.039677113011
[6.43236569955297] 11.2050478705742
[6.4491800995529] 10.4448273973866
[6.46550969955388] 9.72480339092828
[6.48209479955221] 9.01922163988519
[6.49895859955359] 8.33181388206091
[6.51599809955223] 7.6641321375162
[6.53137279955263] 7.0801038179253
[6.54827149955236] 6.47359955245783
[6.56608529955338] 5.86071572778083
[6.58161529955214] 5.34841549194741
[6.59856089955247] 4.81661248903198
[6.61580289955236] 4.30147372481684
[6.63235989955319] 3.84535359276944
[6.64874489955218] 3.40945242486123
[6.6654642995527] 2.99346164769536
[6.68283609955324] 44.5709592710544
[6.69931919955343] 43.0732729856965
[6.71494479955254] 41.6609949176069
[6.73253989955265] 40.0935029509624
[6.74802009955238] 38.7599142474836
[6.76488399955269] 37.2993111056135
[6.78206199955275] 35.8439722526952
[6.79825429955235] 34.5119244225206
[6.81559059955362] 33.1200844800605
[6.83253619955212] 31.7927473358722
[6.84887609955331] 30.5284793770831
[6.86517019955318] 29.2886300424125
[6.88261369955217] 27.9869133325327
[6.89954009955363] 26.7573454442235
[6.91509329955261] 25.6601858167293
[6.93285119955362] 24.42587025445
[6.94878849955239] 23.3424054512442
[6.96476009955222] 22.2941292777848
[6.98232519955309] 21.1587371598905
[6.99813599955269] 20.1498391133594
[7.01582209955268] 19.0593300775482
[7.03199389955262] 18.1087589822916
[7.04852869955357] 17.1453037155033
[7.06525539955328] 16.1890202653285
[7.08135709955241] 15.3110429100799
[7.0987818995527] 14.3729053266328
[7.11562429955302] 13.5055936495093
[7.13217769955372] 12.6765255813304
[7.14956419955342] 11.8219141743557
[7.16541159955341] 11.0878247298645
[7.18260599955283] 10.3091495373005
[7.19801289955285] 9.62513248884112
[7.21593169955304] 8.8676819531139
[7.23271379955258] 8.1964485880929
[7.24877589955213] 7.57461651759146
[7.26563239955249] 6.9434518413582
[7.28210699955343] 6.34618969564807
[7.29827899955308] 5.80007824497682
[7.3159473995529] 5.22463803899949
[7.33268639955349] 4.70740668187711
[7.34897969955273] 4.22810811902765
[7.36534389955341] 3.77610637844953
[7.38169529955303] 3.34715935296077
[7.39947579955333] 2.9116294766841
[7.41539199955332] 2.54769794003662
[7.43230659955225] 2.18920868526155
[7.44797109955289] 1.87904486416781
[7.46507299955374] 1.5682343664026
[7.4822767995538] 1.28166103082757
[7.4991503995534] 1.03197832659307
[7.51486749955257] 0.82171034863392
[7.5316915995536] 0.623647985653788
[7.54854419955336] 0.452348600571839
[7.5657159995535] 0.306857634016069
[7.58257819955361] 0.191054329640831
[7.59848629955377] 0.106034974426863
[7.61593559955327] 0.0418613043272869
[7.63163569955213] 0.00935714061049513
[7.64977399955387] 0.000904007657159624
[7.66532889955306] 0.0188859871662406
[7.68252009955359] 0.0660804038126723
[7.69810379955379] 0.133236054949263
[7.71589339955244] 0.238322452188628
[7.7315270995532] 0.356344974464144
[7.74872569955369] 0.513132727371361
[7.76575879955271] 0.69603687730771
[7.7822463995526] 0.899186317665051
[7.79824379955244] 1.12283252105922
[7.81578649955372] 1.39576380666143
[7.832119699553] 1.67370305236029
[7.84922879955229] 1.99532007764778
[7.8658496995522] 2.33529138109233
[7.88166259955324] 2.68345280794306
[7.89908759955324] 3.09079181288614
[7.91568249955344] 3.51285709717363
[7.93197879955369] 3.9470776604759
[7.94927869955245] 4.44539545743385
[7.96527449955283] 4.91594763197416
[7.98276189955322] 5.47114314728466
[7.99835059955331] 5.98898442066161
[8.0161011995533] 6.61018481893937
[8.03187059955235] 7.17829017701334
[8.04834099955224] 7.80602365100684
[8.06552679955348] 8.48770190345937
[8.08164059955379] 9.15258953228948
[8.09863689955273] 9.87749326371484
[8.11611289955363] 10.6534547410718
[8.13154019955255] 11.3719722092841
[8.14906519955366] 12.2138234497421
[8.16505599955235] 12.9855329577997
[8.18203499955234] 13.8525046632188
[8.19807909955307] 14.7028136843532
[8.21517599955223] 15.6150426971771
[8.23135639955217] 16.5126371124659
[8.24822419955308] 17.4818040450281
[8.26564309955211] 18.4979883946543
[8.28227309955219] 19.5133101364848
[8.29816509955344] 20.490292578752
[8.3154445995533] 21.5958554487751
[8.33190969955285] 22.6662588718909
[8.34870639955261] 23.79150581944
[8.36468119955316] 24.8786171661487
[8.38115989955259] 26.0345626074066
[8.39892159955343] 27.3131249378231
[8.41606999955366] 28.5705504775861
[8.43179929955295] 29.7416055551238
[8.44877779955277] 31.0414143827201
[8.4652822995522] 32.3285035378923
[8.48146939955222] 33.6225160482434
[8.49887669955388] 35.0316294702432
[8.51504269955331] 36.3751560943447
[8.53153039955214] 37.7762481955512
[8.54868989955321] 39.2738004499309
[8.56498969955283] 40.6783596739443
[8.58126409955366] 42.1256383779762
[8.59872349955367] 43.7177495985326
[8.61546809955325] 45.2716810282235
[8.63141329955215] 46.7600738581687
[8.6485921995536] 5.77772263164627
[8.66584649955257] 6.36941953672993
[8.68270269955246] 6.971558356344
[8.69846079955278] 7.55923916237307
[8.71520799955215] 8.21489893257788
[8.73205399955259] 8.90250437833254
[8.74932849955258] 9.63533440290448
[8.7654897995526] 10.3328190855061
[8.78154029955294] 11.0658629146399
[8.79904179955338] 11.8866260690273
[8.81584279955314] 12.7049863311995
[8.83160369955294] 13.4913401365054
[8.84862419955243] 14.3717988406526
[8.86542509955325] 15.2740511631032
[8.8828129995527] 16.2387533542552
[8.89860609955213] 17.1213838162712
[8.9159642995528] 18.1312924928236
[8.93196569955217] 19.0941456185515
[8.94910959955268] 20.168623543914
[8.96559599955253] 21.1888027145884
[8.98177779955222] 22.2304091307917
[8.99900379955216] 23.3698724062867
[9.01553559955209] 24.5046311520157
[9.03169269955288] 25.6157451250462
[9.048310999553] 26.7989963002971
[9.06535089955287] 28.0302886290484
[9.08199939955375] 29.2717513003342
[9.0988786995531] 30.5550123073439
[9.11579289955262] 31.8574305828559
[9.13144129955253] 33.104969163356
[9.14854729955368] 34.4899926307893
[9.16533919955327] 35.8552329456758
[9.18221139955313] 37.2772815070258
[9.1990998995534] 38.7169007975618
[9.21481249955286] 40.0823088662957
[9.23202639955343] 41.6112364402953
[9.24906559955343] 43.1572509857261
[9.26604289955321] 44.713919775164
[9.28152469955239] 46.1544346898998
[9.29851789955319] 47.7735020395621
[9.31575489955321] 49.4387098761163
[9.33298999955332] 51.1492806005146
[9.34857949955222] 52.7102388659925
[9.36516679955275] 54.3761024317042
[9.38226369955373] 56.1608848853011
[9.3989734995539] 57.9002610095543
[9.41502849955214] 59.6032104739909
[9.43203729955349] 61.4343512104553
[9.44940059955297] 3.13582508045555
[9.46526779955275] 2.76286693046522
[9.48223939955278] 2.38282530839947
[9.49945159955314] 2.03020452974839
[9.51495629955389] 1.73624264946431
[9.53171099955216] 1.44306357193206
[9.54839539955356] 1.17785078907371
[9.56484039955285] 0.942457837144286
[9.58206929955304] 0.725574749518581
[9.5987775995527] 0.540637129361392
[9.61474639955304] 0.390862215839895
[9.6319572995526] 0.255536013482995
[9.64883169955283] 0.151124130006971
[9.66539989955345] 0.0750180612741337
[9.68222879955283] 0.0245313531066921
[9.69769669955349] 0.00248758886850494
[9.71542959955332] 0.00528996350638213
[9.73208139955386] 0.0354667914227655
[9.74891439955354] 74.7342539463958
[9.76495589955266] 72.8301905555581
[9.78181289955319] 70.8267635447721
[9.79816889955327] 68.9587582497409
[9.81579859955309] 66.9299255745607
[9.83187219955289] 65.1385110155943
[9.84859149955264] 63.2772918259872
[9.86525089955285] 61.4477806117059
[9.88218499955292] 59.6054697370474
[9.89863839955251] 57.8743995053019
[9.9147756995535] 56.1745048591888
[9.93188159955389] 54.4145846782948
[9.94816359955257] 52.7401170578729
[9.96610829955353] 50.9722543594025
[9.98186509955303] 49.4267603333516
[9.99889159955273] 47.7732424884392
[10.0158822995527] 46.1458952159361
[10.0317167995527] 44.6746677014137
[10.0493085995531] 43.0788961177404
[10.0646636995534] 41.6608118466948
[10.0817407995528] 40.1559905259052
[10.0992924995535] 38.6354354796858
[10.1150337995532] 37.284498103572
[10.1321260995537] 35.8565864900808
[10.1489465995528] 34.4599176425629
[10.1648832995525] 33.183825239845
[10.1817191995524] 31.8483786430596
[10.1981919995524] 30.5676051949697
[10.2152048995522] 29.2825529203824
[10.2323475995527] 28.0155484546274
[10.2484721995534] 26.8408614629058
[10.2652962995526] 25.6474008805072
[10.2821007995535] 24.4773325241951
[10.2990745995521] 23.3147883731789
[10.3158624995522] 22.2256992726145
[10.3325090995531] 21.1413289300142
[10.3487373995522] 20.1124197105559
[10.3661172995526] 19.0506127573114
[10.3816528995521] 18.1221898922781
[10.3986162995534] 17.1326310119496
[10.4157538995532] 16.1553420215831
[10.4323991995534] 15.2499648440122
[10.4491931995526] 14.3523398876702
[10.4648069995528] 13.5349490802326
[10.4817654995531] 12.6912622348707
[10.4990169995526] 11.8489071582837
[10.5150809995539] 11.0996844374378
[10.5329890995527] 10.2876081279162
[10.5493369995529] 9.56484666068103
[10.5648673995529] 8.91631029411914
[10.5820588995539] 8.21457658360704
[10.5989970995524] 7.55956313089955
[10.6160185995523] 6.92029601044879
[10.6317079995533] 6.36270900628888
[10.6493149995531] 5.76139372088954
[10.6662850995526] 5.21034468694577
[10.6825788995538] 4.70497955089477
[10.6982463995537] 4.24645534980238
[10.7154741995528] 3.7690855898526
[10.7318096995532] 3.34116066091126
[10.7483922995525] 2.92871687153666
[10.7661003995527] 2.52920709254011
[10.7823098995523] 2.1793801906902
[10.7994235995538] 1.84713621926165
[10.8147662995525] 1.56981672724776
[10.8316685995524] 1.28814102009682
[10.8489674995526] 1.03018296830361
[10.8645497995531] 0.821625532712301
[10.8819947995526] 0.617389847102273
[10.899299699553] 0.443873866438591
[10.9147934995526] 0.312285282506727
[10.9324401995527] 0.190233266127302
[10.9493867995534] 0.100944594617072
[10.9649253995522] 22.1678020587163
[10.9824828995534] 21.0330010136532
[10.9989803995522] 19.9962287128961
[11.0159222995535] 18.9482587540966
[11.0320581995529] 17.9971773887605
[11.0487195995538] 17.0330652359643
[11.0653776995532] 16.0896935195861
[11.0824540995527] 15.1430826494348
[11.0981985995531] 14.3145809506708
[11.1149648995524] 13.4505184570823
[11.1315790995523] 12.6165159482526
[11.1483933995532] 11.799908917003
[11.165344899553] 11.0107406313825
[11.182084299553] 10.2535158977987
[11.1992486995532] 9.50196420335545
[11.2160914995529] 8.79263766368311
[11.2317424995526] 8.15781079658833
[11.248666599553] 7.50736172961722
[11.2651604995535] 6.89111221660442
[11.2829137995523] 6.26091374720113
[11.2985727995529] 5.72851058624745
[11.3147556995536] 5.20300711514873
[11.3330822995522] 4.63602101500605
[11.3487793995537] 4.18422441182445
[11.3660586995538] 3.70858628657711
[11.3816787995529] 3.30260542363212
[11.3994276995527] 2.87040489096634
[11.4151031995534] 2.50930122597577
[11.4322729995529] 2.15061016968347
[11.4485191995536] 1.83246988152571
[11.4659241995523] 1.51983676182012
[11.4816393995534] 1.26326130403764
[11.4981450995529] 1.01965489068865
[11.5156493995528] 0.790850682298563
[11.532695799553] 0.592090833765248
[11.5489328995536] 0.431463561964058
[11.5655886995537] 0.294079897113472
[11.5824341995522] 0.180726233870072
[11.5994253995523] 0.0936587346887249
[11.6154683995537] 0.0378886655616614
[11.6316885995529] 0.00692846633134042
[11.6490209995536] 0.0013534021103688
[11.6648697995533] 0.0218127692123482
[11.6821235995521] 0.0711443633608333
[11.6989724995528] 0.147181055121818
[11.7151626995528] 0.245780038143614
[11.7315134995533] 0.372198302236902
[11.748933199553] 0.535005240678
[11.7654040995531] 0.713840023679682
[11.7817464995533] 0.918258409149442
[11.7978763995525] 1.14599622607364
[11.8152896995525] 1.41940844311807
[11.832587199553] 1.71758755891204
[11.8485390995538] 2.02064346115161
[11.8652159995527] 2.362122093892
[11.8823173995534] 2.74308806268104
[11.8983343995533] 3.12165969224897
[11.9153648995525] 3.55335314471947
[11.9326111995524] 4.01693108344774
[11.9480953995535] 4.46557893881729
[11.9654012995525] 4.98119975212518
[11.9828179995529] 5.53453403695799
[11.9986757995539] 6.06399052477735
[12.0147874995528] 6.62595030363417
[12.0326948995535] 7.28110902745779
[12.0482500995531] 7.87762547023488
[12.0653158995538] 8.55368458434783
[12.0821849995536] 9.25592123643883
[12.0993578995531] 9.99249657715713
[12.1149284995536] 10.6849914537428
[12.1318197995533] 0.0204850631974487
[12.1484579995522] 0.000715494538534344
[12.1652925995531] 0.00802234370563692
[12.1818713995526] 0.0416345961684061
[12.1998120995522] 0.108233785879161
[12.2151561995524] 0.189368759310173
[12.2318080995537] 0.302580659944769
[12.2485575995524] 0.443706281094608
[12.2653742995535] 0.612438442231586
[12.2826276995529] 0.815994745546222
[12.2990209995532] 1.0329231300514
[12.3148229995531] 1.26833339965828
[12.3316586995534] 1.54383021854186
[12.3484637995534] 1.84791063598629
[12.3655489995526] 2.18384255714766
[12.3825468995528] 2.54908042488935
[12.3981007995535] 2.90685714404394
[12.4152613995539] 3.32569101722514
[12.4314055995528] 3.74420918169298
[12.4483474995523] 4.2134471812343
[12.4648832995535] 4.69885366333454
[12.4826133995539] 5.24550329868145
[12.4987773995526] 5.76910422212252
[12.5159376995525] 6.35305642567928
[12.5315086995524] 6.91476311527995
[12.5484589995522] 7.5507530627594
[12.5653342995538] 8.20117274955584
[12.5820424995527] 8.87758430789567
[12.5994013995532] 9.61759407875034
[12.6149450995526] 10.2886702029145
[12.6322192995522] 11.0712336665144
[12.6490291995524] 11.8604174583712
[12.6648696995526] 12.6335055377058
[12.6817900995538] 13.4801246235408
[12.6994583995529] 14.3934054038606
[12.7148950995525] 15.2164186199543
[12.7322354995522] 16.1728822554969
[12.7491678995539] 17.1362757726269
[12.7648684995529] 18.041655587165
[12.7817974995523] 19.0645284859001
[12.7993579995527] 20.1326062622386
[12.8148394995533] 21.1047210719549
[12.8312067995521] 22.1602291124823
[12.8482670995527] 23.2978211022159
[12.8655602995532] 24.4683669473446
[12.8816846995524] 25.5849126704764
[12.898695799553] 26.7900957515666
[12.9152291995524] 27.993021737213
[12.9319985995535] 29.2351155344207
[12.9484965995525] 30.4893616413619
[12.9652842995529] 31.7860690214973
[12.9822830995527] 33.1415512284127
[12.998289399553] 34.4250265049798
[13.0151296995537] 35.8070302679152
[13.031935899553] 37.2107894544001
[13.0489754995524] 38.6665175246518
[13.0647889995525] 40.052912908167
[13.0815820995522] 41.5355204659364
[13.0981674995528] 43.026651021436
[13.1149001995527] 44.5620053764197
[13.1316906995526] 46.1450816438414
[13.1490701995535] 47.7988168153677
[13.1650850995538] 49.3444807564434
[13.1820625995533] 51.0016927869409
[13.1998911995524] 52.7904313306342
[13.2156469995534] 54.407121064411
[13.2318011995521] 56.054436534845
[13.2492304995521] 57.8837474926968
[13.2655298995523] 59.6146458505547
[13.2824920995536] 61.4454932838084
[13.2982528995526] 63.1642869045088
[13.3153657995535] 65.0600062351985
[13.3316765995532] 66.9115248479834
[13.3489283995532] 68.9015200243896
[13.3661975995528] 70.886528529321
[13.3823238995537] 72.7702547512201
[13.3982701995537] 74.6755296755135
[13.4160191995525] 76.8220089460348
[13.4317376995532] 78.7349949849415
[13.4488767995535] 80.8618076339562
[13.4655792995527] 82.9535706840216
[13.4826744995535] 85.1422328562702
[13.4981527995533] 87.1274903798792
[13.5155593995532] 89.3894004968799
[13.5324090995528] 91.652867235531
[13.5487764995523] 93.8309887635701
[13.5658548995525] 96.1181429346016
[13.5817433995526] 98.2894244627851
[13.5985940995524] 100.617785390194
[13.6163466995531] 103.103990841811
[13.6314644995527] 105.259280051296
[13.6485146995528] 107.701202415475
[13.6656610995524] 0.563568265622828
[13.6823647995534] 0.402176151799016
[13.6982953995539] 0.274991039681948
[13.7151671995525] 0.165993827214903
[13.7320800995531] 0.0832824705169847
[13.7492095995531] 0.0290879297144785
[13.7651655995523] 0.00370302759026833
[13.7819889995535] 89.8020059687091
[13.7988014995535] 87.6169009487827
[13.8146196995531] 85.5941318493041
[13.8317545995524] 83.3861640131759
[13.8492016995533] 81.2023094440576
[13.8659846995524] 79.1056755387489
[13.8820441995522] 77.1397578620469
[13.8993333995531] 75.0643026551313
[13.9151809995528] 73.1712967146988
[13.9322671995524] 71.1556726311447
[13.9493125995523] 69.1673456560288
[13.9648585995528] 67.3839851244003
[13.9820084995536] 65.455074031237
[13.9985024995531] 63.6028026421699
[14.0151456995536] 61.7803991290307
[14.0323064995537] 59.9308798449637
[14.0492992995532] 58.1060726608215
[14.0644718995536] 56.5070563526707
[14.0821140995522] 54.6760857517708
[14.0993883995525] 52.9255709711027
[14.1153293995521] 51.3441247173273
[14.1326997995529] 49.6311021182055
[14.1486249995523] 48.0784572950632
[14.1660152995537] 46.4348511381233
[14.1817683995523] 44.9580942792348
[14.1982144995527] 43.438435527628
[14.2149949995528] 41.9144048278174
[14.2325431995523] 40.3537836307901
[14.2484673995532] 38.9595904488378
[14.2656834995523] 37.4837856869597
[14.2824457995539] 36.0676797313449
[14.2981375995532] 34.7735373799942
[14.3150184995538] 33.4159676953014
[14.3327999995527] 31.9961632016161
[14.3487013995527] 30.7564389204232
[14.3656469995531] 29.4784450824916
[14.381721099553] 28.2768431502843
[14.3980217995522] 27.0707269313071
[14.4145569995526] 25.9115989347958
[14.4314726995526] 24.7272528951244
[14.4487219995535] 23.5536600481181
[14.4656961995533] 22.4205199929201
[14.4824471995526] 21.3306817835977
[14.4980913995532] 20.3411687895758
[14.5159469995524] 19.2457149039214
[14.5315503995535] 18.3074923098326
[14.5483799995527] 17.3175962610693
[14.5654193995524] 16.3401165203556
[14.5827565995532] 45.287014439854
[14.5983764995526] 43.8329331350046
[14.6144935995526] 42.3612216023391
[14.6316846995524] 40.8340680167538
[14.6489592995531] 39.3157573597643
[14.6649331995523] 37.9369256000625
[14.6814411995529] 36.5330552432765
[14.6987394995522] 35.105089639977
[14.7156127995531] 33.7301852210271
[14.7313898995526] 32.4616626763418
[14.7487131995531] 31.1026742642063
[14.7649262995528] 29.8757085691666
[14.782047699553] 28.569857108936
[14.7999277995532] 27.2806413367544
[14.8149021995523] 26.1949062139186
[14.8317442995522] 25.0162942778712
[14.8485821995528] 23.8651027986771
[14.8650529995539] 22.7604482696952
[14.8815781995527] 21.681355239338
[14.8990581995531] 20.5646425993217
[14.9149399995531] 19.5804956485153
[14.9318488995523] 18.5574631058861
[14.9489198995525] 17.5414536681957
[14.9648540995531] 16.6301379227735
[14.9827212995533] 15.6366527991789
[14.9986652995522] 14.7770979613261
[15.0157075995521] 13.8766263254386
[15.0322374995521] 13.0414583112304
[15.0482243995539] 12.2521786836241
[15.0651301995531] 11.4466431182142
[15.0830347995525] 10.6160368506198
[15.0986092995536] 9.92887739387859
[15.1146577995532] 9.2374821462514
[15.1320926995522] 8.51867239545846
[15.148961199553] 7.8459503079884
[15.1652850995524] 7.22602326882938
[15.1825705995525] 6.59293050926686
[15.1995849995528] 6.00346163597439
[15.214965399553] 5.48981653067166
[15.2321436995535] 4.9509176843879
[15.2490950995525] 4.43918034501376
[15.2650878995537] 3.98476409103815
[15.282755999553] 3.50791966119544
[15.2984292995534] 3.1152193030149
[15.3155543995526] 2.71044774933566
[15.3329509995528] 2.32854482463017
[15.3483023995523] 2.00926117086517
[15.3660836995532] 1.67938400840712
[15.3818239995526] 1.40803182382458
[15.3986972995535] 1.14216945712127
[15.4153851995525] 0.907831110335158
[15.4321042995525] 0.700602932913576
[15.4492452995528] 0.517315670422543
[15.4659689995533] 0.362527760074445
[15.4819096995525] 0.241158810803391
[15.4981291995537] 0.14418196656924
[15.5152385995534] 0.0681380733019195
[15.5320947995533] 0.0208191548332732
[15.5494764995528] 0.000508146899723207
[15.5655203995539] 0.00764094327133648
[15.5813979995528] 0.039156381917357
[15.5984610995529] 0.100100479366888
[15.6150137995537] 0.184835852170654
[15.6319111995526] 0.300664613400698
[15.6487896995532] 0.442241155989602
[15.6649350995522] 0.605857547740688
[15.6824526995533] 0.809651129143791
[15.6983625995526] 1.01945290584855
[15.7148943995526] 1.26266542702847
[15.7317672995523] 1.54037643090748
[15.7485292995534] 1.84348753656382
[15.7649493995523] 2.16292816458092
[15.7818478995523] 2.52228154893355
[15.7991944995538] 2.91966132229605
[15.8147734995528] 3.30058323291935
[15.8325131995534] 3.76245988647509
[15.8481967995522] 4.19780838564886
[15.8657882995522] 4.71221046251266
[15.8817829995533] 5.20665904467799
[15.899570599553] 5.79004065950526
[15.9156762995535] 6.33874939857013
[15.9326722995538] 6.94203899114833
[15.9484760995529] 7.53414192932485
[15.9656211995534] 8.1949373653624
[15.9823197995538] 8.87215881649313
[15.9996141995525] 9.60196215932458
[16.0150024995528] 10.2756458389
[16.031990599553] 11.0491575633222
[16.0490025995532] 11.8415537028115
[16.0666829995534] 0.370358356585923
[16.0816498995537] 0.255155336958861
[16.0981727995531] 0.152210112735722
[16.1152198995533] 0.0735577306700223
[16.1327085995526] 0.0227915404676918
[16.1482570995522] 0.00184548652993498
[16.1659140995525] 0.00632713740172722
[16.181923999553] 0.0362280051123826
[16.1991115995534] 0.0959992586035889
[16.2163136995532] 0.184030178336849
[16.2317792995527] 0.287295394013691
[16.2494525995535] 1.28395611231306
[16.2648772995526] 1.04984468138319
[16.2824906995538] 0.814882738154783
[16.2984358995527] 0.628257579395248
[16.3151398995524] 0.453360261174034
[16.3319472995536] 0.313548756500447
[16.3489554995522] 0.195343958503472
[16.364699099553] 0.111214548493083
[16.3815645995528] 0.0467419925007704
[16.3986621995537] 0.00954577615935181
[16.4152418995527] 0.000307091293212263
[16.4327195995538] 0.019133962979747
[16.4487022995527] 0.0621601094693955
[16.465590799553] 0.134613154892843
[16.4828089995535] 0.237301802479947
[16.4987522995525] 0.356145739340133
[16.5153319995534] 0.505405821407685
[16.5320288995536] 0.68438245336544
[16.549012599553] 0.895837925454059
[16.5650885995528] 1.11543317773323
[16.5823712995534] 1.3834448536727
[16.5990727995522] 1.67080815664654
[16.6161434995538] 1.99203969542964
[16.6318381995534] 2.31035478673402
[16.6491636995524] 2.69013260284598
[16.6648985995525] 3.06190673523136
[16.6823159995529] 3.49978587021257
[16.6993301995535] 3.9518016489342
[16.7151640995526] 4.39995214348525
[16.7324298995536] 4.91657944440605
[16.7494665995528] 5.4611768902317
[16.7652909995522] 5.97829576709978
[16.7812257995538] 6.53338342681494
[16.7985310995537] 7.16218741291589
[16.8155560995529] 7.81274008660683
[16.8326985995536] 8.48298732175822
[16.8479341995535] 9.11203284171097
[16.8659373995524] 9.88328618676132
[16.8821064995536] 10.6032207407948
[16.8991669995521] 11.3808882421968
[16.9150525995537] 12.1382909286327
[16.9324517995537] 12.9940902287729
[16.9481807995526] 13.7935708188113
[16.9652058995525] 14.6814757114893
[16.9818214995521] 15.5820429620496
[16.9987529995524] 16.5268659923779
[17.0158231995538] 17.5082847416296
[17.0319781995531] 18.4487670531667
[17.0484985995536] 19.4442572728691
[17.0656165995533] 20.5090764846855
[17.0821089995534] 21.5747486586769
[17.0981102995538] 22.6047049302833
[17.1157066995529] 23.7746684453325
[17.1327262995528] 24.9441525175267
[17.1480259995533] 26.0224762189163
[17.1654064995528] 27.2536695898689
[17.1815013995529] 28.4294987870298
[17.199243899553] 29.7687615277475
[17.2158700995533] 31.0387121366773
[17.2321056995534] 32.2981048573118
[17.2490301995531] 33.6486286869637
[17.2649096995538] 34.9387173560542
[17.2817405995538] 36.3353752890295
[17.2988839995523] 19.6322034991728
[17.3157565995534] 20.6844741066615
[17.3315475995532] 21.6955068878071
[17.3484397995526] 22.8233651341253
[17.3650722995535] 23.9141310589821
[17.3818344995525] 25.067928340353
[17.3981488995523] 26.2212156025283
[17.4151600995538] 27.4355842973991
[17.4325179995521] 28.7085705187978
[17.448823699553] 29.9339164246973
[17.4657516995521] 31.235503260846
[17.4822928995527] 32.5434324665114
[17.4984342995522] 33.8380574176718
[17.5158226995536] 35.2379699888207
[17.532198199553] 36.5940709061401
[17.5492310995523] 38.055677870767
[17.5649270995527] 39.3950041268095
[17.5822308995521] 40.9139689332425
[17.5995475995533] 42.4704626879384
[17.6151412995532] 43.8946726044515
[17.6323838995522] 45.4836083362996
[17.6484060995535] 47.0046964071991
[17.6655441995536] 48.6452735021575
[17.6825982995524] 50.3291377139852
[17.6986568995526] 51.904598656195
[17.7149769995522] 53.5440862636323
[17.7330473995535] 55.3860883934408
[17.7485040995525] 57.0102265703039
[17.7653842995533] 58.7883347413238
[17.7824726995532] 60.6170657548087
[17.7983743995537] 62.3468120210244
[17.8150144995525] 64.1842919713303
[17.8321373995532] 66.096846893863
[17.8484267995536] 0.557659764981022
[17.8650103995533] 0.742078627416967
[17.8819683995534] 0.959503173592385
[17.8992410995525] 1.2077222334011
[17.9149016995525] 1.45762792873169
[17.9317547995524] 1.7573971802953
[17.9492018995534] 2.09395380819161
[17.9658050995531] 2.43566487047404
[17.9818043995529] 2.79625261554392
[17.9991693995526] 3.21134042215449
[18.0158925995529] 3.64505456204753
[18.0316932995538] 4.07056943691284
[18.0492689995535] 4.57676670907441
[18.0652806995531] 5.06598762072793
[18.0822619995524] 5.61559343872735
[18.0981137995532] 6.14177452367901
[18.1148773995537] 6.73288630413254
[18.1323097995537] 7.37316950900112
[18.1486586995525] 8.00562097937654
[18.1656955995531] 8.68760606339343
[18.1824831995527] 39.5180689525201
[18.1997972995523] 38.021441760747
[18.2149303995539] 36.7380995687273
[18.2320314995522] 35.3190440495373
[18.2492316995522] 33.9056699146505
[18.2655577995538] 32.6084007187539
[18.2818656995532] 31.3230634771
[18.2990258995524] 30.0126490282468
[18.3149223995533] 28.8185181577716
[18.3321544995524] 27.5389190168087
[18.3494418995524] 26.2944093515441
[18.3645702995527] 25.2290924962222
[18.3822940995524] 24.0174046292527
[18.3993691995529] 22.8660673468419
[18.414788299553] 21.8566696461284
[18.4322864995538] 20.7386452932689
[18.4491944995534] 19.688716165877
[18.4659708995532] 18.6715559122552
[18.4824024995523] 17.6847259234135
[18.4982830995523] 16.7793288567871
[18.5157708995539] 15.7854846895933
[18.5320047995538] 14.9239241876797
[18.5488021995534] 14.0254605006074
[18.5654827995531] 13.17968652144
[18.5819903995525] 12.3585302743577
[18.5993354995535] 11.5339968533072
[18.6147218995538] 10.8132471132361
[18.6318234995524] 10.0470404116509
[18.6482073995521] 9.33776663422491
[18.6660696995532] 8.5980229529713
[18.6818536995524] 7.96686864548102
[18.6985301995537] 26.516955066842
[18.7148032995538] 25.3669117872202
[18.7318034995533] 24.1947963594216
[18.7484036995538] 23.0651408284003
[18.7653608995533] 21.9566727337836
[18.7822830995538] 71.9386930138458
[18.7994224995527] 69.949043637031
[18.8149101995532] 68.1727267117627
[18.8320271995526] 66.2135332285198
[18.8481107995522] 64.4145037284696
[18.8667490995522] 62.3396786615325
[18.8815910995527] 60.7381216330587
[18.8992461995531] 58.8564733140349
[18.9149087995538] 57.1990695211255
[18.9325140995534] 55.3599881322933
[18.9495085995532] 53.6168764914527
[18.9652849995528] 52.0357150363348
[18.9814830995529] 50.4300396401221
[18.9987778995528] 48.7292971224529
[19.0159115995539] 47.0738408651044
[19.0322611995525] 45.5465691163217
[19.0483845995532] 44.0469138970209
[19.0657996995524] 42.4525159222125
[19.0819447995527] 40.9940320792142
[19.0992382995537] 39.4937662286339
[19.1157356995536] 38.0838813737601
[19.1321391995534] 36.6727740309024
[19.1492771995527] 35.2290580935712
[19.1648203995537] 33.9828290982904
[19.1816649995526] 32.6338201138271
[19.1981566995528] 31.3355266701556
[19.2160418995536] 29.944003413307
[19.2326605995531] 28.7048747215271
[19.2481070995527] 27.5695780499305
[19.2654821995529] 26.327457153988
[19.2826442995538] 25.1057698636269
[19.2980632995532] 24.0597198989395
[19.3159143995526] 22.8566809846303
[19.3318388995522] 21.816267549608
[19.3493804995524] 20.6722528219386
[19.3660602995533] 19.6553282164986
[19.3815429995539] 18.7052797411073
[19.3995022995532] 17.647779482746
[19.4152716995522] 16.7412066916088
[19.4324037995539] 15.7793061865559
[19.448144299553] 14.9202584048289
[19.4661533995531] 13.9823071392249
[19.4824373995525] 13.1370811500731
[19.4982019995532] 12.366978876241
[19.5155602995528] 11.5290217895344
[19.5322286995524] 10.7617479623919
[19.5481015995538] 10.0508445031525
[19.5653213995538] 9.31070060058708
[19.5826955995526] 8.58660773047549
[19.5989836995523] 7.93796050920014
[19.6159333995529] 7.28131609856437
[19.6320537995525] 6.69790081364298
[19.6479339995531] 6.13404359282122
[19.6656901995539] 5.54168510804494
[19.6821177995535] 5.01503614574452
[19.6982782995528] 4.5303490442334
[19.7154628995522] 4.03890047711072
[19.7324588995525] 3.57688766938968
[19.7481265995539] 3.17689261104935
[19.7657233995524] 2.75997332339736
[19.7815166995533] 2.40466520781925
[19.7991594995528] 2.04150527326572
[19.8149296995525] 1.74036711875957
[19.8318944995535] 1.44559766885919
[19.8480221995524] 1.18985408662068
[19.8648565995536] 0.944466862863654
[19.8825831995528] 0.721698921321695
[19.8984067995534] 0.54823252684587
[19.9157786995529] 0.38473245554908
[19.9326904995523] 0.252886263499452
[19.948750599553] 0.152349182356278
[19.9648088995527] 0.0785367173566135
[19.9825260995531] 0.0247309862082516
[19.9994921995531] 0.00154034304278786
[20.0148137995529] 0.00451465423295893
[20.0315272995522] 0.0336866938893382
[20.0487370995525] 0.0916342315291273
[20.0731965995528] 0.236438460601114
[20.0848156995526] 0.302959409462757
[20.0983276995521] 0.420655588150198
[20.1145811995539] 0.586151877847312
[20.1316227995521] 0.785876212620744
[20.1475344995524] 0.97778716927617
[20.1665547995526] 1.27512834401864
[20.1826804995526] 1.51735895272258
[20.2004884995531] 1.8352780210507
[20.2107526995533] 2.02632602778295
[20.2329561995539] 2.50942360642887
[20.2474490995537] 2.85941916371645
[20.2649287995537] 3.33924841012745
[20.2820952995535] 3.70091895524404
[20.2990015995529] 4.19445742969942
[20.3150794995527] 4.63011039707039
[20.3331197995522] 5.20307574201762
[20.3485017995536] 5.68325108215476
[20.3645558995522] 6.21407439930021
[20.3815715995534] 6.81725915085975
[20.3990786995528] 7.46646540064305
[20.4161470995532] 8.13270260010733
[20.4325559995523] 8.78813644676647
[20.4495124995537] 9.50088948412492
[20.4652208995522] 10.1828952971773
[20.4826470995522] 10.974460970752
[20.4984721995534] 11.7085840782933
[20.5154674995538] 12.5276604170465
[20.5323793995522] 13.4070337556318
[20.5492751995534] 14.2566265666033
[20.5648358995531] 15.0751280375256
[20.5818180995539] 16.0057547481925
[20.5990754995528] 16.9740309327691
[20.6150179995529] 17.9051494979174
[20.6325493995537] 18.9357097898776
[20.6481565995527] 19.8929183250796
[20.6658982995523] 21.0126690625279
[20.6823741995522] 22.0757033992072
[20.6985726995536] 23.1343693156683
[20.7157305995534] 24.3031980557605
[20.7319418995521] 25.4143114348902
[20.7485561995527] 26.6079440798923
[20.7649949995539] 27.7904702654762
[20.7816359995522] 29.0229163240884
[20.7982911995532] 30.2777264608084
[20.815183699553] 31.581206263742
[20.8326316995535] 32.9424231267303
[20.8488615995539] 34.2473510566632
[20.8657964995527] 35.6403033207231
[20.8819628995534] 37.0083384139046
[20.8994411995536] 38.4844227760146
[20.9151969995528] 39.8407693457841
[20.9314624995532] 41.2880425901045
[20.948881499553] 42.8603427239182
[20.9650497995535] 6.82912864759495
[20.9823680995523] 7.47418688865519
[20.9989226995531] 8.11206057914351
[21.0156426995527] 8.80404075746048
[21.0320169995539] 9.47433238056229
[21.0480294995523] 10.170079882762
[21.0655339995537] 10.9599073158949
[21.082218599553] 11.7427380108529
[21.0985396995529] 0.655412419435212
[21.1153727995534] 0.85806565073602
[21.1324210995535] 1.09824615559378
[21.1483331995532] 1.33495066835371
[21.1655537995539] 1.62499375041663
[21.1825734995527] 1.93943225631553
[21.1982127995525] 2.25343746167897
[21.2153094995538] 2.62569405316512
[21.2324749995532] 3.02782020642428
[21.2482219995527] 3.41826330291529
[21.2663205995523] 3.8952626587965
[21.2819520995527] 4.33836027527107
[21.2979374995539] 4.81069302215741
[21.3149769995525] 5.34126385814011
[21.3321433995534] 5.91261401326754
[21.3494841995525] 6.51204810336229
[21.3644888995532] 7.04629043116341
[21.3816547995539] 7.69345064987106
[21.3982592995526] 8.3474921040304
[21.4151623995531] 9.04115586111312
[21.4324801995535] 9.77760589299439
[21.4482766995534] 10.4721565195664
[21.4650258995534] 11.2366783410986
[21.4817057995533] 12.030427952531
[21.4994724995522] 12.897179906786
[21.5148839995527] 13.680029620107
[21.5322427995525] 14.5784219034138
[21.5490986995537] 15.4908605659862
[21.5649014995524] 16.3601109224598
[21.5829271995535] 17.3868544317366
[21.5981184995526] 18.2789463350574
[21.6152186995532] 19.3106870911342
[21.6319693995538] 20.3428032743237
[21.6489722995539] 21.4216570686568
[21.6661444995534] 22.5338369417174
[21.6816494995528] 23.5731308350477
[21.6987874995539] 24.7397565462276
[21.7158491995524] 25.9260161213599
[21.7314716995534] 27.0449437055958
[21.7490832995536] 28.345436483845
[21.7659921995528] 29.5922058684271
[21.7827866995522] 30.8728607057166
[21.7984323995533] 32.087166686629
[21.8155000995539] 33.4574283686941
[21.8316052995524] 34.7471930152313
[21.8486499995524] 36.1553861857614
[21.8649845995533] 37.5314022969382
[21.8826613995534] 39.056820796901
[21.8987198995528] 40.4565846253045
[21.9154355995524] 41.9460108644656
[21.9323061995528] 43.4702816392195
[21.9492088995521] 45.042218634475
[21.9651397995531] 46.5276317265848
[21.9815504995531] 48.1041953832508
[21.9987725995525] 2.54337961834731
[22.0155470995524] 2.1816818689836
[22.032677399553] 1.8481404318072
[22.0488731995538] 1.55671964503822
[22.0660477995534] 1.27293868672547
[22.0820406995535] 1.03378036567325
[22.0986973995532] 0.813145962840928
[22.1154604995536] 0.616729990012442
[22.1329415995533] 0.440115802436739
[22.1481382995535] 0.311863296931688
[22.1659835995524] 0.189281135301977
[22.1823129995537] 0.10375024492729
[22.1988271995524] 0.0424463849611272
[22.2160083995532] 0.00751637243525658
[22.2315275995534] 0.000385951138646633
[22.248942999553] 0.0198010861302066
[22.2647975995533] 0.0627368433704003
[22.2824890995525] 0.139863714632532
[22.2982830995534] 0.233239739072295
[22.3153731995535] 0.361246197411539
[22.3321306995531] 0.516564997206295
[22.3492169995534] 0.700861250456224
[22.3656261995529] 0.901730987107314
[22.3813607995526] 1.12376758120795
[22.399394299553] 1.40290262368079
[22.4148553995528] 51.3450767203474
[22.4325942995529] 49.5992913835261
[22.4494539995521] 47.957852256115
[22.4648711995524] 46.4937079556831
[22.4823211995536] 44.8464136212258
[22.4993727995534] 43.2836774983634
[22.5145164995538] 41.9167290477455
[22.5327174995527] 40.2850426454349
[22.5494017995534] 38.8298046674857
[22.5649721995524] 37.5053272453504
[22.5819768995534] 36.078018379709
[22.5991945995538] 34.6524389855822
[22.6151698995527] 33.353809573638
[22.6321598995528] 32.0141033239085
[22.6490412995536] 30.6973371627175
[22.6661643995521] 29.3975777321454
[22.681981099553] 28.2078464617839
[22.6992731995524] 26.9648573209639
[22.7153537995528] 25.8130765658517
[22.7319253995538] 24.6574091804122
[22.7492709995531] 23.4668684823811
[22.7652635995528] 22.4213395962084
[22.7821075995525] 21.3166053962956
[22.7982198995524] 20.301272964865
[22.8149506995524] 19.2704742818038
[22.8323086995533] 18.2332646181402
[22.8491746995533] 17.2473180931938
[22.8653914995539] 16.3239624165032
[22.882603299553] 15.3633163891517
[22.8984790995528] 14.5220704117074
[22.915686499553] 13.6245680821291
[22.9314390995532] 12.8249110229996
[22.9490297995526] 11.9593377502897
[22.9647995995529] 11.2295155593495
[22.9825036995535] 10.4160074221889
[22.998547399553] 9.71251089126863
[23.0154826995531] 8.9885525609463
[23.0325363995526] 8.29895620628566
[23.0484888995525] 7.66844901342995
[23.0649005995529] 7.05685834457112
[23.0818357995522] 6.44464063793895
[23.0985031995533] 5.86825758977875
[23.1156927995526] 5.30846103894713
[23.1326098995523] 4.78124202205367
[23.1492709995528] 4.28630280420157
[23.1649594995524] 16.9577028234814
[23.1818412995526] 16.0048036901053
[23.199010499553] 15.0633587196944
[23.2151895995521] 14.2017537889216
[23.232628099553] 13.3089728309138
[23.2488867995526] 12.4920049500838
[23.2652459995534] 11.7101632692828
[23.2820025995534] 10.922256399937
[23.2982125995532] 10.1979071436502
[23.3152218995529] 9.45918878781802
[23.3326656995523] 8.72759300676317
[23.3478958995529] 8.11417597971571
[23.3652092995526] 7.44554921153366
[23.382448499553] 6.80439740238906
[23.3981271995526] 6.24574720217804
[23.4152440995531] 5.66751444829544
[23.4322715995531] 5.12256236326263
[23.4481550995533] 4.63583680929732
[23.4651179995526] 4.14415463199781
[23.4818168995535] 3.68427724108909
[23.499370599553] 3.23288047191588
[23.5150348995521] 2.8534368924833
[23.5323433995527] 2.4619721085652
[23.5484033995526] 2.12238135200349
[23.5654637995522] 1.79148329901365
[23.5828877995536] 1.48544928765908
[23.5987380995539] 30.6263118132107
[23.6146576995525] 29.4174733140723
[23.6319374995528] 28.1342885552221
[23.6487799995539] 26.9033581263603
[23.6656831995533] 25.7038436494936
[23.6818973995523] 24.5677165652624
[23.6991296995529] 23.4054651108573
[23.7146775995534] 22.3635643058935
[23.7316296995523] 21.2736119459857
[23.7487268995537] 20.181478950508
[23.7648037995532] 19.2059693810965
[23.7817672995534] 18.1703851331635
[23.799376899553] 17.1538561337044
[23.8152123995533] 16.2317377521783
[23.8321770995535] 15.3217749282065
[23.8489921995533] 14.4263434429089
[23.8664545995525] 13.5108282606507
[23.8818655995528] 12.7418288233597
[23.8987411995531] 11.9268047704058
[23.9160143995523] 11.1116544861626
[23.9329518995528] 10.3411333038934
[23.9486897995539] 9.64562511382279
[23.9661223995536] 8.91507601723153
[23.9819490995524] 8.27109701696636
[23.9983153995527] 7.63068627632929
[24.0151450995527] 6.99703640083832
[24.0327577995522] 6.36929341043071
[24.0493275995523] 5.80027404202629
[24.0661845995528] 5.24817069333021
[24.081870299553] 4.7603983572363
[24.0994755995525] 4.24581511078258
[24.1152393995526] 3.80902104253382
[24.1316710995525] 3.37692599309883
[24.1490513995523] 2.94588399827175
[24.1659412995523] 2.55989308189725
[24.1819693995531] 2.21711249134645
[24.1990805995538] 1.87614506079944
[24.2150098995535] 1.58471912913399
[24.2322988995529] 1.29882781862615
[24.2491730995534] 1.04552067011936
[24.2650500995533] 0.832629171044526
[24.2819738995531] 0.628765711923884
[24.2994953995531] 0.452837295577209
[24.3161170995536] 0.311395153245061
[24.3319253995523] 0.200578896717633
[24.3481752995522] 0.111516869869799
[24.3656539995536] 0.0460737256466608
[24.3826049995532] 0.00941299769593323
[24.3989422995528] 0.000258738465829192
[24.4155673995538] 0.0177040168433988
[24.4322731995526] 0.0614822926794408
[24.4480170995521] 0.127668039580936
[24.4652127995523] 0.226628292917838
[24.4821888995539] 0.354533094662609
[24.4991480995523] 0.506376801491635
[24.5162128995526] 0.688681638852305
[24.5328581995527] 0.89394806314991
[24.548352799553] 1.11073183235671
[24.5659183995522] 1.37936187217496
[24.5822664995521] 1.65806800363706
[24.5995235995524] 1.98208353450813
[24.6159637995534] 2.31855029794229
[24.6325191995529] 2.67733017024901
[24.6495190995538] 3.08009710944365
[24.6649521995532] 3.466064982203
[24.681855199553] 3.918284337765
[24.6992778995536] 4.41213935949992
[24.7153517995539] 4.88963507045438
[24.7326720995534] 5.43520294047002
[24.7481083995535] 5.95529216950776
[24.7659340995524] 6.56325809816421
[24.7821701995526] 7.15802594115377
[24.7981334995529] 7.75973544504506
[24.8157337995526] 8.46114922303175
[24.831493099553] 9.09981261854658
[24.8485068995524] 9.82850789142084
[24.8657803995538] 10.5977416893616
[24.8826435995525] 11.3714594551741
[24.8995522995538] 12.1725702238092
[24.9149777995535] 12.9312987167987
[24.9320279995536] 13.7965904114984
[24.9489358995525] 14.6853831195257
[24.9659974995539] 15.6036768553397
[24.9817361995538] 16.4771473789333
[24.9996304995529] 17.5064736498761
[25.0153359995529] 18.4323241321242
[25.032561299553] 19.4592972311107
[25.0493664995538] 20.4884927745605
[25.0654700995528] 21.5291169714522
[25.0814624995528] 22.5658775663543
[25.0989895995535] 23.7343551280658
[25.1147985995522] 24.8204786988489
[25.1319539995529] 26.0168148521157
[25.1492355995524] 27.2620862247226
[25.1647562995531] 28.389161309763
[25.1821765995537] 3.96098473391349
[25.1990045995535] 4.42869771871735
[25.2153704995526] 4.92498656366574
[25.2317738995534] 5.44527228678089
[25.2491702995521] 6.01969959468137
[25.2658857995539] 6.60155280442319
[25.2825069995524] 7.21171962249493
[25.2984926995523] 7.81564786610153
[25.3156277995531] 8.49125980658341
[25.3327920995525] 9.20393043380356
[25.3491883995539] 9.90967238355841
[25.3648562995531] 10.6009068997964
[25.3820570995522] 11.3993865323184
[25.3983000995522] 12.1658710441895
[25.415947599553] 13.0409356555371
[25.4317815995528] 13.8388771606048
[25.4493496995528] 14.7594809855344
[25.465207399553] 15.6201151175709
[25.4820938995526] 16.5656851086904
[25.4994810995522] 17.5550743593406
[25.515350099553] 18.4891356757697
[25.5323821995535] 19.5188333245788
[25.548999699553] 20.5615767989933
[25.5651124995529] 21.5734004787038
[25.5819579995532] 22.6728457147482
[25.5986818995534] 23.7902686689503
[25.6158953995528] 24.981907359989
[25.6316901995524] 26.0787117435665
[25.6483503995532] 27.2769218255706
[25.6655515995535] 28.5414457532164
[25.6824869995526] 29.8195725621796
[25.6985970995538] 31.0588328840253
[25.7153465995525] 32.3434784252657
[25.7321109995537] 33.6817027481545
[25.7493281995521] 35.0893229086868
[25.7651474995528] 36.3895507827986
[25.7813210995537] 37.7645772109343
[25.7984800995528] 39.2367816109599
[25.815855199553] 40.7705077106967
[25.8319020995532] 42.1929120415188
[25.8487237995523] 43.7194849328062
[25.8655543995537] 45.2788519540256
[25.8820202995521] 46.8459708453126
[25.8988228995531] 48.4449638773505
[25.9156268995539] 50.0715852639403
[25.9324967995526] 51.7518696949231
[25.9481014995526] 53.3383499886153
[25.9652148995538] 55.0578155587641
[25.9818050995527] 56.7775531044266
[25.9984970995538] 58.5405393551179
[26.0151009995534] 60.3380338864222
[26.0322969995523] 62.1842591281906
[26.0495086995525] 64.0847799653634
[26.0652286995537] 65.8446093525671
[26.0819647995522] 67.7456227994576
[26.0994059995537] 69.7540448222841
[26.1151820995528] 71.5738336746105
[26.1319917995534] 73.5633182992192
[26.1493634995531] 75.6694022159244
[26.1650289995523] 77.5379311179898
[26.1817983995534] 79.6172754038115
[26.1995600995524] 81.8444027283906
[26.2148529995538] 83.7632599610426
[26.2318554995527] 85.9274476557922
[26.2487307995525] 88.112387819621
[26.2660131995526] 90.3784707437857
[26.2826126995533] 92.5970534144642
[26.2981468995531] 0.30214371878085
[26.3154096995531] 0.448164543240733
[26.3328390995539] 0.625008881814256
[26.3493728995527] 0.823725589074403
[26.3651747995536] 1.03019410560795
[26.3831399995524] 1.2990252497519
[26.3984369995524] 1.55381019608981
[26.4156617995523] 1.86511664058828
[26.4314644995538] 2.17392728976159
[26.4484823995535] 74.8762066086648
[26.4653386995524] 72.8622114087653
[26.4816509995526] 70.932318907444
[26.4993118995535] 68.8952966014321
[26.5155455995537] 67.0468839105778
[26.5327579995537] 65.102889632799
[26.5492001995535] 63.2554783850408
[26.5647371995528] 61.5735648095374
[26.5815836995534] 59.7538466202392
[26.5993880995538] 57.8508895773393
[26.6149431995527] 56.2162010510155
[26.6317498995522] 54.4687687237015
[26.6493461995524] 51.9665703622021
[26.6636682995522] 51.2710393824743
[26.6829618995525] 49.375949725931
[26.6989873995535] 47.8249822320784
[26.7146392995528] 46.3352282013151
[26.731629799553] 44.7438445686136
[26.7488797995538] 43.1453595688871
[26.7659604995533] 41.6155695734402
[26.7821139995522] 40.1713703182581
[26.7981985995539] 38.7533571000823
[26.8153746995522] 37.301258188437
[26.8326549995527] 35.8587484679768
[26.8481356995526] 34.5809242657334
[26.8653222995526] 33.1937697723329
[26.8826649995535] 31.8099889724668
[26.898215399553] 30.6164712956272
[26.9151296995533] 29.337068654512
[26.9326991995531] 28.02766042194
[26.9479596995534] 26.9118154283382
[26.9655019995535] 25.6713948129027
[26.9813428995531] 24.5706817698131
[26.999463999553] 69.3620639062389
[27.0150558995538] 67.5690850332179
[27.0314973995537] 65.7135442621644
[27.0485017995525] 63.818552806662
[27.0660414995527] 61.8914821711009
[27.0827240995532] 60.0624458963747
[27.0981891995525] 58.4155401918149
[27.1151527995535] 56.6292254881271
[27.1314573995533] 54.9477203229447
[27.1490365995523] 53.1477493607963
[27.1661486995527] 51.4436646674125
[27.1820224995536] 49.8800991272559
[27.1986695995529] 48.2600477206221
[27.2155084995538] 46.6414495158222
[27.2324949995527] 45.0475914295315
[27.2494271995529] 43.4864095676745
[27.2661691995527] 41.9687288186835
[27.2815892995532] 40.5775410831386
[27.2985714995539] 39.0931925618294
[27.3155765995525] 37.6168942429577
[27.3327996995522] 36.1791316285644
[27.3484534995532] 34.8760086000608
[27.3648607995528] 33.5680845942766
[27.3816763995528] 32.2317798690222
[27.3990440995531] 30.875959799503
[27.4155377995521] 29.6130695491084
[27.4314861995535] 28.4251092419237
[27.4493695995534] 27.1226819008987
[27.4649274995536] 26.0058940764882
[27.4823234995529] 24.7869304166908
[27.4981372995535] 23.7126072055592
[27.5148324995534] 22.5957587626052
[27.5315594995536] 21.5061330695743
[27.5488270995538] 20.4027176527609
[27.5660231995535] 19.3379178431196
[27.5820167995535] 18.3707733195059
[27.5984310995536] 17.4195429312858
[27.6149216995527] 16.4774377762104
[27.6317335995536] 15.5461415302095
[27.6490492995526] 14.6160080528044
[27.6656857995531] 13.7430786809036
[27.6813730995527] 12.9441361853569
[27.6986154995539] 12.1007663555883
[27.7158094995539] 10.9478307244168
[27.7297258995532] 10.6648688018628
[27.7493468995526] 9.77177644747781
[27.7649421995538] 9.11132331758376
[27.7826246995537] 8.38567489351588
[27.7981092995524] 7.7769215364064
[27.8151221995522] 7.13027983449733
[27.8321181995525] 6.51361310224682
[27.8493714995529] 5.92022028392608
[27.865044999553] 5.40299609052412
[27.8825655995533] 4.84935444359167
[27.8991100995536] 4.36144467997724
[27.9147332995526] 3.91912352838292
[27.9319527995522] 3.45692911707358
[27.9489530995525] 3.0324304671484
[27.9647707995537] 2.66642365660865
[27.9817840995529] 2.2933655802936
[27.9987115995536] 1.95149548295894
[28.0155709995524] 1.63715025475384
[28.0317773995539] 1.36492533114104
[28.0489554995529] 1.09992899326725
[28.0661247995522] 0.862532135426962
[28.0829264995537] 0.660007453742226
[28.0983073995521] 0.498230156906609
[28.1156575995537] 0.343373484125716
[28.1323248995523] 0.220870249667142
[28.1485144995531] 0.127733266312457
[28.1661320995536] 0.0554342853445454
[28.1818269995529] 0.0161698246318084
[28.1988348995528] 7.62137211562598E-05
[28.2153083995527] 0.0115925633184536
[28.2317880995524] 0.0483224575977288
[28.2482157995528] 0.111646830212407
[28.265979799553] 0.208431191683141
[28.2815576995526] 0.320914422787127
[28.2993622995527] 0.474106134590059
[28.3156653995538] 0.642465734843319
[28.3314560995532] 0.832293016409578
[28.3490523995533] 1.06955648538604
[28.3652903995535] 1.31316893888064
[28.3816631995523] 1.58509889223787
[28.3994831995533] 1.9130024180081
[28.4153512995526] 2.23063776277992
[28.4316547995531] 2.57962067361908
[28.4486521995532] 2.97309299660842
[28.4649052995537] 3.37358560925242
[28.4817369995526] 3.81813073760831
[28.4986993995535] 4.28933913839499
[28.515348199553] 4.77915191425835
[28.5321107995533] 5.30321354468967
[28.5483909995528] 5.84192510192877
[28.5661761995525] 6.453843019685
[28.5824590995526] 7.03482899427028
[28.5981590995525] 7.62467615579067
[28.6157725995527] 8.31669052777845
[28.6328023995538] 9.007179317136
[28.6488915995524] 9.68954835174059
[28.6652943995523] 10.4116420241563
[28.6824608995521] 11.2024926285629
[28.6992669995525] 11.9895583268861
[28.7153759995526] 12.774244028555
[28.7325153995534] 13.6377777100227
[28.7484048995539] 14.4670542676077
[28.7653345995532] 15.3705165667922
[28.7822725995538] 16.3143840313687
[28.8001007995535] 17.3202676788837
[28.8149937995531] 18.2014957228338
[28.8331258995531] 19.2723618733417
[28.8495235995524] 20.2904098553267
[28.8654555995527] 21.308874405215
[28.8815985995534] 22.3492341742963
[28.8982553995538] 23.4508218503934
[28.9149738995529] 24.5897980183253
[28.9324624995534] 25.8055769072322
[28.9524243995529] 27.6091601373574
[28.9683308995536] 28.3927688849346
[28.9780289995524] 29.0874803590736
[28.9998587995524] 1.11777043019504
[29.0151646995528] 0.908693441182752
[29.0330594995521] 0.6889698460223
[29.0482354995529] 0.523281111200983
[29.0653693995537] 0.367419268457704
[29.0823277995532] 0.23878369955806
[29.0982156995524] 0.143539578349931
[29.1151181995538] 0.0684401459990678
[29.1319221995527] 0.0210868879797488
[29.1485696995533] 0.000856662143465
[29.1657414995534] 0.00798883688467146
[29.1825518995538] 0.0421947233559029
[29.1984129995526] 0.100987682149466
[29.2168395995523] 0.198899659521708
[29.2327181995533] 0.308386802669219
[29.2489342995523] 0.445412071839496
[29.2663689995534] 0.622264235938152
[29.2836329995534] 0.824624651727914
[29.2991945995527] 1.03088396993973
[29.3159861995537] 1.28016199613071
[29.3313876995526] 1.53375577373921
[29.3482279995533] 1.83794016305172
[29.365073899553] 2.16559734883282
[29.3827078995528] 2.54127200989738
[29.3988322995538] 2.91443846766365
[29.4158147995531] 3.33388846065978
[29.4328745995535] 3.77973675332964
[29.4489992995532] 4.22233135931917
[29.4662046995527] 4.73428350856721
[29.4817538995521] 5.21143646366247
[29.4994343995531] 5.78208421244815
[29.5155129995528] 6.33230941581526
[29.5325173995534] 6.94404516626331
[29.5488092995529] 7.55498168080511
[29.5651788995528] 8.18073261005199
[29.5825292995523] 8.88348425991777
[29.5990453995528] 9.57489259804298
[29.6152649995529] 10.3026261049894
[29.6319122995537] 11.0441398008379
[29.6492964995523] 11.8626634907003
[29.6651633995534] 12.6303797376078
[29.6821352995521] 13.4934787933908
[29.6985050995536] 14.3304666449878
[29.7149862995539] 15.2135562944455
[29.7319135995531] 16.1368494606207
[29.7494301995539] 17.1274502436585
[29.7649923995523] 18.0304142683763
[29.7824782995522] 19.0783304991808
[29.799803799553] 20.1394297840348
[29.8150266995526] 21.113881135226
[29.8322836995521] 22.2136777478508
[29.8485341995529] 23.3053690213021
[29.8669037995533] 24.5440169596725
[29.8822130995522] 25.6120495973833
[29.8991048995522] 26.7985486810182
[29.9149759995526] 27.9495410139844
[29.9327034995531] 29.2918308384501
[29.9494580995524] 30.5419589716299
[29.9659400995533] 31.8092808468517
[29.9821922995525] 33.0889798536208
[29.9994366995525] 34.4844987027131
[30.0159369995527] 35.9188591868896
