[0] 58.859998910515
[0.0199999995529652] 58.8527751758379
[0.0680839995529823] 58.5892674186452
[0.0956511995527762] 58.3672106920307
[0.106535999552761] 58.2653035944698
[0.112578799553376] 58.2082872458844
[0.116924899552941] 58.1642465048278
[0.123536999552925] 58.0928158855642
[0.128699399552715] 58.0352256443168
[0.133076799553237] 57.984446772264
[0.14025659955314] 57.8928515677067
[0.145373899553306] 57.8293716494892
[0.149734199552768] 57.7709394151613
[0.154023999552919] 57.7123383397492
[0.158185099552611] 57.6545990248212
[0.161796199552555] 57.6028476595304
[0.165408399552689] 57.548729818537
[0.169695699552904] 57.4828595388655
[0.173958399553158] 57.4163480541404
[0.177660699552689] 57.3574463720173
[0.181411399553326] 57.2980654248288
[0.185243799553064] 57.2337710011594
[0.189203699553218] 57.1663386519901
[0.192750499552858] 57.1053041767658
[0.196790199553107] 57.0315800582129
[0.202139799553152] 56.9311990176155
[0.207429299553041] 56.8348906525484
[0.211556499552898] 56.757385551925
[0.215690999552862] 56.6761634559309
[0.220011299553335] 56.588798682307
[0.224195699553093] 56.5067341060784
[0.227906899553091] 56.4297900748885
[0.231422299552833] 56.3557413494091
[0.234951299553359] 56.2814605732893
[0.239059399553298] 56.1918391333282
[0.242461799552984] 56.1179137070134
[0.246146799552662] 56.0349603899438
[0.249819399552507] 55.9510535932849
[0.253350399552801] 55.8717238637835
[0.257305299553082] 55.7783404035513
[0.260889499552832] 55.6942864576301
[0.264824099553152] 55.5996172626351
[0.268839099552679] 55.499978879797
[0.274186699552956] 55.3675206367464
[0.278713499553305] 55.2536016769336
[0.283144899553008] 55.1404796197761
[0.289096099552808] 54.9836829401379
[0.298783999553052] 54.7236813773667
[0.305326199552837] 54.5383132071901
[0.314733799553323] 54.2796441322546
[0.319054599553056] 54.1573364555443
[0.323501099553141] 54.0280158611493
[0.328425499553305] 53.8835972585243
[0.33302149955307] 53.7489753358457
[0.3392349995529] 53.5575790975766
[0.344056299552904] 53.412065595472
[0.347968299553031] 53.2937081371195
[0.351682899552543] 53.1787906363556
[0.356112299552478] 53.039609697012
[0.359731699552867] 52.9260497371466
[0.36324179955318] 52.8126713307642
[0.366889999552768] 52.6972198367828
[0.371142099553254] 52.5554256468543
[0.374969299552504] 52.4351359308045
[0.37848279955324] 52.3189758276721
[0.382046599553178] 52.197622683427
[0.385911199552538] 52.0724154573769
[0.390209199553283] 51.9265284944892
[0.393668199552849] 51.8116162444393
[0.397332699552862] 51.6850120066206
[0.400889399553307] 51.5630931766395
[0.405597799553107] 51.3976125073713
[0.4100745995529] 51.244295837004
[0.414392899552695] 51.0928254269887
[0.418446099552966] 50.9489232845077
[0.422974899553083] 50.7915235783439
[0.42683079955259] 50.654183957648
[0.430317599552836] 50.5313424633956
[0.433865799553132] 50.4021860175528
[0.438983499552705] 50.2162845123766
[0.442602599552629] 50.0867979012281
[0.447508999553065] 49.9064719698532
[0.451419299552981] 49.7632539217924
[0.455557699552628] 49.6117061374913
[0.459216899553212] 49.4781816607566
[0.46293559955302] 49.3387804175702
[0.466812999552531] 49.1967455496788
[0.471743299553054] 49.0065383656683
[0.476428699553253] 48.8363138902724
[0.480320399552511] 48.6917295515241
[0.484184199553056] 48.5474224096427
[0.488607299553223] 48.3808340435684
[0.492472599553366] 48.2355684377064
[0.49633739955334] 48.0906845054626
[0.500634199553133] 47.9260154913132
[0.504985399553334] 47.7641879855201
[0.509018799552905] 47.6124478249922
[0.512944999552928] 47.4642728184747
[0.51664409955265] 47.3237325954309
[0.520426899553058] 47.1835453222975
[0.524795799552521] 47.0162531995279
[0.528486899553172] 46.8754404171469
[0.533062599552977] 46.7043799943818
[0.537330399552957] 46.5397609202513
[0.542719199553176] 46.3421544129953
[0.547096299553232] 46.1788153133988
[0.55112579955312] 46.0305746215012
[0.555643399552537] 45.8588259791867
[0.559572099552497] 45.7176320889486
[0.563165599553031] 45.5851893884632
[0.566926599552971] 45.4463300707896
[0.571120499553217] 45.2928622198892
[0.574873399553326] 45.1570435914786
[0.578613499553285] 45.0204897294496
[0.582275799552917] 44.8897400393342
[0.586218199552604] 44.7457021746492
[0.590550799553057] 44.5920954332648
[0.594490399553251] 44.4522693945172
[0.598455999553153] 44.3130207521425
[0.602545599553196] 44.1680093956663
[0.608948199553197] 43.946116790523
[0.613090799552992] 43.8033352846764
[0.617649899552816] 43.6470439089147
[0.622529299553207] 43.4835225093351
[0.626654499553297] 43.3496790384366
[0.630421699553153] 43.2269214969324
[0.634339299553176] 43.0969211766489
[0.638730999552536] 42.9567792435924
[0.642555699552759] 42.8357523876712
[0.64633919955304] 42.7166578489902
[0.650208099553311] 42.5952678118538
[0.654572199552604] 42.4624540093943
[0.658804999552558] 42.3340575741058
[0.662522499553234] 42.2222539066052
[0.66625709955315] 42.1142263637933
[0.670555699553006] 41.9848903510181
[0.676069099552478] 41.8313938523135
[0.680111799552833] 41.7196133503618
[0.683967599552489] 41.6149195274756
[0.688285599552728] 41.4983819607739
[0.691806699553126] 41.4065001981294
[0.695354399553253] 41.315310654229
[0.698943399553173] 41.2232914307894
[0.702540199553368] 41.1346571504508
[0.706781099553154] 41.0290175684877
[0.710310299552475] 40.9452528690684
[0.713908199552861] 40.8627050512448
[0.717362799552575] 40.7831809028652
[0.721332799553238] 40.6947030802361
[0.724905699553346] 40.6171184003352
[0.728443699553281] 40.5415218480325
[0.732130999553192] 40.4659061490654
[0.737236399552785] 40.3598429099624
[0.743266999553271] 40.2468369273241
[0.747174699552488] 40.1761241296883
[0.751541099552924] 40.0989294380363
[0.756151299552585] 40.0200328032643
[0.759988699553105] 39.958730357385
[0.76362279955265] 39.9025786441181
[0.767453699552789] 39.8437554821001
[0.77172159955262] 39.7834411600186
[0.775417199552976] 39.7337504970499
[0.779069699552565] 39.6861506080439
[0.782853199552846] 39.6391341396115
[0.786782399552976] 39.5931922926651
[0.790892299552979] 39.5484739813536
[0.794332499553093] 39.5133938130927
[0.798284099552802] 39.4748649407476
[0.802827799552688] 39.4341698650535
[0.808703999552563] 39.3875620040017
[0.813726999553182] 39.3533717028683
[0.817850399553208] 39.3284083799487
[0.822779999552949] 39.3022031746139
[0.827105699552703] 39.2831245564444
[0.831313299552676] 39.2682183736224
[0.835428199552553] 39.2565479170185
[0.839964899552797] 39.2472407614086
[0.843993599552959] 39.242132914402
[0.847869999553041] 39.240084821004
[0.851898699553203] 39.2409794972604
[0.856516899552844] 39.2428603233869
[0.860470599553082] 39.2452265951858
[0.864943499553192] 39.2481893626289
[0.869600899553006] 39.2575248905085
[0.875422299553065] 39.2742837928562
[0.880198499552534] 39.2923211520443
[0.884291199552536] 39.3112874124771
[0.88935609955297] 39.3396414728325
[0.893638299552549] 39.3662587993467
[0.897811299552814] 39.3970660360771
[0.902082299552603] 39.4291902187179
[0.906551799553199] 39.4677196361332
[0.910346399552509] 39.5030577836032
[0.914305199552473] 39.5425947808674
[0.918306299552569] 39.5855924297103
[0.92265539955315] 39.6377626873864
[0.926646599553351] 39.6834901336848
[0.930489899553322] 39.7328028849072
[0.934140499552996] 39.7819834679179
[0.939560099553091] 39.8616770422346
[0.944386799553286] 39.9320707046011
[0.9484486995525] 39.9955365470113
[0.952346099553324] 40.0595214316107
[0.956780099552816] 40.1351145950184
[0.960998599553022] 40.210911698765
[0.964918799552834] 40.2816405053427
[0.968586799553123] 40.3505733266971
[0.972749399553322] 40.4322970168114
[0.976611299553042] 40.5098456618704
[0.980369299552876] 40.5872045528679
[0.98396919955303] 40.6649048975673
[0.988184599553279] 40.7549227516607
[0.992044399552469] 40.841227167903
[0.995692299552502] 40.9246671307519
[0.999469799552571] 41.0121512168812
[1.00393259955308] 41.1229157357006
[1.00985629955267] 41.2678159442484
[1.01458159955291] 41.3847160359097
[1.01898429955327] 41.4988940550914
[1.02361579955323] 41.6184086010654
[1.02759989955302] 41.7249683156529
[1.03132739955254] 41.8269957232005
[1.03526259955288] 41.9344226740025
[1.0393870995531] 42.0502337057679
[1.04323839955305] 42.160131759253
[1.04700569955276] 42.2681206596962
[1.05086879955252] 42.3819861926024
[1.05498609955248] 42.5028692597847
[1.05870829955256] 42.6146613481579
[1.06223229955322] 42.7214761046687
[1.06658599955335] 42.8551563988439
[1.07072539955334] 42.9888265253013
[1.07650109955284] 43.1679694509714
[1.08100149955317] 43.3087435565741
[1.08531249955286] 43.4472601302242
[1.08988459955253] 43.5951105130769
[1.09368169955269] 43.7189493282374
[1.09730809955272] 43.8392607566775
[1.10103359955338] 43.9621325749832
[1.10506809955314] 44.0973001038662
[1.10852679955315] 44.2127288584595
[1.11201849955251] 44.3318255810422
[1.11540809955295] 44.4462346924427
[1.11903759955294] 44.570854203425
[1.12288859955333] 44.7034440571954
[1.12640769955306] 44.8252574026981
[1.12997759955306] 44.9487871674921
[1.13351549955314] 45.0715281056699
[1.13814789955268] 45.2345355536209
[1.14242229955289] 45.3912079615845
[1.14707219955289] 45.5506726097899
[1.15194449955288] 45.7208298019583
[1.15635919955275] 45.8769685705315
[1.16041529955328] 46.0208732536905
[1.16401939955267] 46.1484385074243
[1.16758209955333] 46.2755322004071
[1.17149499955303] 46.4156217504328
[1.17504549955265] 46.541462847124
[1.17875519955305] 46.67518294209
[1.18232859955333] 46.8027771524991
[1.18588959955287] 46.9303932471716
[1.189866099553] 47.0737219059727
[1.1934002995531] 47.1987674819877
[1.19711019955321] 47.3330902478845
[1.20059489955293] 47.4574297483834
[1.20562089955274] 47.6436087998288
[1.21075409955301] 47.8226867700904
[1.2147491995529] 47.9632272043135
[1.21838849955293] 48.0982643716685
[1.22303199955331] 48.2578371000634
[1.22673599955306] 48.3884750465548
[1.23021939955288] 48.5103523819581
[1.23367529955249] 48.6328848003491
[1.23779899955298] 48.7788841330511
[1.24133969955255] 48.90145159389
[1.24471089955296] 49.0199284621543
[1.24809209955311] 49.1373994850972
[1.25157889955335] 49.2598376130066
[1.25563059955311] 49.4003206312397
[1.2592869995533] 49.5251500849783
[1.26290679955309] 49.6502520042416
[1.26649229955274] 49.7717912808459
[1.27084699955321] 49.9276272691219
[1.27605239955301] 50.1010562554433
[1.28048789955301] 50.2491357981177
[1.28463449955325] 50.3846487825829
[1.289110099553] 50.5331015425736
[1.29275809955288] 50.6526376486931
[1.2962169995526] 50.7669568468596
[1.30000479955288] 50.8918687712513
[1.30416179955319] 51.0262237536606
[1.3079507995526] 51.148057664568
[1.31162949955251] 51.2633451255301
[1.31516829955308] 51.3772782429152
[1.31881549955324] 51.4908229352547
[1.32272579955315] 51.6133673667328
[1.3264497995533] 51.7281289128036
[1.33000659955269] 51.8384105426044
[1.3335708995528] 51.9468851253654
[1.33860369955255] 52.100889327039
[1.34317599955284] 52.239790004267
[1.34748789955302] 52.3656257096529
[1.35183559955294] 52.4970836548793
[1.35628539955269] 52.6220075998657
[1.35990139955265] 52.7253996790297
[1.36336829955326] 52.8235659988017
[1.36697389955316] 52.9264205390485
[1.37111749955329] 53.0422512361849
[1.37480439955289] 53.143410114051
[1.37864509955307] 53.2505934245439
[1.38234119955268] 53.3495420239491
[1.38601359955283] 53.4489796669141
[1.3900497995528] 53.5549174261211
[1.39370259955285] 53.6502047224171
[1.39748599955328] 53.7487606830025
[1.40104869955303] 53.8401508303151
[1.40548009955273] 53.9550384461591
[1.41073339955256] 54.0844863930491
[1.41500629955317] 54.187934321974
[1.41942939955334] 54.2954954266901
[1.42407969955275] 54.4052297192732
[1.42823139955271] 54.5016954291454
[1.43221389955306] 54.5931427732689
[1.43629249955302] 54.6854075455308
[1.44112469955326] 54.7947095363732
[1.44539119955334] 54.8882546684371
[1.44987969955309] 54.9881864737328
[1.45407599955251] 55.0713284750267
[1.4587022995529] 55.1678406531621
[1.46272429955297] 55.2493815695274
[1.4666506995527] 55.3277397182319
[1.47122969955308] 55.4202119818941
[1.47676829955253] 55.5246471221499
[1.48161129955315] 55.6142599070852
[1.48584079955253] 55.6933766648229
[1.49131979955291] 55.7893796325848
[1.49548969955322] 55.8609830391469
[1.49949249955262] 55.9289349378312
[1.50359109955298] 55.9974048035085
[1.50799079955323] 56.0682094459724
[1.51176309955281] 56.1279207689022
[1.51517199955288] 56.1805099359801
[1.51867599955312] 56.2345338818077
[1.52285379955265] 56.2968629674988
[1.52640089955275] 56.3479509102239
[1.52983369955291] 56.3969550382496
[1.53341089955302] 56.4477186061276
[1.53846479955337] 56.5166271255611
[1.54336009955296] 56.5787564018228
[1.54741749955338] 56.6292128020298
[1.5515152995531] 56.678997638065
[1.55597179955294] 56.731466126782
[1.55956899955254] 56.7723775387289
[1.5630118995532] 56.8102188713595
[1.56645159955315] 56.8477669321915
[1.56994899955316] 56.8839553248285
[1.5740727995526] 56.9255467375439
[1.57776359955278] 56.9614535582292
[1.58114939955249] 56.9928512083229
[1.58472309955323] 57.0253797129296
[1.5918891995525] 57.085606181693
[1.5956117995529] 57.1151637350943
[1.59925249955268] 57.1431793416153
[1.60328669955288] 57.1732738976905
[1.60868239955289] 57.2095031833831
[1.61319129955336] 57.2383310857219
[1.61733409955286] 57.2622744860984
[1.62170709955262] 57.2864213712966
[1.62549309955284] 57.3058605583513
[1.62909699955253] 57.3232744935641
[1.63274019955315] 57.339475473714
[1.63621239955319] 57.3537085440203
[1.64018649955324] 57.3686767127463
[1.64371149955332] 57.3808830282651
[1.64746819955326] 57.3922535573036
[1.65120039955309] 57.4023410801747
[1.65508429955298] 57.4113486373286
[1.65864549955313] 57.4184520075587
[1.66203559955284] 57.4241253823222
[1.66562139955295] 57.4288494863885
[1.66929029955281] 57.4324580338523
[1.67427869955281] 57.4349048787428
[1.67892809955265] 57.4350940069755
[1.68299999955252] 57.4337303432505
[1.687029099553] 57.4307189025828
[1.69158729955325] 57.4255035967386
[1.69543409955259] 57.4196093906826
[1.69915879955261] 57.4126099053032
[1.70263309955317] 57.4049523625599
[1.70665449955322] 57.3944135904847
[1.71051099955275] 57.3827751492469
[1.71410989955257] 57.3711316424673
[1.71761399955267] 57.3582126992274
[1.72150019955279] 57.3426971359033
[1.72530469955291] 57.3258941504802
[1.72892659955323] 57.30876141273
[1.73237149955276] 57.29150395917
[1.73611999955301] 57.2704569680685
[1.74122709955282] 57.2402383784733
[1.74571489955269] 57.2118146658839
[1.74988169955304] 57.1843240157052
[1.75374209955316] 57.1567575147726
[1.75804739955311] 57.1243657108689
[1.76197499955288] 57.0934120741826
[1.76544309955261] 57.0652396416322
[1.76896399955331] 57.0353320146431
[1.77316469955258] 56.9973519898104
[1.77678309955263] 56.963822749768
[1.78030559955278] 56.9302721615625
[1.78374379955312] 56.8958170737677
[1.78782379955283] 56.8537561686563
[1.79153319955276] 56.8140123352335
[1.79516399955264] 56.7740338774908
[1.79864099955284] 56.7346674032286
[1.8024765995533] 56.6887514832913
[1.8076247995532] 56.6251342758168
[1.81229309955324] 56.5659713990156
[1.8164202995531] 56.5127291363182
[1.82076739955301] 56.4546872798238
[1.82534729955296] 56.3911625712739
[1.82937169955312] 56.3342089491137
[1.8334125995525] 56.2749607309836
[1.83792109955266] 56.2058075437454
[1.84167339955275] 56.1501841453742
[1.84513579955274] 56.0956979181816
[1.84856259955268] 56.0411000940945
[1.85220789955292] 55.9811104928618
[1.85623779955313] 55.9134272056995
[1.85981299955256] 55.8522861660881
[1.86341139955312] 55.7897537816044
[1.8670193995531] 55.7260991623095
[1.87191029955284] 55.6370235652785
[1.87650309955279] 55.5501546645735
[1.88078779955322] 55.4685394643804
[1.88489369955278] 55.3888364224583
[1.88948219955273] 55.300422400346
[1.89313179955298] 55.227552759902
[1.89688959955311] 55.1512634091471
[1.90070409955297] 55.0715583110308
[1.90478839955267] 54.985473042481
[1.90838449955299] 54.9079982621677
[1.91189239955293] 54.8325148972039
[1.91528719955295] 54.7584453159175
[1.91902619955272] 54.6741777750763
[1.92303639955298] 54.5830812328279
[1.926722399553] 54.4988759126808
[1.93029969955296] 54.4154361957892
[1.93390189955335] 54.3288283037096
[1.9386632995529] 54.215442515527
[1.94309329955286] 54.1046993021472
[1.94735569955265] 54.0017639110866
[1.95153659955304] 53.895146952745
[1.95622159955292] 53.7779351874193
[1.96011439955328] 53.6763081606884
[1.9638635995525] 53.579824189587
[1.96757839955262] 53.4827073738881
[1.97150329955275] 53.37811094297
[1.97503999955279] 53.282482294277
[1.97864259955259] 53.1849282192503
[1.98217479955292] 53.0880505048713
[1.9860655995526] 52.9802020038763
[1.99009049955293] 52.8656677085961
[1.993816399553] 52.7605037525842
[1.99756149955283] 52.6542771556253
[2.00144859955253] 52.5368543383105
[2.00667999955294] 52.385161960493
[2.01164729955326] 52.2380336673369
[2.0160854995529] 52.1079400643813
[2.02087179955288] 51.9633489508503
[2.02524669955255] 51.8308879874662
[2.02895829955287] 51.7178878856416
[2.032536099553] 51.6044214813897
[2.0362973995525] 51.4884626992604
[2.04047309955331] 51.358476182761
[2.04397829955269] 51.246637012347
[2.04788339955303] 51.1220459691567
[2.05177609955263] 50.9979561435081
[2.05578489955315] 50.868095287623
[2.05947959955301] 50.7489220757735
[2.06301909955255] 50.6331522157886
[2.06656669955282] 50.5171778385112
[2.07040809955288] 50.3876117806085
[2.07513889955317] 50.2286695786013
[2.07951919955303] 50.0831871261817
[2.08341539955291] 49.9536287028456
[2.08767769955284] 49.8091520531802
[2.09156829955282] 49.6746975327518
[2.09542909955326] 49.546056841733
[2.09919629955311] 49.4168157803751
[2.10270189955281] 49.2971140580575
[2.10711499955323] 49.1437237606849
[2.11099039955297] 49.0091341449462
[2.1144494995533] 48.8903622551578
[2.11795409955266] 48.7667061082477
[2.1218907995526] 48.6295440570807
[2.12601549955252] 48.4849131136307
[2.12958239955333] 48.3591286268299
[2.133400099553] 48.22320505821
[2.13823729955311] 48.0468763396351
[2.14306689955265] 47.880060932679
[2.14738269955251] 47.7273780776527
[2.15167049955289] 47.574139579913
[2.1565605995529] 47.4021759645671
[2.1603689995527] 47.2672682199521
[2.16416699955334] 47.1325485734989
[2.16791049955282] 47.0001899603972
[2.17196789955324] 46.8555160392956
[2.17544609955257] 46.7331348564188
[2.17919869955313] 46.5990018419494
[2.18263689955256] 46.4753577395623
[2.18620829955307] 46.3510556168314
[2.19021689955298] 46.2082303300384
[2.19372779955302] 46.0851782384325
[2.19725739955265] 45.9600554133327
[2.20077359955303] 45.8361520076153
[2.20593729955272] 45.6531854992064
[2.21045509955275] 45.4911444227111
[2.21473089955271] 45.3460850393011
[2.21842169955289] 45.2181314639892
[2.22297149955284] 45.0597602174005
[2.22680509955262] 44.9287624518162
[2.23047239955304] 44.8042706617338
[2.23416939955314] 44.6779934670794
[2.23825059955288] 44.5367937355541
[2.24182389955331] 44.418932686244
[2.24542079955336] 44.2976107776614
[2.24898779955311] 44.1771050562148
[2.2528146995528] 44.0509232221478
[2.25694749955255] 43.9142967008291
[2.26049379955293] 43.7996471250732
[2.26413649955248] 43.6807356975685
[2.26776559955306] 43.562281792661
[2.27321129955271] 43.3873562213179
[2.27788779955335] 43.239274502953
[2.28194569955303] 43.1115504006749
[2.28671259955263] 42.9624314373901
[2.29117389955263] 42.8294155425213
[2.29489039955297] 42.718607300957
[2.29868599955262] 42.6046532537758
[2.30282559955322] 42.4832547692139
[2.30710409955282] 42.3579812049289
[2.31082169955334] 42.251260044532
[2.31432449955264] 42.1518916409238
[2.31796009955269] 42.0497556115084
[2.32197959955283] 41.9374526347652
[2.3255854995532] 41.8414160231955
[2.32928869955322] 41.7415436644412
[2.33283999955256] 41.6480776170336
[2.3368093995532] 41.5431854653595
[2.34165879955253] 41.4177440312091
[2.3465289995529] 41.2974665112731
[2.35051959955308] 41.2017245306703
[2.35579819955274] 41.0751466891543
[2.35976959955315] 40.9836832730957
[2.36339839955326] 40.902041805722
[2.36687699955291] 40.8240055038678
[2.37105949955276] 40.7327942065299
[2.37461929955316] 40.6579555704671
[2.3782774995525] 40.5812507583416
[2.38176479955291] 40.5115195111476
[2.38549359955323] 40.4366767340145
[2.38955139955306] 40.3594844658514
[2.3931325995527] 40.2925180212862
[2.39698889955253] 40.2229636060198
[2.4004622995526] 40.1625915425617
[2.40506629955325] 40.0811998759955
[2.40975899955265] 40.0068257262072
[2.41412559955279] 39.9399411290683
[2.4180797995532] 39.8809908663245
[2.42249299955256] 39.818651975241
[2.42652959955285] 39.7641437645529
[2.43021849955312] 39.716078992702
[2.43382469955304] 39.672341268315
[2.43792549955288] 39.6242627873475
[2.44161359955251] 39.5834863712629
[2.4460957995525] 39.5363512659685
[2.44988669955274] 39.5000871980264
[2.45339979955315] 39.4684105542752
[2.45739419955316] 39.4342705212859
[2.46093149955323] 39.4066692121448
[2.46455409955252] 39.3806453990639
[2.46800609955335] 39.3575728358154
[2.47284029955335] 39.3288187552289
[2.47770219955328] 39.3041389108269
[2.48183299955326] 39.2865694210543
[2.48573009955271] 39.2724117252291
[2.49027139955251] 39.259359829425
[2.49414739955319] 39.2510699191404
[2.49776089955321] 39.2456145103234
[2.5013004995526] 39.2424646277687
[2.50537539955258] 39.2415025441364
[2.50902529955329] 39.2430600008206
[2.51261319955302] 39.2457304357187
[2.51598599955287] 39.2479384777175
[2.51948279955286] 39.2515578653218
[2.52383459955308] 39.259775827305
[2.52751099955276] 39.2691711833831
[2.53136549955252] 39.2817188207775
[2.53566889955255] 39.2990648889234
[2.54114939955252] 39.3249295749538
[2.54653719955331] 39.3552708035312
[2.55080319955323] 39.3824985019353
[2.55569979955271] 39.4184017709802
[2.56007739955294] 39.4530868069984
[2.56418079955256] 39.4898461369452
[2.56852529955268] 39.5297310186477
[2.57317809955293] 39.5767919369556
[2.5770026995533] 39.6180032353815
[2.58062049955333] 39.65877810972
[2.58438359955289] 39.7043251829886
[2.58845459955319] 39.7555384795775
[2.59198089955316] 39.801915780046
[2.59541839955273] 39.8500087922572
[2.59911879955325] 39.9025187638004
[2.60290339955282] 39.9592524268183
[2.60769499955313] 40.034534612733
[2.61203009955261] 40.1040677646946
[2.61615009955312] 40.1727817226311
[2.61998229955316] 40.2394960545725
[2.62429139955293] 40.3168218378583
[2.62828559955324] 40.3905682546118
[2.63182169955326] 40.4580998184108
[2.63542319955286] 40.5287997246735
[2.63958899955287] 40.6120107824781
[2.64316749955287] 40.6854758719313
[2.64683469955253] 40.7630442802513
[2.65060029955293] 40.8440592540585
[2.65462579955329] 40.9320786215642
[2.65829999955258] 41.015185127454
[2.66211509955338] 41.103007051052
[2.66564669955278] 41.1854299161557
[2.669933999553] 41.2910653513017
[2.67458749955313] 41.4039458108036
[2.67968939955335] 41.5301554951725
[2.68374749955274] 41.6311254657693
[2.68789819955327] 41.7388163014371
[2.69191189955291] 41.8442139450642
[2.69561699955284] 41.9424079450124
[2.69923509955333] 42.0401423411908
[2.70276999955331] 42.1357493931743
[2.70691839955271] 42.2526543841286
[2.71095189955304] 42.3647968425539
[2.71459589955248] 42.4671120297908
[2.71818019955299] 42.5707439939659
[2.72240209955271] 42.6966385015807
[2.72639429955325] 42.8102953193671
[2.73013319955317] 42.9208507433814
[2.73349239955314] 43.020980040588
[2.73807879955257] 43.1635763050264
[2.74234569955297] 43.29310151026
[2.74675109955297] 43.4271306101851
[2.75052089955261] 43.5425255967678
[2.75469379955302] 43.6752693941577
[2.75896579955315] 43.8099579502509
[2.76276429955306] 43.9274656347203
[2.76621399955275] 44.0385996199306
[2.7696336995532] 44.1471272403835
[2.77393679955276] 44.2869669028659
[2.77746099955311] 44.4014499856625
[2.78088179955284] 44.5118602106586
[2.78436019955279] 44.6267429855928
[2.78857019955285] 44.7676872544898
[2.7922384995527] 44.8858127049597
[2.79571309955281] 45.001315138002
[2.79915579955286] 45.1147314951181
[2.80291189955278] 45.2417439835108
[2.80771079955321] 45.4035997635121
[2.81252319955274] 45.5658998811906
[2.81661249955323] 45.7004251445605
[2.82084519955333] 45.8446685187436
[2.82525739955327] 45.9925227834455
[2.82900339955268] 46.1175901169288
[2.83242599955247] 46.2337983238898
[2.83615959955296] 46.3617581743704
[2.84040659955281] 46.5038897976137
[2.84391979955308] 46.6228067853476
[2.84731539955283] 46.7373666179965
[2.85129969955324] 46.8759111705942
[2.85591169955296] 47.030813995176
[2.85995749955327] 47.1669092443413
[2.86388899955273] 47.299502567775
[2.86801769955309] 47.4402636644331
[2.87265189955269] 47.5944753674937
[2.87689829955252] 47.741056123904
[2.88138149955284] 47.8885100500579
[2.88524649955252] 48.0171545815527
[2.88955489955333] 48.160579628636
[2.89340309955332] 48.2879282088903
[2.89705629955279] 48.4102798619363
[2.90089579955293] 48.5358084032854
[2.90498689955257] 48.670674701005
[2.90856019955299] 48.7871921774793
[2.9121459995531] 48.9048233775272
[2.91580769955272] 49.0249118248129
[2.91942239955279] 49.1408333276839
[2.92327809955259] 49.2659087702004
[2.92672299955302] 49.3760720438789
[2.93040869955257] 49.4950560561036
[2.93386999955328] 49.6046374533721
[2.938618999553] 49.7593827816173
[2.94318349955302] 49.9019607444453
[2.94764599955306] 50.0390625148058
[2.95167959955324] 50.1635721949524
[2.95641199955298] 50.3091629364568
[2.96024679955281] 50.4257385083212
[2.96406689955256] 50.5416276275758
[2.96763579955314] 50.6490541143889
[2.97165859955294] 50.7699084292932
[2.97524989955309] 50.8756822642501
[2.97890649955298] 50.9846554332154
[2.98258209955293] 51.0933291089176
[2.98629389955295] 51.1994435790044
[2.99016729955292] 51.3115449318871
[2.99384129955251] 51.417566083327
[2.99772829955327] 51.5266831760404
[3.00133079955322] 51.6283663526756
[3.00606489955317] 51.7598059570585
[3.01097639955333] 51.8983452982759
[3.01545299955251] 52.017437960975
[3.01951619955253] 52.1260927069273
[3.02388879955288] 52.2414357425789
[3.02782229955301] 52.3444552445519
[3.03155029955269] 52.4417274754748
[3.03528649955297] 52.53666551323
[3.03928439955325] 52.6389736117014
[3.04306819955309] 52.7344966976933
[3.04675539955315] 52.8255064032348
[3.05016949955279] 52.9095055330962
[3.05405039955258] 53.003265212324
[3.05771869955333] 53.0936681463675
[3.06150479955249] 53.1835421740182
[3.06570619955255] 53.2826542108562
[3.07015079955272] 53.3835456650623
[3.07562829955259] 53.5091966616046
[3.0803710995533] 53.6125300205518
[3.08447599955252] 53.7017475095235
[3.08927149955252] 53.8041392595022
[3.09324599955289] 53.8888858093496
[3.09711119955318] 53.967411016133
[3.10053539955334] 54.0383822930777
[3.10499749955306] 54.1303296989104
[3.11031069955334] 54.2338729859343
[3.11433089955335] 54.3098949824
[3.11846789955325] 54.3893500955575
[3.12326429955283] 54.4780933739824
[3.12718119955298] 54.5483098847368
[3.13106689955293] 54.6186740333582
[3.13457789955282] 54.6796834409979
[3.13866219955253] 54.7493908705631
[3.14236699955291] 54.8127351114725
[3.14586059955309] 54.8697846430703
[3.14953719955247] 54.930121263353
[3.15401529955307] 55.0007546250178
[3.15816659955271] 55.0645644664455
[3.16211569955249] 55.1251890517869
[3.16568319955331] 55.1763620761282
[3.16986359955263] 55.2391696490044
[3.17544589955287] 55.3160267683037
[3.17976029955298] 55.372634947688
[3.18384229955336] 55.4268072383374
[3.18822679955338] 55.482663174813
[3.19214409955293] 55.5299666470539
[3.19555959955323] 55.5711421530614
[3.19922659955319] 55.6143968108679
[3.20306339955278] 55.6575113734286
[3.20722639955329] 55.7030724558071
[3.21090839955286] 55.7418355255038
[3.21449739955278] 55.7789442787349
[3.21819949955261] 55.8158415126661
[3.2225300995533] 55.8570339399783
[3.22648269955334] 55.8939446798396
[3.23025299955316] 55.9262604015384
[3.23377129955315] 55.9561974571759
[3.2378926995525] 55.9904662750744
[3.24246699955256] 56.0254553591257
[3.24670289955247] 56.0559080898195
[3.25119859955248] 56.0866610867352
[3.25589269955253] 56.1169122399999
[3.26004629955332] 56.1414701339233
[3.26494409955285] 56.1688108918563
[3.26914879955257] 56.1904627508026
[3.2733850995528] 56.2105744672932
[3.27716389955276] 56.227022583706
[3.28082679955332] 56.2419236605005
[3.28445389955323] 56.2552786836495
[3.28870909955276] 56.2694517724168
[3.29218379955273] 56.2798513284843
[3.29605149955296] 56.2899734291723
[3.29971339955318] 56.2982645375571
[3.30364699955317] 56.3058034195024
[3.30846829955317] 56.3128530259798
[3.31286099955287] 56.3172790746581
[3.31682989955334] 56.3198643337873
[3.3209843995528] 56.3209420091316
[3.32488739955261] 56.3205128301174
[3.3286325995532] 56.3187987372086
[3.33218539955305] 56.3159370629229
[3.33573029955278] 56.3119351594057
[3.33997089955301] 56.3054521223444
[3.34361979955247] 56.2986227446586
[3.34711629955291] 56.2908556989407
[3.35056379955313] 56.2821993432438
[3.35452399955284] 56.270621202655
[3.35830109955259] 56.2582611445277
[3.36204599955272] 56.2447941538289
[3.36537299955307] 56.2318019546705
[3.36881469955279] 56.2167453133866
[3.37385729955258] 56.1923262322708
[3.37828679955328] 56.1700644403723
[3.38205789955282] 56.1492127154807
[3.38588859955325] 56.126581237768
[3.39026869955251] 56.0994196046289
[3.39389909955298] 56.0757286419171
[3.39746839955296] 56.0507748159124
[3.40089439955318] 56.025700092275
[3.40501619955285] 55.9942475235398
[3.40861619955285] 55.9653653946672
[3.41210079955272] 55.9361192201743
[3.41579749955326] 55.9043007843258
[3.41968329955307] 55.868964302282
[3.42390809955305] 55.829460423252
[3.4280838995528] 55.7880457234513
[3.43202179955279] 55.7481246782189
[3.43581589955284] 55.7065761916314
[3.44102849955289] 55.648794385827
[3.44563069955257] 55.5974469452387
[3.44975839955259] 55.548927678239
[3.45376239955294] 55.5001439564763
[3.45818539955326] 55.4443812089652
[3.46218639955259] 55.3923767454499
[3.46606589955263] 55.3411157236226
[3.47015559955253] 55.2846093470464
[3.47482909955306] 55.2189021634054
[3.47861879955326] 55.1646366405241
[3.48210519955319] 55.1130998081201
[3.4857524995532] 55.0570854123738
[3.49000569955297] 54.9911396246531
[3.49412789955295] 54.9250384446969
[3.49845379955332] 54.8555772261515
[3.50197569955253] 54.7977345702452
[3.50666679955248] 54.7150491259364
[3.51136459955251] 54.6355799328488
[3.51520659955258] 54.5671184750895
[3.51902389955285] 54.4991430884519
[3.52332279955317] 54.419442726905
[3.52713509955265] 54.3476544349814
[3.53089089955301] 54.2763558386679
[3.53450969955247] 54.205439492025
[3.53856499955327] 54.1266192712807
[3.54204579955331] 54.0564456904772
[3.54547109955274] 53.9866133264482
[3.54931749955267] 53.9073062410619
[3.55331149955327] 53.8231952467588
[3.55734599955304] 53.7371449005754
[3.56108019955263] 53.6562684349759
[3.56523219955307] 53.5637445898073
[3.56951789955292] 53.4666350054646
[3.57426529955319] 53.3585906927476
[3.5787654995529] 53.2563083101057
[3.58284019955317] 53.1611584056773
[3.58671969955321] 53.0690630511061
[3.5909732995533] 52.9671619594738
[3.59480429955329] 52.8736699894891
[3.59860449955249] 52.7808623926625
[3.60220489955282] 52.6907936056242
[3.60615909955322] 52.591365239893
[3.60988419955265] 52.4963671509207
[3.61334869955317] 52.407236740464
[3.61716149955282] 52.3068405569808
[3.62157119955282] 52.1916281308381
[3.62504209955296] 52.0995770443573
[3.62881709955309] 51.9966506756045
[3.63229929955287] 51.9042684655175
[3.63568629955262] 51.8089601956141
[3.64064589955251] 51.6719083404821
[3.64504729955297] 51.5497648976178
[3.6491080995529] 51.4356173405685
[3.65309999955298] 51.3218833322023
[3.65756909955326] 51.1930645531497
[3.66139099955308] 51.0828532616771
[3.66495969955304] 50.9798665017285
[3.66843599955337] 50.8766908082707
[3.67227879955317] 50.7639398722783
[3.67587219955294] 50.6554956454449
[3.67953529955321] 50.5461456186234
[3.68314739955258] 50.4375969364579
[3.68662589955329] 50.3308963118524
[3.69059789955281] 50.2101093294957
[3.69441849955274] 50.0899189170738
[3.69820019955296] 49.9745809850445
[3.70177039955252] 49.8634081474691
[3.70646719955312] 49.7120204431204
[3.71102759955284] 49.5698700080274
[3.71508219955285] 49.4421919500381
[3.71913169955315] 49.31193717238
[3.72386529955293] 49.1599902079371
[3.72766409955329] 49.0384693471946
[3.73119339955338] 48.9248631750422
[3.73455529955299] 48.8151319812761
[3.73877739955333] 48.6775460630499
[3.7422864995533] 48.5626098870764
[3.7458619995532] 48.4451439165037
[3.74945819955337] 48.3267725912896
[3.75319529955323] 48.2022585847175
[3.75724989955324] 48.0687149076441
[3.76090149955326] 47.9471063345398
[3.76463569955285] 47.8221930066417
[3.76822179955252] 47.7031662277816
[3.77348369955325] 47.5212718088955
[3.77821879955263] 47.3662467077106
[3.78233989955334] 47.226307872247
[3.78627969955323] 47.0968104348919
[3.79041329955271] 46.9578322216999
[3.7938713995527] 46.8433219855188
[3.79738679955335] 46.7241645816171
[3.80111699955251] 46.5981042502626
[3.80512859955252] 46.4641957838646
[3.80873179955324] 46.3425710820789
[3.81236189955325] 46.2208588061222
[3.81625069955317] 46.0894135265007
[3.81988059955256] 45.9679037534028
[3.82381549955335] 45.837222206986
[3.82748769955288] 45.713552880396
[3.83102919955309] 45.5959848269196
[3.8345065995527] 45.4802005381542
[3.83903419955277] 45.3265609419428
[3.84370609955295] 45.1722273926887
[3.84778529955292] 45.0399925482536
[3.85172789955323] 44.9096644742456
[3.85603939955308] 44.7682448953732
[3.85965559955275] 44.6508426114699
[3.86328369955299] 44.5336088193082
[3.86673889955273] 44.4223867237022
[3.87084679955296] 44.2903633529117
[3.87440969955333] 44.1760792304149
[3.87821229955262] 44.0547697781612
[3.88205349955297] 43.9323345454559
[3.88595169955261] 43.8097567315947
[3.89037059955263] 43.6733107621996
[3.89411909955288] 43.5570605158279
[3.89831219955249] 43.4286492245241
[3.90183269955287] 43.3218295311256
[3.9067162995525] 43.1702970944012
[3.91166869955305] 43.0243734528694
[3.91562709955269] 42.9084037298853
[3.91976469955262] 42.7873128625514
[3.92428719955296] 42.6566070090433
[3.92792379955335] 42.5531108835603
[3.9315492995529] 42.4513183984787
[3.93520319955314] 42.348595467745
[3.93938529955267] 42.2313691759176
[3.94313199955286] 42.1313657688521
[3.94673409955249] 42.0337858072088
[3.95031299955281] 41.9382224305991
[3.95422789955319] 41.8363086695537
[3.95783129955271] 41.7431478910314
[3.96176969955286] 41.6426525993211
[3.96538559955297] 41.552291208199
[3.96874909955295] 41.4684940648701
[3.97352069955286] 41.350327004528
[3.97801109955253] 41.2446966763665
[3.98167709955305] 41.1609483970268
[3.98554799955309] 41.071331840798
[3.99005389955255] 40.9704083303767
[3.9937019995532] 40.8916504442322
[3.99744819955322] 40.8110031129188
[4.00121939955261] 40.7315819328467
[4.0054501995528] 40.6444499762087
[4.00925169955281] 40.569152760781
[4.01333909955247] 40.4884379428714
[4.01729519955279] 40.4140817605171
[4.02173069955279] 40.333145029357
[4.0256334995529] 40.2624626261382
[4.02939029955269] 40.1994903700366
[4.03286529955312] 40.1413053602326
[4.03668389955328] 40.0758149848286
[4.04191539955264] 39.9954539439013
[4.04636189955272] 39.9303764063254
[4.05020569955286] 39.8744933248508
[4.05455879955298] 39.8159493517684
[4.05853609955284] 39.7640949744207
[4.06212019955274] 39.7194607176264
[4.06569789955302] 39.6762218933844
[4.06959239955268] 39.6320419855088
[4.07365269955335] 39.5877628513192
[4.07722169955287] 39.5520883148765
[4.08065419955255] 39.5189021710205
[4.08435189955253] 39.4842928575133
[4.08856289955293] 39.4494065262719
[4.09212999955253] 39.4213193270418
[4.0958216995532] 39.3945378195569
[4.09943839955304] 39.3703059229492
[4.10372569955325] 39.3439217648162
[4.10858239955269] 39.3177760267819
[4.11274149955261] 39.2989980499078
[4.1169408995529] 39.2823648751059
[4.1213520995525] 39.2682322136953
[4.12536239955261] 39.2580209694697
[4.12910389955323] 39.2508190677357
[4.13263099955293] 39.2461683925863
[4.13616449955316] 39.2434595343651
[4.14014659955319] 39.2428685727615
[4.14361729955272] 39.244435619043
[4.14725139955317] 39.2476016329339
[4.15086239955326] 39.2511766482972
[4.15486079955281] 39.2550735679423
[4.15824649955266] 39.2615352520418
[4.16206849955324] 39.2710727735722
[4.1655986995529] 39.2821271394619
[4.16914019955311] 39.2953047774911
[4.17415999955301] 39.3168171577818
[4.17874179955288] 39.3402185657518
[4.18247439955303] 39.3615826299881
[4.18621609955335] 39.3854109749097
[4.19055309955274] 39.4156990510118
[4.19434289955279] 39.4444868412015
[4.19796379955278] 39.4740862840475
[4.20140879955306] 39.5043186025231
[4.20532509955319] 39.5403817925892
[4.20909639955335] 39.57838141907
[4.21276739955283] 39.6165518210159
[4.21657849955318] 39.6584217015331
[4.22025929955271] 39.7011365237515
[4.22406119955303] 39.7472013507009
[4.22768499955328] 39.7932855879848
[4.23123959955319] 39.8401113563955
[4.23490419955306] 39.8903964122176
[4.23944779955309] 39.9570309794417
[4.24405299955288] 40.0251982733018
[4.24788749955314] 40.0837722165664
[4.25161749955259] 40.1441864319073
[4.25618529955318] 40.2208065942878
[4.26008559955335] 40.2865711308849
[4.26375249955254] 40.3523663884348
[4.26723329955257] 40.4147619110108
[4.27143739955318] 40.492824754773
[4.27510899955269] 40.5632951035763
[4.27868119955292] 40.63276646669
[4.28231189955295] 40.7058729050668
[4.2859573995529] 40.7813395117128
[4.29008029955276] 40.8663802849989
[4.29363059955267] 40.9424329050814
[4.29700289955326] 41.0154317847915
[4.300668199553] 41.0973095822112
[4.30535689955286] 41.205990838658
[4.31011119955292] 41.3146097466042
[4.31396239955302] 41.403782292526
[4.3178387995531] 41.4975151165914
[4.32237779955267] 41.6094114463739
[4.32632119955269] 41.7048853788226
[4.32995959955315] 41.7965015116215
[4.33341919955274] 41.8841912430482
[4.33765149955252] 41.9943589244104
[4.34133539955292] 42.0904729948075
[4.34484949955277] 42.1827107805169
[4.34847839955273] 42.2807523566944
[4.35201619955296] 42.3766053087367
[4.35604209955272] 42.4864309666765
[4.35955229955289] 42.5851568338935
[4.36311839955306] 42.6824643135261
[4.36682279955312] 42.7898099242566
[4.37158539955271] 42.9238264854343
[4.37610779955321] 43.0577501924612
[4.3802346995526] 43.1737357527625
[4.38407909955276] 43.2868508444654
[4.38825079955313] 43.4105948818599
[4.39214409955275] 43.5248675823955
[4.3957050995532] 43.6318482760971
[4.39944309955263] 43.7447526225194
[4.40331839955252] 43.8626165976764
[4.40753879955264] 43.9906718460568
[4.41128979955283] 44.1047402541469
[4.41491339955337] 44.217880716702
[4.41859549955279] 44.3314186132844
[4.42278329955298] 44.4609814828394
[4.42637359955279] 44.5736548247582
[4.4301006995529] 44.6915468008987
[4.43383659955271] 44.8079218564299
[4.43858469955285] 44.9617807498559
[4.44370609955331] 45.1233661416619
[4.4484770995532] 45.2723783128283
[4.45246279955336] 45.3986320061244
[4.45678439955282] 45.5370182490842
[4.46051469955273] 45.6554239723376
[4.46424369955275] 45.7746702846033
[4.46794419955313] 45.8938473220244
[4.47198139955253] 46.0238706090714
[4.47555979955268] 46.1377123898303
[4.47940389955329] 46.261924841861
[4.48325869955261] 46.3844996664311
[4.48692629955258] 46.5029894422604
[4.49099079955249] 46.633494944155
[4.49480529955326] 46.7554701122349
[4.49832419955328] 46.868448625858
[4.50214999955278] 46.9903468563052
[4.50704919955297] 47.1515939178035
[4.51154659955318] 47.2912991689404
[4.51536499955273] 47.4135445050984
[4.51941479955258] 47.5403492548882
[4.52367379955285] 47.6758431072164
[4.52754959955291] 47.7966267769094
[4.53127119955298] 47.9129977267489
[4.53491269955248] 48.0294590512748
[4.53911139955289] 48.1582970769402
[4.54268229955323] 48.2699628099309
[4.54614299955301] 48.3789097794039
[4.54986929955248] 48.4920237177869
[4.55333279955266] 48.5992527569662
[4.5572993995529] 48.7201057044597
[4.56086749955284] 48.8298239965557
[4.56443809955272] 48.9377234006348
[4.56844019955315] 49.05927852083
[4.57343219955328] 49.2128542876872
[4.57798599955277] 49.3455948588745
[4.58245419955256] 49.4789560206017
[4.58643659955305] 49.5936758992039
[4.59080659955271] 49.7216199421216
[4.59439319955254] 49.8244895615008
[4.59805909955321] 49.9300675498782
[4.60157109955253] 50.0311091114318
[4.60552519955309] 50.1427145020095
[4.60907879955266] 50.2435069401436
[4.61243889955313] 50.3374538367297
[4.61593199955314] 50.4347719063627
[4.61956149955313] 50.5359988590937
[4.62362279955323] 50.6457293367768
[4.62711529955322] 50.7414662604268
[4.63057019955249] 50.8339081265059
[4.63433779955267] 50.9357983249356
[4.63929379955334] 51.0692090721947
[4.64438599955247] 51.2001322279133
[4.64819109955261] 51.2972108494675
[4.6520521995526] 51.3965089871354
[4.65655509955286] 51.5113999142883
[4.6602031995526] 51.6001960638732
[4.66362589955315] 51.6853443828166
[4.66761989955285] 51.7843885819747
[4.67185169955337] 51.8853335260037
[4.67525519955325] 51.9670833926285
[4.67889179955273] 52.0533996135242
[4.68269859955308] 52.1426596231316
[4.68653639955301] 52.2325821455072
[4.69058109955313] 52.3228343477044
[4.69415679955273] 52.4036529425224
[4.69790469955296] 52.4879636687357
[4.70183309955337] 52.573945062769
[4.70660819955265] 52.6812265583606
[4.71138769955269] 52.7789562741734
[4.71552339955269] 52.864963601964
[4.71944569955303] 52.9469081387543
[4.72400369955267] 53.0380661856294
[4.72775259955324] 53.1112077197527
[4.73132539955259] 53.1808778261932
[4.73474489955333] 53.2471728430948
[4.73871649955254] 53.3221408445052
[4.74229029955313] 53.3891381683674
[4.7457393995528] 53.4529670931281
[4.74953419955273] 53.5212147226359
[4.7531703995528] 53.5860585604069
[4.75718509955277] 53.6557920256362
[4.76096109955324] 53.7205939412592
[4.76461239955279] 53.7826043683697
[4.76871319955262] 53.8493210522447
[4.77325969955291] 53.923380858667
[4.77801719955278] 53.9975230261608
[4.78174949955337] 54.0536187959133
[4.78579159955279] 54.115146678693
[4.79006209955332] 54.1773651765384
[4.79382599955261] 54.2299843589636
[4.79755449955337] 54.2820964974265
[4.80103669955315] 54.3305967164152
[4.80529549955281] 54.3855729123477
[4.80919799955336] 54.4364339625045
[4.81280969955333] 54.4815352731085
[4.81643329955295] 54.5258931561774
[4.82022419955319] 54.5710130590197
[4.82414439955301] 54.6160552456775
[4.82796859955306] 54.6591085266466
[4.83163699955276] 54.6992019189477
[4.83543079955325] 54.7388222999834
[4.84057689955262] 54.7916183977771
[4.84510669955307] 54.834816998409
[4.84908619955331] 54.8715554569132
[4.85296239955278] 54.9059723820538
[4.85739349955293] 54.9439074759367
[4.86120809955264] 54.9749009785111
[4.8647423995526] 55.0024622317271
[4.86828859955313] 55.0292858272333
[4.87227529955271] 55.0576123678557
[4.87576039955275] 55.0816104295158
[4.87918799955332] 55.1038744120367
[4.88271899955271] 55.1256917244673
[4.8861312995532] 55.1461227786811
[4.89040809955259] 55.1694696452201
[4.89412509955309] 55.1884184678052
[4.89779679955336] 55.2060762790929
[4.90168779955275] 55.2235397562574
[4.90696209955331] 55.2447981516282
[4.91202509955292] 55.2620578227556
[4.91643229955298] 55.2755121950234
[4.92083729955266] 55.2872550184605
[4.92524059955304] 55.2970099221953
[4.92886179955258] 55.3039226197707
[4.93231179955274] 55.3093819334627
[4.93634459955319] 55.314352798893
[4.94066309955269] 55.3178709850177
[4.94439699955274] 55.3196241799809
[4.94791109955258] 55.3201299939325
[4.951381199553] 55.3195108364523
[4.95540389955295] 55.3172878228275
[4.9589164995532] 55.3141913131456
[4.96234879955318] 55.3101032075179
[4.96600699955252] 55.3042796632224
[4.97007389955252] 55.296184314076
[4.97516749955321] 55.2840580093795
[4.97944039955291] 55.2724632142709
[4.98324639955263] 55.2604802248606
[4.98701639955289] 55.2473111737344
[4.99127299955308] 55.2307929923916
[4.99480289955318] 55.2159719700974
[4.99836639955265] 55.1997868316423
[5.00192599955335] 55.1823866120995
[5.00615559955259] 55.1597265026491
[5.01044649955293] 55.1357151361996
[5.0143368995532] 55.1122012815246
[5.01808209955288] 55.0885347335682
[5.02234699955261] 55.0595919641634
[5.02587579955252] 55.0346015306213
[5.02940529955322] 55.0087275132386
[5.03317059955316] 54.9791165080416
[5.03697859955264] 54.947125425993
[5.0418728995528] 54.9055490743165
[5.04632219955329] 54.8663061593163
[5.05034689955301] 54.8288680791915
[5.05466339955274] 54.7868512949511
[5.05856119955297] 54.7477914183585
[5.06202789955296] 54.7115563834199
[5.06564349955261] 54.6732046477995
[5.06916059955256] 54.6341395177255
[5.07331109955248] 54.5869234346587
[5.07704909955282] 54.5431304808287
[5.08089609955277] 54.4962412829462
[5.08465579955282] 54.4492844649289
[5.08903969955281] 54.3933223601339
[5.09272959955251] 54.3448507447822
[5.09638569955314] 54.2958116890055
[5.10009489955337] 54.2439225441293
[5.10469839955294] 54.1788398811441
[5.10907539955315] 54.1107180188918
[5.11350899955323] 54.0482287259888
[5.11730419955256] 53.9899205268103
[5.12156699955267] 53.9229592027526
[5.12556679955287] 53.8590951157118
[5.12955199955286] 53.7935659974889
[5.13333549955314] 53.7311012203668
[5.13750909955252] 53.6597603438216
[5.14132379955299] 53.5932239131942
[5.14510199955294] 53.5269558466531
[5.14888839955256] 53.4584030903415
[5.15238229955321] 53.3942000462709
[5.15663059955295] 53.3152745134914
[5.1603474995527] 53.2445853333968
[5.16397819955273] 53.1746910526342
[5.16767609955332] 53.1018024844978
[5.17222659955314] 53.0092780313349
[5.17714649955269] 52.9098837869902
[5.18111999955272] 52.8291777317559
[5.18482089955251] 52.7510893157271
[5.18933639955321] 52.6534080042326
[5.19311789955282] 52.5740066096775
[5.1967114995532] 52.4939733577619
[5.20023259955269] 52.4171763499606
[5.20457979955336] 52.3180308106669
[5.20837149955332] 52.2325506196777
[5.21191269955307] 52.1517444139656
[5.21543509955336] 52.0690970313047
[5.21913319955274] 51.9807733255673
[5.22324939955251] 51.8840590423057
[5.22683199955281] 51.7969764801372
[5.23033269955249] 51.7124915908243
[5.23404429955281] 51.6201082592778
[5.23861929955274] 51.5040630848554
[5.24335899955258] 51.3841926567526
[5.2475277995527] 51.2794247091366
[5.2515630995531] 51.1745253421816
[5.25598249955328] 51.0591544594188
[5.25990119955259] 50.9570418504988
[5.26353369955268] 50.8604679646475
[5.26720039955308] 50.7616648281163
[5.27152439955262] 50.6451328100244
[5.27519289955308] 50.5446421546895
[5.27865449955334] 50.4500619369878
[5.28239999955258] 50.3445601123683
[5.28613629955271] 50.2406927696465
[5.29032629955327] 50.1234831356395
[5.29380869955276] 50.0244110816238
[5.29740039955323] 49.9205869536116
[5.30141889955303] 49.8059043894497
[5.30624229955265] 49.6642371111944
[5.31093389955277] 49.5274498550416
[5.31495179955255] 49.4108483920759
[5.31902779955271] 49.2880095244508
[5.32338019955296] 49.1600752820433
[5.32696429955286] 49.053853530286
[5.33049429955281] 48.9472939284127
[5.33402049955293] 48.8404651213858
[5.33851249955296] 48.7044677241682
[5.34219879955253] 48.5918527964281
[5.34569939955327] 48.4842863990936
[5.34950089955328] 48.3659974253518
[5.35304139955315] 48.2565167285486
[5.35710849955285] 48.1308011054424
[5.36084449955251] 48.0152931892224
[5.36433889955333] 47.9068688900493
[5.36808989955261] 47.7888162063661
[5.37270589955278] 47.6375051556439
[5.37755259955247] 47.4894828032614
[5.3814830995525] 47.3676076192017
[5.38543549955284] 47.241520797628
[5.38992859955306] 47.0986501231348
[5.39375699955326] 46.9781140047556
[5.39767749955263] 46.8516149639728
[5.40125339955284] 46.7390749408849
[5.40518129955308] 46.6150137521401
[5.4087915995533] 46.4987637852901
[5.41226399955303] 46.3886614720536
[5.4157655995532] 46.2770734042878
[5.41947409955264] 46.1582487722599
[5.42375229955269] 46.022188389344
[5.42745239955275] 45.902577685788
[5.43101239955286] 45.7900173468038
[5.43472919955275] 45.6723382191779
[5.43938499955311] 45.523183072865
[5.44398279955294] 45.3768821775265
[5.44791919955333] 45.2545495441021
[5.45175139955336] 45.1330801728422
[5.45626939955309] 44.9903082078581
[5.46006019955257] 44.8728441788494
[5.46357369955331] 44.7610664575154
[5.46711599955324] 44.6524032187762
[5.4715416995532] 44.514558274264
[5.47519069955251] 44.4018614733524
[5.47885919955297] 44.2894522436134
[5.48239639955318] 44.1811191799518
[5.48576899955333] 44.0774289330459
[5.48995549955271] 43.9507322982209
[5.49454419955327] 43.8120650867593
[5.49837259955257] 43.696925920232
[5.50212069955251] 43.5860999125349
[5.50687989955259] 43.4385415870498
[5.51172359955308] 43.3020509261176
[5.51578519955274] 43.1850687519951
[5.51990819955336] 43.0665048436042
[5.52425259955271] 42.9424326011498
[5.5280248995532] 42.8367062258013
[5.53172569955314] 42.7338073279288
[5.53516639955251] 42.6377604937956
[5.53918329955286] 42.5281288665349
[5.54275109955324] 42.4296034263816
[5.54654549955285] 42.3283896652971
[5.55026779955278] 42.2297709232367
[5.5547122995531] 42.1124575689307
[5.55848879955283] 42.0148169642905
[5.56206799955271] 41.9239770111051
[5.56552579955314] 41.8347631104829
[5.56936929955282] 41.7373199894638
[5.57420669955263] 41.6175010949141
[5.57876239955294] 41.5102607616656
[5.58259179955257] 41.4198516942936
[5.58664499955285] 41.3245501167478
[5.59099559955303] 41.2260318133804
[5.59455729955334] 41.1466632754498
[5.59841119955308] 41.0613706130185
[5.60217979955269] 40.9786150370435
[5.60630469955322] 40.892769537438
[5.61000349955248] 40.8160308652454
[5.61339559955286] 40.7469342554132
[5.6169808995528] 40.6751318489984
[5.62114459955319] 40.5938624600892
[5.62475879955309] 40.5254703427801
[5.62842489955256] 40.4572318620878
[5.63227319955331] 40.3865784677911
[5.63597009955265] 40.321035981905
[5.64105039955302] 40.2330852130523
[5.6459252995528] 40.1541364439462
[5.6500564995531] 40.0891405253939
[5.65422519955337] 40.0256117851907
[5.65805719955279] 39.9690682791421
[5.66187399955288] 39.9145948841879
[5.66545619955286] 39.8658274507094
[5.66898299955301] 39.8188238775177
[5.67282559955311] 39.7702597983184
[5.67640329955248] 39.7257348067752
[5.68035849955322] 39.6800650109301
[5.68402169955334] 39.6395502990799
[5.68823199955295] 39.594855549147
[5.69173029955255] 39.5595281440361
[5.69544969955314] 39.5246356157146
[5.6991628995529] 39.4913401322939
[5.70394479955303] 39.4506758484657
[5.70929279955271] 39.4105234697785
[5.71363989955262] 39.3816421081423
[5.71754459955264] 39.3572508693936
[5.72185239955252] 39.3331879800711
[5.72613329955311] 39.3122530519478
[5.72997729955296] 39.2957299067362
[5.73334769955272] 39.2831106587994
[5.73748869955307] 39.2698144284876
[5.74151359955249] 39.2594236531528
[5.74519659955331] 39.2522058123931
[5.74891439955263] 39.2468675225889
[5.75254479955311] 39.2438278426084
[5.75657719955325] 39.2427677784002
[5.76007369955278] 39.2438565777667
[5.76356659955309] 39.2467232321266
[5.76740489955318] 39.2502104515566
[5.77180369955295] 39.2546715354523
[5.7764149995528] 39.2637144581348
[5.7805319995532] 39.2741722252294
[5.78463849955278] 39.2875240820564
[5.78925609955331] 39.3055727577948
[5.79316239955278] 39.3230775365825
[5.79660349955248] 39.3405926094837
[5.80044659955274] 39.3621684426217
[5.8050350995527] 39.3909783755834
[5.80883089955296] 39.4170377441406
[5.81239719955283] 39.4434362997835
[5.81590969955323] 39.471218134014
[5.81972049955311] 39.5037650667455
[5.82375739955296] 39.539830899501
[5.82736479955292] 39.574614569939
[5.83099039955323] 39.6111435348598
[5.8346850995531] 39.6506607617998
[5.83942959955311] 39.7043474471664
[5.84404309955335] 39.7590724151306
[5.84796989955248] 39.8070273002878
[5.85200249955324] 39.8599133803706
[5.85626329955267] 39.9177669526296
[5.86004819955269] 39.9701859874501
[5.8634281995528] 40.0195199694705
[5.86718779955299] 40.0772548283483
[5.87162169955263] 40.1449676123639
[5.87515289955263] 40.2022702132184
[5.8788632995529] 40.2634053479951
[5.88254689955284] 40.325454445141
[5.88603479955327] 40.3861197575756
[5.89004839955305] 40.4571485517649
[5.89359539955331] 40.5222586934798
[5.89724179955283] 40.5909216698647
[5.90094679955291] 40.6615601699339
[5.905239099553] 40.7462565092563
[5.90997549955318] 40.8420681764394
[5.91418259955299] 40.9277986232397
[5.91822269955264] 41.0126167335108
[5.92271049955252] 41.1089239582825
[5.92643819955265] 41.1904917450151
[5.93042079955285] 41.2789319442597
[5.93493549955292] 41.3836758376958
[5.9393219995527] 41.4831244233717
[5.94316899955265] 41.5720822987532
[5.94674209955338] 41.6571998607897
[5.95025199955307] 41.7407248049438
[5.95426879955266] 41.8396797078161
[5.9578265995533] 41.9276629403044
[5.96143829955327] 42.0179974973618
[5.96504319955329] 42.1099512045205
[5.9690788995531] 42.2144107936691
[5.97371039955306] 42.3355235083002
[5.97848139955295] 42.4596022228179
[5.98238089955248] 42.5624664799419
[5.9865625995526] 42.6747696898455
[5.99114299955272] 42.7988392343718
[5.99488359955285] 42.9005630838314
[5.99842119955247] 42.9975979066094
[6.00185139955283] 43.0933497511865
[6.00583199955327] 43.2043266317983
[6.00999759955266] 43.3238164551028
[6.01427019955281] 43.4449619442446
[6.01824909955303] 43.5586688972866
[6.02247009955317] 43.6801457335163
[6.02638269955332] 43.7932687821993
[6.03003409955272] 43.8986754622364
[6.03369219955312] 44.0064110257572
[6.03875649955262] 44.1583708220444
[6.04342579955301] 44.2949468547541
[6.04730759955328] 44.4083480042217
[6.05101719955292] 44.5197187999751
[6.05561479955304] 44.6578859202196
[6.05933239955266] 44.7677424247291
[6.0629819995529] 44.878965190282
[6.06706399955328] 45.0053318707297
[6.07197639955302] 45.1516280647834
[6.07674609955302] 45.2988605407424
[6.08129259955331] 45.4333225943929
[6.08508549955332] 45.5476662449353
[6.08969609955329] 45.6879112255307
[6.09349569955248] 45.8034281405664
[6.09708449955269] 45.9124664881835
[6.10080739955265] 46.0261132548126
[6.10511029955251] 46.1588647987223
[6.11001229955309] 46.3081055118905
[6.11408849955296] 46.4298397007759
[6.11796049955319] 46.5487585763254
[6.12228599955324] 46.6810357066039
[6.1260490995528] 46.7922206174315
[6.12963239955297] 46.9005888993008
[6.13323819955258] 47.0087363040305
[6.13717499955328] 47.1281781480102
[6.14132669955325] 47.2522660077048
[6.14488949955285] 47.3582408933184
[6.14846319955268] 47.4655726302425
[6.1520990995532] 47.5758181012401
[6.15625199955321] 47.696773484455
[6.15981859955264] 47.8023000429251
[6.16317359955337] 47.9003002457958
[6.1672928995531] 48.0238858320246
[6.17190179955287] 48.1583282992652
[6.17693709955256] 48.3045086440039
[6.18082989955292] 48.41576750366
[6.18474159955258] 48.5276532600312
[6.18888859955314] 48.6462002243224
[6.19251889955285] 48.7476517783228
[6.19592379955247] 48.8452103805727
[6.19963149955311] 48.9480350730064
[6.20326809955259] 49.0499686332348
[6.20724359955329] 49.1605199624366
[6.21070899955248] 49.2551395124464
[6.21436919955249] 49.3563482842215
[6.21807219955281] 49.458279966371
[6.22227529955308] 49.5702868778339
[6.2260087995528] 49.6725493237265
[6.2296941995528] 49.7683604367876
[6.23389689955275] 49.879583237208
[6.23856529955265] 50.003814930104
[6.24341849955272] 50.130213530451
[6.24770049955259] 50.2359743240519
[6.25153739955294] 50.3335579114994
[6.25579629955337] 50.4408194374904
[6.25957309955265] 50.5339320537831
[6.26332369955253] 50.6264879185482
[6.26712569955271] 50.7190110351086
[6.27144779955324] 50.8243703410695
[6.27562269955251] 50.9232494736742
[6.27952389955317] 51.0158057008294
[6.28332549955303] 51.1030248039062
[6.28717579955264] 51.1919954089184
[6.29160479955317] 51.2925370155005
[6.2952756995528] 51.3739182254945
[6.29883239955325] 51.454695840308
[6.30268439955307] 51.5404104461171
[6.30803259955337] 51.6552465226431
[6.31270359955306] 51.7527845601056
[6.31686689955313] 51.8399018561029
[6.32162379955298] 51.9376575881494
[6.32575919955252] 52.0207156525589
[6.32976019955277] 52.1012362245691
[6.33350599955247] 52.1733833449884
[6.33803179955248] 52.2615402561788
[6.34187639955326] 52.3343099663712
[6.34552719955263] 52.4018548227544
[6.34918119955273] 52.4690937894659
[6.35287789955328] 52.5369840802456
[6.3572354995531] 52.6138593601702
[6.36116039955323] 52.6814011490309
[6.36453829955281] 52.7393845879441
[6.36837609955273] 52.8040866251571
[6.3731189995533] 52.8829154741375
[6.37772819955262] 52.9568647848937
[6.38162859955264] 53.0183504437829
[6.38550679955279] 53.0780946569684
[6.38980739955332] 53.1423814252754
[6.39343879955322] 53.1952151264244
[6.39729269955296] 53.2518555712459
[6.40140689955297] 53.3091238929063
[6.40563469955305] 53.3668713743219
[6.40942089955297] 53.417472827227
[6.41275649955332] 53.4611053055686
[6.41644789955262] 53.5083235580451
[6.42031389955264] 53.5570142895661
[6.42436959955285] 53.6055253051243
[6.42807249955331] 53.648927474646
[6.43153849955252] 53.6891326142551
[6.43539419955323] 53.7318473918414
[6.44030649955312] 53.784936931319
[6.44466539955283] 53.829574332409
[6.44846489955307] 53.8669341570383
[6.45314989955295] 53.912108870293
[6.45763149955292] 53.9529630100804
[6.46147249955266] 53.9866202736752
[6.46528709955328] 54.0193010536671
[6.46904209955301] 54.0495312128028
[6.4730145995527] 54.0801765754247
[6.47677609955281] 54.1086445493258
[6.48053369955323] 54.1353554231448
[6.48414599955322] 54.1593843512528
[6.48833009955251] 54.1863005207226
[6.49236199955249] 54.2108902150863
[6.49641259955297] 54.2335233183762
[6.50006949955332] 54.2531857492329
[6.50460059955276] 54.2754277175347
[6.50920839955324] 54.2968508576276
[6.51365639955293] 54.314630390215
[6.51770809955269] 54.3297733873825
[6.52211509955305] 54.3445696186204
[6.52587489955295] 54.3556641857309
[6.52944809955261] 54.3651681132339
[6.5328919995527] 54.3732144676065
[6.53678799955287] 54.3810771091624
[6.54081129955284] 54.3876519936393
[6.54457369955253] 54.3925345718325
[6.54822439955296] 54.3960040003912
[6.55162749955252] 54.3982068225118
[6.55563839955266] 54.399337863963
[6.55933949955306] 54.3991337958084
[6.56307739955264] 54.3976581013315
[6.56700709955294] 54.394661928634
[6.57146849955279] 54.3894326841675
[6.57561019955301] 54.3825082815818
[6.58003829955305] 54.3744168169267
[6.58377779955299] 54.3656967654715
[6.58831569955328] 54.3535535371967
[6.59213869955329] 54.3420383060312
[6.59558969955287] 54.3304388423074
[6.59913019955275] 54.3175098155237
[6.60275189955337] 54.3028510441437
[6.60686999955306] 54.2848195286267
[6.61065779955334] 54.2669641463216
[6.61410809955305] 54.2495696712698
[6.61768759955248] 54.2303085231662
[6.62177029955274] 54.2068913813322
[6.62546729955284] 54.1843370402558
[6.62911399955283] 54.1612423351299
[6.63276829955248] 54.1364845251862
[6.6361856995527] 54.1125954603536
[6.64108459955332] 54.0750979493627
[6.64564279955266] 54.0387715359303
[6.65099949955311] 53.9942285698972
[6.6553805995527] 53.9563968475105
[6.65978079955312] 53.9160033838116
[6.66386589955255] 53.8771564151031
[6.66755939955328] 53.8409408394941
[6.67188449955302] 53.7969388179655
[6.67557669955295] 53.7573995264905
[6.67909459955263] 53.7199479750181
[6.68268009955318] 53.6798495409074
[6.68623019955248] 53.6379892106683
[6.69049049955265] 53.5885895937524
[6.69402109955263] 53.5456245308407
[6.69744639955297] 53.5029627316369
[6.70106629955262] 53.4566400108085
[6.70552109955315] 53.3966324954353
[6.71043349955289] 53.3303182167036
[6.71443699955307] 53.2746218579464
[6.71824319955249] 53.2208947457532
[6.72276059955311] 53.1545446526327
[6.72638589955295] 53.1011618259674
[6.72986089955248] 53.0480547105623
[6.73335089955253] 52.9940632730361
[6.73748769955273] 52.9282426369897
[6.74134049955319] 52.8657427468871
[6.74497439955303] 52.805536007433
[6.74847049955315] 52.7473248043797
[6.75202859955334] 52.6863930031519
[6.75624319955296] 52.6132969938314
[6.75985069955277] 52.5492821372185
[6.76339449955321] 52.4860835121768
[6.76704329955282] 52.4187006089284
[6.77112369955285] 52.3423443640647
[6.77548399955322] 52.2585116573767
[6.78040309955304] 52.1638499163824
[6.78460889955295] 52.0820395340788
[6.78910589955285] 51.9919954871749
[6.79286099955334] 51.9161278722133
[6.79653359955319] 51.8408515505524
[6.80045419955331] 51.7588762778827
[6.80464079955254] 51.6704526262391
[6.80877199955285] 51.5809727050195
[6.81300239955272] 51.4885851471439
[6.81700419955268] 51.4004945957029
[6.82147439955315] 51.3007767219881
[6.82548499955283] 51.2096866208726
[6.82924989955336] 51.1245517479488
[6.83270589955282] 51.0443914193198
[6.8362779995532] 50.9609464576824
[6.84124439955303] 50.8396414944288
[6.84592739955315] 50.7264868227411
[6.85037199955332] 50.6212446691835
[6.85482619955292] 50.5118698828757
[6.85912219955298] 50.4050921999464
[6.86298059955334] 50.3087287279468
[6.86657319955248] 50.2180945630853
[6.87017539955286] 50.1260960715617
[6.8740946995531] 50.0249867315378
[6.87759069955337] 49.9347809611888
[6.88097269955324] 49.8461105371369
[6.88439649955308] 49.7561292179476
[6.88845469955322] 49.6462074637011
[6.89202409955305] 49.5523945697131
[6.89556009955322] 49.4579430726942
[6.89954759955253] 49.3473708699709
[6.90424029955284] 49.2192232959859
[6.90959359955286] 49.0696666149894
[6.91365059955297] 48.959682581107
[6.91788409955279] 48.8404824469431
[6.92246309955317] 48.7101917168377
[6.92633509955249] 48.601361861443
[6.93011429955277] 48.4949050156184
[6.9341062995527] 48.3804021551404
[6.93861109955287] 48.249199206879
[6.94237579955279] 48.1418046856255
[6.94635909955286] 48.025281642635
[6.95015049955327] 47.9140166887879
[6.95437009955276] 47.7906441960607
[6.95851169955313] 47.6681115088043
[6.9628648995531] 47.5396730515353
[6.96712519955327] 47.4134881409559
[6.97146539955247] 47.2834456748224
[6.97554479955306] 47.1630335361961
[6.97990179955286] 47.0284724946082
[6.98433029955322] 46.8992742115274
[6.98929009955282] 46.7499299298904
[6.99326739955268] 46.6305822717687
[6.99722899955304] 46.5114413021391
[7.00097089955307] 46.3981122358838
[7.00503899955311] 46.276307433564
[7.00867999955335] 46.1652006358883
[7.0124983995529] 46.0481629670914
[7.01690479955323] 45.9152151043609
[7.02145429955272] 45.7782017129544
[7.02537849955297] 45.6585186207065
[7.02908679955272] 45.5489233844816
[7.03286009955264] 45.4340373326409
[7.03644109955258] 45.326525115985
[7.0411083995532] 45.1828951628587
[7.04572399955305] 45.0432016345786
[7.05018749955252] 44.9118825918965
[7.05461669955275] 44.7789218742069
[7.0586836995526] 44.658609096238
[7.06262419955328] 44.5421522450996
[7.06634869955269] 44.4322252045576
[7.07028099955278] 44.3160313835749
[7.07437209955333] 44.1962464337106
[7.07802369955334] 44.0897490266762
[7.08200969955305] 43.9730735665878
[7.08577999955287] 43.8629674138747
[7.09034739955314] 43.7323076933392
[7.0943244995533] 43.6174668731755
[7.09805809955287] 43.5116949599347
[7.10194399955253] 43.4028173212321
[7.1066700995525] 43.269257602093
[7.1110881995528] 43.1443137383537
[7.11597299955247] 43.0099909825299
[7.12012619955294] 42.8981098659575
[7.12477869955273] 42.7718293808576
[7.12910849955279] 42.6556711331499
[7.13304179955321] 42.5528403437216
[7.13689019955291] 42.4510891663223
[7.14098559955255] 42.3447949203525
[7.14473879955312] 42.2475119232554
[7.14847039955293] 42.153603921092
[7.15215969955261] 42.0603728064509
[7.15661679955338] 41.9500791552966
[7.16035389955323] 41.8585378600804
[7.16404189955301] 41.769552420267
[7.16789049955332] 41.6767516562284
[7.17216169955282] 41.5762331227062
[7.17641059955258] 41.4748362440406
[7.18153019955298] 41.3606502686805
[7.18561279955247] 41.2704660240258
[7.19011349955326] 41.1718758058184
[7.19404559955274] 41.0863858053844
[7.19810399955259] 41.0026944889511
[7.20179349955288] 40.9263439575084
[7.20611829955305] 40.8386217764901
[7.20991069955289] 40.7638519139139
[7.21362089955255] 40.6918704387441
[7.21758079955271] 40.6152534077757
[7.2220033995527] 40.5344722058626
[7.22589519955272] 40.4640979311988
[7.22951079955328] 40.4009435704774
[7.2331752995533] 40.3376184192507
[7.2368339995528] 40.2749200244128
[7.24170299955313] 40.1967901007701
[7.24602409955332] 40.1274799221443
[7.25072199955321] 40.0573879783423
[7.25559739955315] 39.9859878406879
[7.25966919955317] 39.929890973178
[7.26335149955321] 39.8804800081822
[7.26694159955332] 39.8332179427139
[7.27150879955298] 39.7767710989031
[7.275417799553] 39.7300724372002
[7.2791233995531] 39.6880287648321
[7.28286199955255] 39.6473637108011
[7.28661129955253] 39.6078928314182
[7.29078659955303] 39.5670923386153
[7.29462589955256] 39.531304578215
[7.29829149955276] 39.4989742764234
[7.30243989955306] 39.4643239210964
[7.3067765995529] 39.4304456212889
[7.31140979955308] 39.3983100363973
[7.316306099553] 39.3656813107034
[7.32064279955284] 39.3428657878671
[7.32501819955269] 39.320630004049
[7.32911959955254] 39.3023784399144
[7.33280439955251] 39.2879139936054
[7.33649869955298] 39.275410867969
[7.34093709955323] 39.2628926905077
[7.3445676995525] 39.2549931087992
[7.34855859955314] 39.248239010513
[7.35235809955248] 39.2440280940314
[7.35648489955292] 39.2418336042131
[7.36006549955255] 39.241900388934
[7.36372099955315] 39.2438889483238
[7.36757099955321] 39.2463622230688
[7.37203549955302] 39.2503234111067
[7.37646139955268] 39.2540733321453
[7.38148559955334] 39.263417857717
[7.3857140995533] 39.2739085337019
[7.39058559955265] 39.289419681703
[7.39479299955292] 39.3054745474484
[7.39878119955301] 39.3231206925762
[7.40252069955295] 39.3414405181618
[7.40646629955336] 39.3629788562241
[7.41000329955295] 39.3842287397848
[7.41367469955276] 39.4085512275986
[7.41730199955327] 39.4335633355557
[7.42129969955295] 39.4638402847631
[7.42496149955332] 39.4936062615775
[7.42865649955274] 39.5249803304154
[7.43216599955304] 39.5568702504506
[7.43572689955272] 39.590577408366
[7.44020219955291] 39.6372150811857
[7.44563989955259] 39.6954126806199
[7.45014619955327] 39.7460278352093
[7.4543553995527] 39.7959946811457
[7.45859769955314] 39.8502558635196
[7.46259139955328] 39.9007858386366
[7.46610409955338] 39.9475864218058
[7.46993989955263] 40.0015214781235
[7.47421439955269] 40.0629340505845
[7.47794809955303] 40.1184566785885
[7.48175999955311] 40.1769671781011
[7.48540119955305] 40.234701662946
[7.48973509955249] 40.3072563905543
[7.49407759955284] 40.3779820383905
[7.49788109955261] 40.4433491552493
[7.50154399955318] 40.5073944836366
[7.50595049955336] 40.5894824804005
[7.51105539955279] 40.6843372840411
[7.51574469955267] 40.7731363124775
[7.51993069955279] 40.8532047712705
[7.52476919955279] 40.9506018836901
[7.52884249955332] 41.0331749487065
[7.53251809955327] 41.108444754023
[7.53639839955304] 41.1921627103796
[7.54068139955325] 41.2837471505607
[7.54434569955265] 41.3627502905624
[7.54809819955335] 41.4464609985458
[7.5517408995529] 41.5293685243934
[7.55610459955278] 41.6292045418337
[7.55997419955293] 41.7188717928635
[7.56347129955248] 41.7992272577203
[7.56718909955271] 41.8881542790295
[7.57160589955311] 41.9959371474542
[7.57594889955271] 42.1025884415557
[7.58097809955325] 42.2259776052072
[7.58517349955309] 42.3296366287503
[7.58957689955332] 42.4411054778398
[7.59341679955287] 42.5385143351968
[7.59722149955269] 42.6364359309698
[7.60098769955312] 42.7354960936111
[7.60539409955254] 42.8496481446958
[7.60917379955299] 42.9497126859088
[7.61279439955251] 43.0473641572064
[7.61651789955249] 43.1469365738505
[7.62049889955324] 43.2537802705163
[7.62457719955273] 43.3637691839696
[7.62834969955293] 43.466951964673
[7.63195759955306] 43.5663922960785
[7.63580319955327] 43.672688655715
[7.64025249955284] 43.799660034596
[7.64464149955256] 43.9215579841768
[7.64930089955305] 44.0529547589136
[7.6535977995527] 44.1709210114623
[7.65810489955311] 44.2986031125779
[7.66201339955296] 44.4089866465144
[7.66559389955273] 44.5109017128799
[7.66948849955315] 44.6224643304789
[7.67359409955316] 44.7395969558779
[7.67723519955325] 44.8435399482977
[7.68084859955252] 44.9479849588181
[7.68476689955332] 45.060545372817
[7.68894879955315] 45.1810401600403
[7.69250969955283] 45.2838248508202
[7.69609949955247] 45.3898736686103
[7.70029169955251] 45.5088771853599
[7.70456249955259] 45.6326987637921
[7.70858719955322] 45.75052456652
[7.71285979955337] 45.8747503764844
[7.71749769955295] 46.0067019187283
[7.72186699955273] 46.1320437893414
[7.72582719955335] 46.2458781833949
[7.72991579955305] 46.3630941232455
[7.73358459955307] 46.4675851115183
[7.73782169955302] 46.5888823417618
[7.74139299955277] 46.6908897813175
[7.74488139955247] 46.7897718803959
[7.74879159955253] 46.9021011391305
[7.75267079955302] 47.0121118199822
[7.75684319955326] 47.1292293204459
[7.76059549955335] 47.2353526628858
[7.76438229955329] 47.3415451897807
[7.76801209955283] 47.4429377598298
[7.77204639955289] 47.5558435211641
[7.77597719955247] 47.6687558318016
[7.78079709955273] 47.800881320584
[7.78516119955293] 47.9179971800268
[7.78966119955294] 48.0404249427742
[7.79356889955307] 48.1461257537611
[7.79733779955313] 48.2470223815193
[7.80085569955281] 48.342904090723
[7.80500699955337] 48.451832181639
[7.8087849995527] 48.553159937088
[7.8123989995529] 48.647087294033
[7.8161316995529] 48.7447620439332
[7.81967379955313] 48.8370923323307
[7.82366339955297] 48.9397901756313
[7.82735669955309] 49.03464677974
[7.83103569955256] 49.1277558814974
[7.83459929955279] 49.2176267853449
[7.83916569955272] 49.3349785280832
[7.84394139955293] 49.4525680259871
[7.84848369955307] 49.5633925441819
[7.85263159955321] 49.6627454696802
[7.85732219955298] 49.7758372657499
[7.86123989955286] 49.8681602525009
[7.86503969955265] 49.9579056469429
[7.86868919955305] 50.0426898659486
[7.87275859955298] 50.1358879542641
[7.87645019955289] 50.2203979790805
[7.87988979955298] 50.2981453795225
[7.88338179955281] 50.3761402544223
[7.88756409955295] 50.4705910009321
[7.89136179955312] 50.5519373385585
[7.89500339955248] 50.6305897919185
[7.89854709955307] 50.7068100044698
[7.90221089955321] 50.7848733525778
[7.90680649955266] 50.8811341020301
[7.91138569955274] 50.9759102198571
[7.91600419955284] 51.0680967383521
[7.92038639955263] 51.1554023726005
[7.9250838995531] 51.2459244572669
[7.92907739955263] 51.3227564642476
[7.93288449955253] 51.3947459812289
[7.93662849955308] 51.4645200425309
[7.94067989955329] 51.5395305428623
[7.94442979955329] 51.6060932076523
[7.94815219955308] 51.6727333116181
[7.95201359955263] 51.740915016176
[7.95633189955333] 51.8143821843422
[7.960115199553] 51.8781912471616
[7.96359709955323] 51.9355006010426
[7.96769369955291] 52.0030911543451
[7.97217619955336] 52.0748557436146
[7.97649239955263] 52.1427271606884
[7.98168759955297] 52.2210231983291
[7.98616849955306] 52.287256103213
[7.99118249955336] 52.3595718976384
[7.99561329955304] 52.4216608106447
[7.99954159955269] 52.4749561038761
[8.00336659955337] 52.5255888049891
[8.00777009955254] 52.5829225664136
[8.01250159955271] 52.6440567759475
[8.01679739955307] 52.6962309389047
[8.02168049955253] 52.7534709614765
[8.02554249955301] 52.7977031503402
[8.02936109955317] 52.8403500328877
[8.0330661995531] 52.8806846880153
[8.03662939955302] 52.9186065574558
[8.04230329955317] 52.9766017249612
[8.04871049955273] 53.0385762951614
[8.05451109955266] 53.0899127367245
[8.05921959955322] 53.130151898216
[8.06325999955334] 53.163733219916
[8.06710319955255] 53.1938597716125
[8.07197539955268] 53.2304664036196
[8.07769779955288] 53.2707765013013
[8.08172689955336] 53.2976287765045
[8.08565149955302] 53.3227954228365
[8.09010019955258] 53.3488959996187
[8.09365949955281] 53.3686319913065
[8.09722069955296] 53.3875009223507
[8.10104189955291] 53.4064855799238
[8.10540789955303] 53.4265579310037
[8.10909089955294] 53.4420540630725
[8.11265459955303] 53.4560945489322
[8.11636009955328] 53.4695280847085
[8.12043989955328] 53.4827588164606
[8.1245989995532] 53.4947130393508
[8.12820629955331] 53.5039192160804
[8.13188809955318] 53.5120999334029
[8.13554199955252] 53.5191161584679
[8.13977749955302] 53.5254925710844
[8.14360869955271] 53.5300050751354
[8.14740699955291] 53.533220218281
[8.15198779955335] 53.535204972989
[8.15810759955275] 53.5344854861887
[8.16478629955327] 53.529453622839
[8.17386879955302] 53.5156347078831
[8.18045819955296] 53.5019574570841
[8.18606699955308] 53.4873488645165
[8.19111089955277] 53.4718451125145
[8.19545079955333] 53.456958284952
[8.1997172995525] 53.4408275458993
[8.20393719955337] 53.4230399817199
[8.20870209955319] 53.4010800254085
[8.21296369955326] 53.3795218791874
[8.21779729955324] 53.3530768032554
[8.23032309955306] 53.271123841837
[8.23597619955308] 53.23190553212
[8.24290599955293] 53.1777929546656
[8.24966649955331] 53.1235492098441
[8.25438969955303] 53.0833692769842
[8.25943399955304] 53.037269602626
[8.26526859955266] 52.9813562307034
[8.2702011995525] 52.9322210593055
[8.27515899955324] 52.8805999700892
[8.28121489955265] 52.814127512023
[8.28639539955293] 52.7549147481164
[8.29197799955273] 52.6891373695028
[8.29663229955258] 52.632412366207
[8.30097649955314] 52.5773626401175
[8.30623479955284] 52.5077252689996
[8.31201259955287] 52.4289848491928
[8.31711949955297] 52.359649523762
[8.32278699955259] 52.2768080163491
[8.32740169955287] 52.2096424559247
[8.33183989955251] 52.1427436033031
[8.3371009995526] 52.0613428973152
[8.34267649955291] 51.9720679404244
[8.34864939955332] 51.8737037384002
[8.35515329955251] 51.7626354812531
[8.36376429955271] 51.6108479848817
[8.36983019955278] 51.500050940238
[8.37544539955252] 51.3965531906505
[8.38116619955326] 51.2894800324933
[8.38574539955334] 51.2005199551512
[8.39182259955305] 51.0804240657996
[8.39688749955258] 50.979646290233
[8.40150249955332] 50.8859971020923
[8.40739719955309] 50.7600408474083
[8.41315009955269] 50.6408515486731
[8.41784509955323] 50.5399696665119
[8.42372979955326] 50.408032744051
[8.42929929955335] 50.2865761835187
[8.43394139955308] 50.1821533655896
[8.44023209955321] 50.0346290317747
[8.44563329955326] 49.9096166571828
[8.45187639955293] 49.7633358431831
[8.46300779955254] 49.4876439230113
[8.47325549955258] 49.2336359771989
[8.48635189955257] 48.8987858863218
[8.50551759955306] 48.3894612203622
[8.51280749955276] 48.1976558708795
[8.51802539955315] 48.0594054132276
[8.5241007995528] 47.8928944470206
[8.53013839955292] 47.7293140607503
[8.53508549955313] 47.5953430308194
[8.54098489955322] 47.4299168958078
[8.54654199955257] 47.2782525464113
[8.55312249955296] 47.0910666562491
[8.56725569955324] 46.6923892945941
[8.57259799955318] 46.5359492818969
[8.57806989955316] 46.3780060663344
[8.58270519955295] 46.2545547812549
[8.58665019955333] 46.143014900232
[8.59117189955305] 46.0137026763815
[8.59527439955309] 45.8963529207434
[8.59921219955322] 45.7847937409056
[8.60337029955281] 45.6644922677762
[8.60780119955325] 45.5389925683609
[8.61174959955315] 45.4265211255412
[8.61579359955249] 45.3107303107922
[8.61977819955337] 45.1966865414445
[8.62432309955329] 45.0665997123101
[8.62846769955286] 44.9495457094097
[8.63241719955295] 44.8373714223148
[8.63637479955287] 44.7253438690308
[8.64093829955254] 44.596327033068
[8.6449596995526] 44.4829902727788
[8.64894489955259] 44.3708016572531
[8.65303019955263] 44.2566045019329
[8.65756579955269] 44.1289326502566
[8.66169289955269] 44.0145215958526
[8.66578569955254] 43.901673417536
[8.66990669955248] 43.7871486346829
[8.67445289955322] 43.6631874627899
[8.67856979955286] 43.548812061437
[8.68275109955266] 43.4381864936253
[8.68664939955306] 43.3327259289024
[8.69138409955303] 43.2062358235447
[8.69530509955257] 43.1030272881453
[8.69897059955292] 43.0062213717903
[8.70253899955333] 42.9132745264859
[8.70684509955299] 42.8007381303402
[8.71090179955263] 42.6958888518659
[8.7147093995527] 42.5988707257372
[8.71867739955269] 42.4979660948145
[8.72338859955289] 42.3798946505675
[8.72744269955274] 42.2796780298032
[8.7314010995533] 42.1830052391599
[8.73539539955254] 42.0855327545511
[8.73993759955283] 41.9766260558605
[8.74422939955275] 41.8756517227295
[8.74837399955322] 41.778931553035
[8.75235429955319] 41.6848300263015
[8.75686879955265] 41.5850073427627
[8.76081649955267] 41.4964435722568
[8.76490889955312] 41.4066770182538
[8.76913359955324] 41.3148778682738
[8.77396269955261] 41.2120805966327
[8.77850379955271] 41.1167478271944
[8.78295639955286] 41.0254565817924
[8.78735349955332] 40.9382489631725
[8.79363459955312] 40.8153488718134
[8.80844089955281] 40.539616747446
[8.81520669955262] 40.4244019466034
[8.82931349955288] 40.1944432746746
[8.8495315995533] 39.907063225924
[8.85599519955304] 39.8254871343143
[8.86119419955321] 39.7635439507859
[8.86610579955322] 39.7087327164386
[8.87057839955287] 39.6608706736574
[8.87569049955255] 39.6091226709035
[8.87996779955301] 39.5684031327593
[8.88466689955294] 39.5264537265895
[8.88980939955309] 39.4836153857582
[8.89997609955299] 39.4088304582643
[8.90799389955282] 39.3595412894545
[8.91305329955321] 39.3326191634082
[8.91788779955277] 39.3105932863027
[8.92253979955331] 39.2919410651881
[8.9274907995532] 39.2754289260045
[8.93192589955288] 39.2634060095028
[8.93657819955297] 39.2534854007666
[8.94207949955307] 39.2455352699217
[8.94649609955286] 39.2420902136375
[8.95084099955329] 39.2412606682184
[8.95526579955276] 39.2429964685197
[8.95960989955256] 39.2456286925943
[8.96345359955285] 39.2474271988129
[8.9674147995529] 39.2508057633715
[8.97206979955263] 39.2581646210982
[8.97622209955261] 39.2672361087819
[8.98044529955314] 39.278248879425
[8.98433819955335] 39.2908847598278
[8.9887610995529] 39.307703919916
[8.99273219955285] 39.3247021379764
[8.99658459955299] 39.3434283952022
[9.00044059955326] 39.3640130786231
[9.00542049955311] 39.3938428650778
[9.00972689955324] 39.4217587495535
[9.01472909955282] 39.4576499734768
[9.01990799955274] 39.4994098129331
[9.02469539955291] 39.537626218298
[9.02874709955267] 39.5735961568604
[9.03262259955318] 39.6101831401879
[9.03683409955283] 39.6522453408881
[9.041239999553] 39.6978537096159
[9.04523489955318] 39.7416908648519
[9.04914599955282] 39.7874671823381
[9.05329199955304] 39.8357727544207
[9.05776459955268] 39.8912453219782
[9.0615718995532] 39.9401733598676
[9.06572709955253] 39.9959131246585
[9.06992839955274] 40.0536849909248
[9.07455109955299] 40.1198126042185
[9.07847179955297] 40.1771394141138
[9.08265759955248] 40.2408445063402
[9.086683599553] 40.304237619815
[9.09098369955336] 40.3727212910404
[9.09538459955274] 40.4455078133433
[9.09930529955273] 40.5121549996099
[9.10322999955315] 40.5797631217587
[9.10775189955257] 40.6597735733395
[9.11173459955262] 40.7320163384515
[9.11565839955256] 40.8079351229236
[9.12016339955335] 40.8896840711116
[9.12454819955292] 40.974136563787
[9.12855329955255] 41.0528894229063
[9.13257699955284] 41.1331334604413
[9.13645389955309] 41.2122276472567
[9.14106879955307] 41.3071482994556
[9.14478409955336] 41.3843777515662
[9.14855889955288] 41.4662630565453
[9.15256429955298] 41.5526587606723
[9.15685739955279] 41.645507721404
[9.16054799955327] 41.727820556022
[9.1643427995532] 41.8134675651753
[9.16831179955261] 41.9028919246407
[9.17256789955263] 42.0015093817667
[9.17639279955256] 42.0896320093177
[9.18019829955301] 42.1787708757733
[9.18385819955256] 42.2663265779597
[9.18801069955316] 42.3644936543424
[9.19166529955328] 42.4527414068641
[9.19522829955258] 42.5397695784562
[9.19887009955255] 42.6283546801415
[9.20255219955288] 42.7198813737185
[9.20662279955286] 42.8212658390018
[9.21038859955297] 42.9155774751615
[9.21426739955314] 43.0136947843133
[9.21794849955313] 43.1068117497483
[9.22230279955329] 43.2183072561758
[9.22628269955294] 43.3213530719527
[9.23016329955317] 43.4205234260059
[9.23396369955299] 43.5198479258193
[9.2386309995527] 43.6430345934957
[9.2426821995532] 43.7479320296823
[9.24658729955263] 43.8504965722768
[9.2505092995525] 43.9543326236104
[9.25487769955271] 44.0708623554012
[9.25927439955285] 44.1870219623371
[9.26310039955297] 44.288939913174
[9.26678359955258] 44.3876803466962
[9.27097889955257] 44.499812756861
[9.27490459955334] 44.6056888662325
[9.27864419955313] 44.7055499514244
[9.2824489995528] 44.8086375441247
[9.28632089955317] 44.912998369263
[9.29058529955273] 45.0271182660956
[9.29432869955326] 45.1283597330496
[9.29794289955316] 45.2260562811795
[9.30150219955249] 45.3216810559875
[9.30577989955327] 45.4381704305761
[9.30942229955326] 45.5357115418284
[9.31300609955269] 45.6318386067426
[9.31660349955291] 45.7294905041372
[9.32038959955298] 45.8307365968254
[9.32451909955307] 45.9418453200524
[9.32806439955311] 46.0371633929409
[9.33182139955261] 46.1379504973485
[9.33542319955268] 46.2345004334179
[9.33989939955336] 46.3530825100646
[9.34372949955286] 46.4544914198579
[9.34736169955249] 46.5506125027572
[9.35106849955264] 46.6478348675394
[9.35524589955276] 46.7581692412919
[9.35896649955248] 46.8556380324973
[9.36271359955299] 46.9526688325812
[9.36630889955268] 47.0469254817208
[9.37007509955311] 47.1454615290265
[9.3742531995531] 47.2517930985634
[9.378077499553] 47.3500281737839
[9.38180489955266] 47.445245745611
[9.38580929955333] 47.5474145505274
[9.39005929955329] 47.6543128737243
[9.39436579955327] 47.7632618927873
[9.39827639955274] 47.8593245433508
[9.40221129955262] 47.9573237924224
[9.40643539955272] 48.0602620564011
[9.41008129955299] 48.1486189264996
[9.41385349955272] 48.2401795238759
[9.41737639955318] 48.3249024243986
[9.42155129955336] 48.4246950578621
[9.42505479955253] 48.5077640665109
[9.42861909955263] 48.5911840413174
[9.43221249955332] 48.6763434045076
[9.43602109955282] 48.7636545965906
[9.4402172995533] 48.8601212514542
[9.44395279955279] 48.9454613869837
[9.44794769955297] 49.0356485990773
[9.45182769955318] 49.1220779533076
[9.45624979955301] 49.2197645734716
[9.46011229955275] 49.3034108979054
[9.46426019955288] 49.3935655405029
[9.46810459955304] 49.4758770525744
[9.47251919955306] 49.5688088611865
[9.47661059955317] 49.6543119944694
[9.48073149955326] 49.7390197015018
[9.48454909955308] 49.8163756087474
[9.48894599955293] 49.904802323272
[9.49341739955253] 49.9937214359728
[9.49727579955288] 50.0687455528927
[9.5012417995531] 50.1449209236716
[9.50565839955289] 50.2290592767983
[9.50969139955305] 50.3042948723481
[9.51359039955332] 50.375699957845
[9.51739149955301] 50.4451182660989
[9.5216323995528] 50.5207819408703
[9.52558209955259] 50.5911244953947
[9.52933589955319] 50.6550182209679
[9.53349629955301] 50.7260101233009
[9.53791409955284] 50.801208639404
[9.5419029995528] 50.8652443512526
[9.54560159955327] 50.924746458755
[9.54937779955253] 50.9845519882332
[9.55312599955323] 51.0430206920975
[9.55741039955319] 51.1085448247849
[9.56131599955279] 51.1666873774537
[9.56512789955286] 51.2224649492393
[9.5687516995531] 51.2743925130038
[9.57299929955298] 51.3346694889173
[9.57684779955252] 51.3875293687639
[9.58062529955259] 51.4378837075641
[9.58410589955292] 51.4839773049587
[9.58818599955248] 51.5367384202491
[9.59206949955296] 51.5857089077857
[9.5955758995533] 51.6283224893012
[9.59909579955274] 51.6703470810172
[9.60272689955309] 51.7138125672431
[9.60730009955296] 51.7651667877866
[9.61100959955274] 51.8056408161216
[9.61447049955314] 51.8429874746278
[9.6179591995533] 51.8795205599487
[9.62252289955268] 51.9264151203899
[9.62646439955279] 51.9641869277226
[9.63018169955285] 51.9991597124898
[9.63373069955287] 52.0317935555475
[9.63788189955267] 52.0686409412264
[9.64149079955314] 52.099039874034
[9.64487179955267] 52.1270257504704
[9.64861959955306] 52.1570077210598
[9.65268239955276] 52.1879808700284
[9.65704459955305] 52.2192856179595
[9.66081519955333] 52.2452148526269
[9.66459769955327] 52.2701457030618
[9.66852289955295] 52.2948190577886
[9.67298619955272] 52.3210654811627
[9.67716489955274] 52.3444599413486
[9.68107469955248] 52.3642502555664
[9.68483289955293] 52.3824820582035
[9.68900349955311] 52.4014407314814
[9.69250129955253] 52.415966915944
[9.69617229955293] 52.4303213929276
[9.70013049955287] 52.4443845176696
[9.70429189955303] 52.4576835913256
[9.70802059955258] 52.468333214413
[9.71160049955324] 52.4775975275643
[9.71536889955314] 52.4861316300735
[9.71917319955264] 52.4933492557763
[9.72323939955277] 52.4997363992301
[9.72677839955304] 52.5041895838346
[9.73038719955275] 52.5076624542038
[9.7341825995527] 52.5100284786129
[9.73864659955325] 52.5110706665711
[9.74248999955307] 52.5107174393102
[9.74636319955334] 52.5090199851959
[9.75018849955268] 52.5061754999718
[9.75470989955284] 52.5009830530032
[9.75840509955287] 52.4955699959615
[9.76236749955297] 52.4883664171359
[9.76632419955331] 52.4799149590836
[9.77007529955335] 52.4707270770907
[9.77463709955282] 52.4576336209323
[9.7784534995526] 52.4454311022926
[9.7819532995527] 52.4333739193371
[9.78589909955281] 52.4179522347278
[9.79041759955271] 52.3990914540987
[9.79413329955332] 52.3823323340207
[9.79776149955251] 52.3648431031573
[9.80144709955312] 52.3457154969957
[9.80542439955298] 52.3241150037676
[9.80912939955306] 52.3018479926364
[9.81303669955287] 52.2784356167039
[9.81666269955258] 52.2551558229867
[9.82016999955249] 52.2314006860994
[9.82430209955328] 52.2019812045599
[9.82812929955253] 52.1733414928726
[9.83178339955248] 52.1455592864688
[9.83542949955336] 52.1163622454001
[9.8395779995526] 52.0814724316248
[9.84314649955286] 52.0506642359538
[9.84676889955335] 52.0178829678808
[9.8503545995527] 51.9848438924677
[9.85449699955279] 51.9451527627051
[9.85824039955332] 51.9079354652398
[9.86195289955322] 51.8694888596499
[9.86547069955304] 51.8333174599684
[9.86907859955318] 51.7938909271211
[9.87327449955319] 51.7472207287697
[9.87739759955275] 51.6983592403418
[9.88165129955269] 51.6493462423838
[9.88593949955248] 51.5966701748321
[9.890325499553] 51.5428424202411
[9.89385409955321] 51.4975541690267
[9.8973396995525] 51.4512726473671
[9.90104189955309] 51.4025763906324
[9.90513749955335] 51.3463058311006
[9.90866929955337] 51.2974424777541
[9.91213399955268] 51.2479773544495
[9.91573229955247] 51.1956521298415
[9.91946529955294] 51.1402859676662
[9.92363969955295] 51.077288611915
[9.92729219955254] 51.0214083303157
[9.9309335995531] 50.9640359255304
[9.9345978995525] 50.9054116511763
[9.93895089955276] 50.8345971214395
[9.94268439955249] 50.7735539773013
[9.94645239955298] 50.7099700023405
[9.95024789955278] 50.6456706830312
[9.95429569955286] 50.5752055017375
[9.95785429955322] 50.5127512155083
[9.96152429955328] 50.4473140171268
[9.96511709955303] 50.3806671839551
[9.96911369955251] 50.3079132302212
[9.97478719955325] 50.2007049936875
[9.98306549955305] 50.0357626239416
[9.99193959955301] 49.8553796222839
[10.000853599553] 49.672463449967
[10.0096984995525] 49.4854758443052
[10.0154571995527] 49.3697917117596
[10.0212480995533] 49.2431019429573
[10.0280558995528] 49.0948403174148
[10.0337363995532] 48.9655583430252
[10.0422072995525] 48.7720236781627
[10.047797999553] 48.6444873492532
[10.0538718995531] 48.4993646241108
[10.0611845995527] 48.323022645692
[10.0681740995533] 48.1560591721263
[10.0760793995532] 47.9623202789661
[10.0826446995525] 47.803508203592
[10.089285299553] 47.633109732302
[10.0973917995525] 47.4224248549589
[10.1043293995526] 47.2547839458539
[10.1124865995525] 47.042781612997
[10.1183234995533] 46.8910173271717
[10.1261385995531] 46.6866091632247
[10.1319203995527] 46.5374156420842
[10.1371601995534] 46.3984609706222
[10.1441330995531] 46.2138688309443
[10.1496545995533] 46.0678406924537
[10.1551838995529] 45.9088185102629
[10.161977099553] 45.7373207575803
[10.167105599553] 45.5976567909959
[10.1749018995533] 45.3873652825504
[10.180986499553] 45.2289810912207
[10.1869115995532] 45.069469315617
[10.1942687995534] 44.871981107552
[10.2002373995529] 44.7094004895019
[10.2067558995532] 44.5350825038144
[10.2125593995534] 44.3839179124724
[10.2180103995533] 44.240023078113
[10.2250240995527] 44.0538201495108
[10.2306109995525] 43.9067776039481
[10.2363747995532] 43.7549014823454
[10.2424911995531] 43.5966992463184
[10.2481894995526] 43.4516218813902
[10.2545648995529] 43.2856786643969
[10.2610409995532] 43.1229862035633
[10.2680433995529] 42.9468358440853
[10.2753336995529] 42.7666301997619
[10.2806280995528] 42.6372203189845
[10.2861900995531] 42.5035886202862
[10.2941006995525] 42.3139475105417
[10.3009790995529] 42.1531817048114
[10.3067317995528] 42.0201589780552
[10.3115067995532] 41.9108373729238
[10.3170742995526] 41.7876644127047
[10.3222788995527] 41.6731593335212
[10.3268923995529] 41.5739628395971
[10.3315491995527] 41.4749407334084
[10.3361608995529] 41.377431123948
[10.3411667995533] 41.2734632354374
[10.3455526995531] 41.1852950128056
[10.3500370995525] 41.0968950125387
[10.3546235995527] 41.0070080408464
[10.3588658995532] 40.9261708508013
[10.3630012995527] 40.8490781347376
[10.3672225995533] 40.7711797833027
[10.3720966995534] 40.6833851381313
[10.3765806995525] 40.6039655152873
[10.3813359995529] 40.5225381372391
[10.3887823995528] 40.3977048114264
[10.3947422995525] 40.3041587784383
[10.4008268995531] 40.2113526261314
[10.4077245995531] 40.1110846087177
[10.414277799553] 40.0207033829577
[10.4198971995529] 39.9466577140046
[10.4258004995527] 39.8715134060234
[10.4305194995532] 39.8150252433775
[10.4358712995527] 39.754572418384
[10.4411962995528] 39.6968143776484
[10.4463822995531] 39.642855097671
[10.4521178995528] 39.5889523204766
[10.4594259995529] 39.5237588752457
[10.4651940995527] 39.4786421578441
[10.4719702995526] 39.4292775304207
[10.4789295995533] 39.3846425318988
[10.4844236995532] 39.3537358210208
[10.490435699553] 39.3239280347092
[10.4961415995531] 39.3002231367085
[10.5007028995533] 39.2840300663093
[10.5059053995528] 39.2684104601124
[10.510885099553] 39.2568574489533
[10.5152324995533] 39.2493154157502
[10.5201804995531] 39.2435915305319
[10.5249526995531] 39.2409673326999
[10.5293772995528] 39.2410750228017
[10.5341514995525] 39.2436182306039
[10.5395218995527] 39.2464379474876
[10.5442098995527] 39.2499158478405
[10.5491690995532] 39.257695857387
[10.5547859995531] 39.2702894797372
[10.5606169995526] 39.2873046839499
[10.5659333995527] 39.3067401218374
[10.5718364995528] 39.3324143410808
[10.5768399995532] 39.3569585681791
[10.5813095995527] 39.3815225130646
[10.5860214995528] 39.4104003296115
[10.5913163995529] 39.4463561947117
[10.5953084995526] 39.4748600022091
[10.6001033995526] 39.5123615843808
[10.6053936995531] 39.556453119
[10.6095102995532] 39.5929712566447
[10.613545399553] 39.6309862614181
[10.6185027995525] 39.6806654811648
[10.6234006995528] 39.7308669415326
[10.6275803995532] 39.7767089329703
[10.6318736995527] 39.8262159784611
[10.6366717995534] 39.8833149778884
[10.6437511995528] 39.9729069522952
[10.6484536995531] 40.0332978605164
[10.6533480995531] 40.1002258339781
[10.6585795995525] 40.1742762777317
[10.6626831995527] 40.2345792109335
[10.6667789995527] 40.2959071986384
[10.6721917995528] 40.3800468961017
[10.676410299553] 40.4470189825805
[10.6812589995525] 40.5272786818556
[10.6854426995533] 40.596259582204
[10.6909572995528] 40.6920357839462
[10.6952710995529] 40.7671973544058
[10.6994291995525] 40.843729577642
[10.7040772995533] 40.9280984547528
[10.7087299995528] 41.0143542296821
[10.7128339995534] 41.0926215850945
[10.7171846995525] 41.1786461535313
[10.7216244995525] 41.2641034725092
[10.7258532995529] 41.3495791643772
[10.7299458995531] 41.4326471583544
[10.7337282995531] 41.5098860921595
[10.7386919995533] 41.6143588440152
[10.7429689995533] 41.7049711057622
[10.7468323995527] 41.7882977419182
[10.7509744995532] 41.87736845271
[10.755537299553] 41.9785090342651
[10.7595384995529] 42.0683141630312
[10.7636798995527] 42.1591442238278
[10.7677380995528] 42.2517033934807
[10.772461599553] 42.3603176919704
[10.7766523995533] 42.4561184775613
[10.7809626995531] 42.5562179187675
[10.7853065995532] 42.6591096000184
[10.7898809995531] 42.7684091710107
[10.7941323995528] 42.867621296861
[10.798075699553] 42.9627481142345
[10.8027377995531] 43.0762462227456
[10.8073341995532] 43.1871286811523
[10.8115469995528] 43.2894041743292
[10.8160341995526] 43.4000378960585
[10.8198117995526] 43.4954895182604
[10.8244222995527] 43.6073326075729
[10.8285311995533] 43.7099380822701
[10.8326536995528] 43.8132553515062
[10.8366627995529] 43.9134407265918
[10.841238299553] 44.0280662829788
[10.8451980995533] 44.1279999136847
[10.8489811995532] 44.2228119064108
[10.8530718995526] 44.3268274089664
[10.8575796995528] 44.4412681992345
[10.8614816995532] 44.5394363964087
[10.8656161995532] 44.64481061043
[10.8699427995525] 44.7554876273773
[10.8743194995532] 44.8661946972033
[10.8785514995525] 44.9729168693744
[10.8826963995525] 45.0800379590289
[10.8870557995533] 45.1908322801209
[10.8918401995534] 45.3100056464239
[10.8960609995529] 45.4167396574573
[10.9002164995527] 45.522403882837
[10.9048226995528] 45.6390786498838
[10.9088263995527] 45.738281034831
[10.9130700995529] 45.8455127284058
[10.9179799995527] 45.9696842030362
[10.9225254995526] 46.0817069351119
[10.9266687995532] 46.1842672742224
[10.9311462995529] 46.2955159499996
[10.9349666995531] 46.3900045646189
[10.939835999553] 46.5087466151769
[10.943983999553] 46.6102085440779
[10.9480727995533] 46.710713170951
[10.951911999553] 46.8023722186077
[10.9563104995532] 46.908544270105
[10.9604728995528] 47.0089459441303
[10.964469599553] 47.103234939098
[10.9686372995529] 47.2015674157896
[10.9730007995531] 47.3045705879036
[10.9771049995534] 47.4007769580866
[10.9815964995532] 47.5038895299613
[10.9856803995526] 47.5981444484056
[10.9903107995533] 47.7040090014322
[10.9946320995532] 47.8012846278069
[11.0375220995529] 48.6625824441665
[11.0464048995527] 48.8387886603246
[11.0511647995527] 48.9305994935641
[11.057110099553] 49.0450422553617
[11.0615028995526] 49.1281155245931
[11.0658650995529] 49.2093517991232
[11.0702902995527] 49.2928826269527
[11.0752358995533] 49.3804946015531
[11.0792743995526] 49.4519311083173
[11.0833276995527] 49.5233534887163
[11.0875945995531] 49.5977702128322
[11.0923952995527] 49.6793502905517
[11.0965871995531] 49.7492523639426
[11.1007291995529] 49.8169968187324
[11.1067005995528] 49.9132479112246
