[0] 0
[0.0199999995529652] 0
[0.0751672995529731] 0
[0.105395699552972] 0
[0.116391499552975] 0
[0.124457599552969] 0
[0.132741099552973] 0
[0.140187299552963] 0
[0.148232999552974] 0
[0.156318799552963] 0
[0.163977099552966] 0
[0.169994999552969] 0
[0.177660299552969] 0
[0.185522299552972] 0
[0.192984499552963] 0
[0.19893939955297] 0
[0.204376499552964] 0
[0.21599939955297] 0
[0.222283899552963] 0
[0.229193299552975] 0
[0.236291299552974] 0
[0.245048399552971] 0
[0.251139199552966] 0
[0.258414399552976] 0
[0.264374699552974] 0
[0.271661799552973] 0
[0.280410899552962] 0
[0.286556499552972] 0
[0.293506899552966] 0
[0.300498999552971] 0
[0.308965699552971] 0
[0.315530899552968] 0
[0.321526199552963] 0
[0.329375599552975] 0
[0.336537699552963] 0
[0.345017799552963] 0
[0.352087499552965] 0
[0.36031809955297] 0
[0.36715779955297] 0
[0.374546699552965] 0
[0.380768399552963] 0
[0.387460999552971] 0
[0.396728999552963] 0
[0.402612799552969] 0
[0.410043699552972] 0
[0.416046199552966] 0
[0.422772299552975] 0
[0.431555699552973] 0
[0.43776089955297] 0
[0.445692199552965] 0
[0.452473499552966] 0
[0.461150599552965] 0
[0.467095999552967] 0
[0.474739499552967] 0
[0.481030499552972] 0
[0.487398999552966] 0
[0.49451509955297] 0
[0.500410199552974] 0
[0.507916699552965] 0
[0.51496479955297] 0
[0.522410099552971] 0
[0.529304499552964] 0
[0.535908099552969] 0
[0.543895699552962] 0
[0.551749999552968] 0
[0.559387199552972] 0
[0.565512599552974] 0
[0.572243299552966] 0
[0.581304099552966] 0
[0.587876999552975] 0
[0.595339599552972] 0
[0.602054099552973] 0
[0.610259399552973] 0
[0.620803899552968] 0
[0.628351699552965] 0
[0.635555899552969] 0
[0.644666599552963] 0
[0.650678299552965] 0
[0.65822309955297] 0
[0.665019499552969] 0
[0.672303199552971] 0
[0.680267799552965] 0
[0.686633899552973] 0
[0.695506299552974] 0
[0.702010199552973] 0
[0.710220699552963] 0
[0.715763999552962] 0
[0.722436599552964] 0
[0.733044599552969] 0
[0.739328999552967] 0
[0.746364299552965] 0
[0.752975999552973] 0
[0.761496499552962] 0
[0.767648399552968] 0
[0.774787699552974] 0
[0.781166499552967] 0
[0.790644999552967] 0
[0.798045099552965] 0
[0.804373499552966] 0
[0.812026499552971] 0
[0.820063999552971] 0
[0.828099399552968] 0
[0.83437919955297] 0
[0.841795899552963] 0
[0.849551699552975] 0
[0.856781499552966] 0
[0.865370899552971] 0
[0.872571499552976] 0
[0.881447299552974] 0
[0.887285999552972] 0
[0.894720599552969] 0
[0.901803699552971] 0
[0.911939299552969] 0
[0.917883799552968] 0
[0.924734499552969] 0
[0.930900999552975] 0
[0.937600899552962] 0
[0.946834099552973] 0
[0.95266299955297] 0
[0.960494399552971] 0
[0.96746529955297] 0
[0.976581999552963] 0
[0.982715599552975] 0
[0.988645099552969] 0
[0.996999999552969] 0
[1.00376559955296] 0
[1.01118189955297] 0
[1.01746379955297] 0
[1.02571539955296] 0
[1.03354129955297] 0
[1.04104109955297] 0
[1.04685869955297] 0
[1.05355329955297] 0
[1.06260589955296] 0
[1.06985559955297] 0
[1.07735539955297] 0
[1.08495079955297] 0
[1.09436369955297] 0
[1.10028119955297] 0
[1.10763259955297] 0
[1.11442469955297] 0
[1.12189149955297] 0
[1.12953729955296] 0
[1.13546729955297] 0
[1.14229289955297] 0
[1.14920789955296] 0
[1.15620279955297] 0
[1.16398489955297] 0
[1.16965159955296] 0
[1.17705369955297] 0
[1.18462569955297] 0
[1.19173729955297] 0
[1.19756769955296] 0
[1.20325539955297] 0
[1.21139689955297] 0
[1.21894179955297] 0
[1.22618329955297] 0
[1.23261779955297] 0
[1.23942199955297] 0
[1.24774769955297] 0
[1.25392529955298] 0
[1.26200149955297] 0
[1.26869469955297] 0
[1.27751439955297] 0
[1.28367549955297] 0
[1.29120569955298] 0
[1.29755749955297] 0
[1.30569319955296] 0
[1.31329109955297] 0
[1.31922959955297] 0
[1.32663509955297] 0
[1.33471209955297] 0
[1.34246189955297] 0
[1.34877619955297] 0
[1.35545759955296] 0
[1.36475929955297] 0
[1.37137759955297] 0
[1.37857819955296] 0
[1.38554899955297] 0
[1.39340569955297] 0
[1.40031529955297] 0
[1.40771399955297] 0
[1.41393509955297] 0
[1.42073889955297] 0
[1.42949769955297] 0
[1.43705249955296] 0
[1.44428029955297] 0
[1.45192119955297] 0
[1.46201779955297] 0
[1.46844659955296] 0
[1.47627439955296] 0
[1.48520039955297] 0
[1.49606479955297] 0
[1.50229899955296] 0
[1.51363879955296] 0
[1.52186359955297] 0
[1.52996949955296] 0
[1.53684219955296] 0
[1.54725029955297] 0
[1.55411189955296] 0
[1.56280719955296] 0
[1.57105239955297] 0
[1.58216279955298] 0
[1.58924889955297] 0
[1.59727129955297] 0
[1.60555129955297] 0
[1.61481569955296] 0
[1.62084319955297] 0
[1.62859959955297] 0
[1.63682759955297] 0
[1.64647529955298] 0
[1.65301519955297] 0
[1.66089919955297] 0
[1.66926979955296] 0
[1.67707909955297] 0
[1.68380819955297] 0
[1.69288809955297] 0
[1.70077259955296] 0
[1.70942499955297] 0
[1.71629429955297] 0
[1.72334669955296] 0
[1.73224059955297] 0
[1.73960749955297] 0
[1.74756739955296] 0
[1.75556199955297] 0
[1.76594429955297] 0
[1.77306509955297] 0
[1.78319229955297] 0
[1.79126789955296] 0
[1.79937049955296] 0
[1.80611629955297] 0
[1.81508539955297] 0
[1.82217669955297] 0
[1.83063259955297] 0
[1.83724379955297] 0
[1.84557359955296] 0
[1.85381229955297] 0
[1.86262809955296] 0
[1.86891559955296] 0
[1.87867009955296] 0
[1.88680339955297] 0
[1.89519349955297] 0
[1.90264129955297] 0
[1.91304979955297] 0
[1.92033099955297] 0
[1.92904129955296] 0
[1.93614159955297] 0
[1.94524259955297] 0
[1.95224659955296] 0
[1.95982289955298] 0
[1.96779909955296] 0
[1.97677099955297] 0
[1.98329919955297] 0
[1.99001699955296] 0
[1.99899859955296] 0
[2.00757789955297] 0
[2.01505579955297] 0
[2.02232959955298] 0
[2.03156509955296] 0
[2.03856399955296] 0
[2.04624629955296] 0
[2.05354959955297] 0
[2.06336979955297] 0
[2.07043729955296] 0
[2.07872339955297] 0
[2.08586979955297] 0
[2.09522999955297] 0
[2.10250079955297] 0
[2.11104249955297] 0
[2.11924909955297] 0
[2.12827869955296] 0
[2.13500509955297] 0
[2.14254629955298] 0
[2.15069869955298] 0
[2.15941279955297] 0
[2.16649719955296] 0
[2.17297459955297] 0
[2.18236809955297] 0
[2.19053309955297] 0
[2.19846919955297] 0
[2.20664099955297] 0
[2.21614069955297] 0
[2.22296959955297] 0
[2.23138699955297] 0
[2.23903509955296] 0
[2.24893269955297] 0
[2.25521179955297] 0
[2.26290599955297] 0
[2.27048929955296] 0
[2.27974719955297] 0
[2.28679249955297] 0
[2.29471159955297] 0
[2.30172289955297] 0
[2.31005299955297] 0
[2.31718549955296] 0
[2.32469929955298] 0
[2.33173719955298] 0
[2.34004939955297] 0
[2.34727099955298] 0
[2.35415239955297] 0
[2.36333019955296] 0
[2.37177759955297] 0
[2.37962629955297] 0
[2.38591739955297] 0
[2.39539079955297] 0
[2.40240079955296] 0
[2.41042449955297] 0
[2.41681629955296] 0
[2.42627719955297] 0
[2.43248979955297] 0
[2.43884989955296] 0
[2.44648379955296] 0
[2.45572859955297] 0
[2.46414249955296] 0
[2.47069749955297] 0
[2.47851229955297] 0
[2.48653589955296] 0
[2.49448799955297] 0
[2.50098479955297] 0
[2.50970779955297] 0
[2.51773169955297] 0
[2.52559419955297] 0
[2.53181749955297] 0
[2.53808639955297] 0
[2.54768749955296] 0
[2.55422359955297] 0
[2.56358839955297] 0
[2.57087139955297] 0
[2.58065599955297] 0
[2.58937939955297] 0
[2.59758749955297] 0
[2.60562539955296] 0
[2.61465339955296] 0
[2.62073339955298] 0
[2.62823779955296] 0
[2.63665139955297] 0
[2.64568469955297] 0
[2.65220149955297] 0
[2.66150899955296] 0
[2.67033259955296] 0
[2.67913449955297] 0
[2.68548069955297] 0
[2.69337379955297] 0
[2.70075919955296] 0
[2.70910869955297] 0
[2.71554679955297] 0
[2.72225569955297] 0
[2.73074069955297] 0
[2.73767799955297] 0
[2.74596859955297] 0
[2.75338789955296] 0
[2.76251269955297] 0
[2.76944389955297] 0
[2.77723219955297] 0
[2.78468709955297] 0
[2.79451569955297] 0
[2.80175559955296] 0
[2.80969579955297] 0
[2.81853049955296] 0
[2.82768299955296] 0
[2.83435519955297] 0
[2.84369329955297] 0
[2.85173059955297] 0
[2.86050519955297] 0
[2.86698299955297] 0
[2.87536319955296] 0
[2.88456859955296] 0
[2.89318839955297] 0
[2.89954739955297] 0
[2.90728899955297] 0
[2.91657279955297] 0
[2.92307289955296] 0
[2.93072559955297] 0
[2.93839879955297] 0
[2.94800629955297] 0
[2.95443089955297] 0
[2.96226719955297] 0
[2.97063179955296] 0
[2.97925529955297] 0
[2.98613269955297] 0
[2.99501239955296] 0
[3.00292999955298] 0
[3.01128139955297] 0
[3.01826059955297] 0
[3.02670579955297] 0
[3.03409879955296] 0
[3.04263919955297] 0
[3.04884969955297] 0
[3.05762689955297] 0
[3.06646749955297] 0
[3.07350699955298] 0
[3.08082169955297] 0
[3.08955689955297] 0
[3.09930459955297] 0
[3.10618479955296] 0
[3.11453949955298] 0
[3.12286189955297] 0
[3.13380399955297] 0
[3.14171249955297] 0
[3.14969899955297] 0
[3.15683189955297] 0
[3.16591239955297] 0
[3.17231179955297] 0
[3.18182009955297] 0
[3.18990139955297] 0
[3.19782499955296] 0
[3.20430659955296] 0
[3.21338889955297] 0
[3.21996159955297] 0
[3.22776019955297] 0
[3.23442669955297] 0
[3.24481479955297] 0
[3.25175619955297] 0
[3.26025559955296] 0
[3.26747489955297] 0
[3.27665839955297] 0
[3.28326299955297] 0
[3.29042169955297] 0
[3.29963899955297] 0
[3.30750309955297] 0
[3.31584209955297] 0
[3.32275589955297] 0
[3.33180269955297] 0
[3.34015799955297] 0
[3.34773659955297] 0
[3.35391549955297] 0
[3.36324979955297] 0
[3.37161349955296] 0
[3.37943419955297] 0
[3.38601479955297] 0
[3.39576879955297] 0
[3.40206639955296] 0
[3.40962599955297] 0
[3.41641579955296] 0
[3.42511949955296] 0
[3.43266819955296] 0
[3.43978459955297] 0
[3.44777869955297] 0
[3.45707939955297] 0
[3.46525619955297] 0
[3.47280089955296] 0
[3.48188929955298] 0
[3.48959979955296] 0
[3.49811619955297] 0
[3.50491759955297] 0
[3.51405989955298] 0
[3.52181809955297] 0
[3.52895739955297] 0
[3.53596769955297] 0
[3.54491599955297] 0
[3.55337669955297] 0
[3.56107169955297] 0
[3.56812939955297] 0
[3.57810969955297] 0
[3.58556379955297] 0
[3.59408609955297] 0
[3.60186399955298] 0
[3.61146649955298] 0
[3.61865559955297] 0
[3.62685479955297] 0
[3.63425969955297] 0
[3.64293789955296] 0
[3.64910129955297] 0
[3.65552869955297] 0
[3.66442369955297] 0
[3.67158429955298] 0
[3.68028109955297] 0
[3.68688629955297] 0
[3.69578419955297] 0
[3.70409479955296] 0
[3.71150149955297] 0
[3.71838109955297] 0
[3.72757819955297] 0
[3.73548359955296] 0
[3.74371769955297] 0
[3.75053469955297] 0
[3.75990929955297] 0
[3.76638659955297] 0
[3.77326199955297] 0
[3.78131279955296] 0
[3.79025459955297] 0
[3.79851179955297] 0
[3.80621899955297] 0
[3.81445259955296] 0
[3.82196599955297] 0
[3.83028399955298] 0
[3.83736139955298] 0
[3.84562479955297] 0
[3.85344899955297] 0
[3.86221749955297] 0
[3.86840169955296] 0
[3.87758629955297] 0
[3.88523699955297] 0
[3.89282459955297] 0
[3.89954259955297] 0
[3.90742649955297] 0
[3.91632699955296] 0
[3.92300419955296] 0
[3.93079859955297] 0
[3.93834849955297] 0
[3.94718649955297] 0
[3.95392509955298] 0
[3.96189739955297] 0
[3.96991159955297] 0
[3.97855759955297] 0
[3.98465209955297] 0
[3.99212189955297] 0
[4.00071699955296] 0
[4.00983729955297] 0
[4.01603269955297] 0
[4.02245539955297] 0
[4.03183929955297] 0
[4.03825169955297] 0
[4.04583119955296] 0
[4.05202469955297] 0
[4.06122799955297] 0
[4.06822839955296] 0
[4.07588469955297] 0
[4.08225079955297] 0
[4.09080049955297] 0
[4.09967009955297] 0
[4.10574079955298] 0
[4.11312869955297] 0
[4.12081849955297] 0
[4.12891419955297] 0
[4.13546349955297] 0
[4.14313069955297] 0
[4.15060499955297] 0
[4.15915129955297] 0
[4.16593829955296] 0
[4.17281509955296] 0
[4.18310009955297] 0
[4.19019119955297] 0
[4.19833719955297] 0
[4.20509949955297] 0
[4.21478939955297] 0
[4.22143759955297] 0
[4.22928059955296] 0
[4.23685189955297] 0
[4.24675879955296] 0
[4.25344179955297] 0
[4.26178929955297] 0
[4.26903719955297] 0
[4.27834979955297] 0
[4.28535249955297] 0
[4.29309389955297] 0
[4.30036309955297] 0
[4.31006799955297] 0
[4.31687069955296] 0
[4.32430269955297] 0
[4.33194569955297] 0
[4.34137319955296] 0
[4.34943609955297] 0
[4.35644779955297] 0
[4.36629039955297] 0
[4.37270909955296] 0
[4.38048139955296] 0
[4.38773509955297] 0
[4.39767719955297] 0
[4.40505979955297] 0
[4.41340729955297] 0
[4.42049589955298] 0
[4.42965129955297] 0
[4.43722329955297] 0
[4.44453439955296] 0
[4.45206349955296] 0
[4.46149189955297] 0
[4.46871569955297] 0
[4.47633029955297] 0
[4.48491549955297] 0
[4.49468639955298] 0
[4.50202349955296] 0
[4.51226149955296] 0
[4.52122839955297] 0
[4.52932319955296] 0
[4.53611479955296] 0
[4.54651029955296] 0
[4.55332049955297] 0
[4.56106369955297] 0
[4.56815599955297] 0
[4.57776899955297] 0
[4.58465479955296] 0
[4.59301919955297] 0
[4.60122009955298] 0
[4.61065799955297] 0
[4.61863139955297] 0
[4.62713829955297] 0
[4.63550519955297] 0
[4.64476469955297] 0
[4.65164639955297] 0
[4.66068839955297] 0
[4.66954179955297] 0
[4.67795209955297] 0
[4.68499519955297] 0
[4.69470799955297] 0
[4.70327009955297] 0
[4.71153609955297] 0
[4.71879679955296] 0
[4.72981049955297] 0
[4.73634239955297] 0
[4.74471429955297] 0
[4.75293979955296] 0
[4.76287199955297] 0
[4.77033139955297] 0
[4.77843059955296] 0
[4.78604579955297] 0
[4.79512869955298] 0
[4.80162829955297] 0
[4.80934409955297] 0
[4.81703809955297] 0
[4.82681799955297] 0
[4.83287849955296] 0
[4.83953609955297] 0
[4.84887869955297] 0
[4.85745809955297] 0
[4.86552879955296] 0
[4.87276829955297] 0
[4.88345059955297] 0
[4.89209829955297] 0
[4.89936859955297] 0
[4.90720939955297] 0
[4.91691229955296] 0
[4.92493869955297] 0
[4.93268739955298] 0
[4.94092049955297] 0
[4.94923889955297] 0
[4.95625399955297] 0
[4.96522179955296] 0
[4.97308219955296] 0
[4.98171019955296] 0
[4.98816469955297] 0
[4.99735849955297] 0
[5.00466529955297] 0
[5.01333159955297] 0
[5.01977649955298] 0
[5.02841549955296] 0
[5.03584069955296] 0
[5.04456979955297] 0
[5.05090499955297] 0
[5.06036779955296] 0
[5.06781699955297] 0
[5.07573139955296] 0
[5.08234589955296] 0
[5.09045069955297] 0
[5.09957519955297] 0
[5.10673209955297] 0
[5.11506479955297] 0
[5.12399109955297] 0
[5.13237609955297] 0
[5.13948489955297] 0
[5.14799369955297] 0
[5.15509219955297] 0
[5.16321189955296] 0
[5.17003309955297] 0
[5.17872839955297] 0
[5.18662099955297] 0
[5.19522219955297] 0
[5.20187739955297] 0
[5.21071999955296] 0
[5.21906399955297] 0
[5.22646259955297] 0
[5.23304979955297] 0
[5.24059019955297] 0
[5.24979589955296] 0
[5.25629289955297] 0
[5.26423219955296] 0
[5.27232099955297] 0
[5.28150839955296] 0
[5.28827339955296] 0
[5.29639949955296] 0
[5.30524789955297] 0
[5.31353929955297] 0
[5.32112729955297] 0
[5.32975899955296] 0
[5.33746489955297] 0
[5.34574939955297] 0
[5.35210139955296] 0
[5.36171049955297] 0
[5.37034549955297] 0
[5.37811409955297] 0
[5.38560889955296] 0
[5.39544159955297] 0
[5.40232639955296] 0
[5.40978639955297] 0
[5.41648109955297] 0
[5.42501459955297] 0
[5.43315139955297] 0
[5.43937789955297] 0
[5.44751719955296] 0
[5.45664839955298] 0
[5.46490339955297] 0
[5.47269229955297] 0
[5.48127169955296] 0
[5.48850199955297] 0
[5.49660599955297] 0
[5.50360309955298] 0
[5.51230369955297] 0
[5.52011749955297] 0
[5.52845469955297] 0
[5.53497069955297] 0
[5.54411629955297] 0
[5.55230839955297] 0
[5.55989799955297] 0
[5.56687759955297] 0
[5.57632249955297] 0
[5.58464959955298] 0
[5.59314819955297] 1.83670992315982E-39
[5.60158139955297] 0
[5.61109769955297] 0
[5.61779009955296] 0
[5.62563289955297] 0
[5.63320549955297] 0
[5.64085319955296] 0
[5.64905249955297] 0
[5.65503379955297] 0
[5.66325769955297] 0
[5.67137669955297] 0
[5.67934949955297] 0
[5.68528759955296] 0
[5.69436279955296] 0
[5.70251679955297] 0
[5.71113049955297] 0
[5.71770029955297] 0
[5.72781769955297] 0
[5.73514039955298] 0
[5.74293589955298] 0
[5.74941649955296] 0
[5.75762139955297] 0
[5.76646909955296] 0
[5.77284769955297] 0
[5.78091139955296] 0
[5.78957389955296] 0
[5.79760079955297] 0
[5.80425029955296] 0
[5.81304109955298] 0
[5.82103229955297] 0
[5.82914549955296] 0
[5.83619639955297] 0
[5.84456329955297] 0
[5.85154729955296] 0
[5.85898659955296] 0
[5.86626979955297] 0
[5.87334609955298] 0
[5.88343709955296] 0
[5.89134119955297] 0
[5.89819059955298] 0
[5.90547159955297] 0
[5.91454419955296] 0
[5.92102409955297] 0
[5.92940769955297] 0
[5.93684909955297] 0
[5.94554189955296] 0
[5.95192439955296] 0
[5.95996259955297] 0
[5.96724389955297] 0
[5.97632269955297] 0
[5.98289699955296] 0
[5.98938319955298] 0
[5.99844969955296] 0
[6.00677949955296] 0
[6.01429489955297] 0
[6.02177069955297] 0
[6.03201969955298] 0
[6.03878489955297] 0
[6.04692109955297] 0
[6.05439569955297] 0
[6.06468969955297] 0
[6.07108989955297] 0
[6.07939709955296] 0
[6.08688799955297] 0
[6.09661439955296] 0
[6.10366119955297] 0
[6.11097129955297] 0
[6.11885879955297] 0
[6.12822499955297] 0
[6.13469289955297] 0
[6.14216939955297] 0
[6.15044129955297] 0
[6.16010549955297] 0
[6.16719489955297] 0
[6.17585239955297] 0
[6.18419519955297] 0
[6.19305989955296] 0
[6.20059129955297] 0
[6.21032119955296] 0
[6.21868439955297] 0
[6.22748849955296] 0
[6.23394329955296] 0
[6.24407379955296] 0
[6.25048229955297] 0
[6.25892969955297] 0
[6.26625419955298] 0
[6.27511099955296] 0
[6.28296149955297] 0
[6.28990089955298] 0
[6.29882159955297] 0
[6.30689399955297] 0
[6.31519399955297] 0
[6.32226369955296] 0
[6.33104969955296] 0
[6.33958909955297] 0
[6.34720359955297] 0
[6.35365699955297] 0
[6.36295099955296] 0
[6.37117099955297] 0
[6.37843919955297] 0
[6.38569609955297] 0
[6.39520439955297] 0
[6.40284399955297] 0
[6.41110319955297] 0
[6.41882179955297] 0
[6.42765699955297] 0
[6.43479449955296] 0
[6.44341289955297] 0
[6.45058329955297] 0
[6.45944209955297] 0
[6.46685659955297] 0
[6.47433519955297] 0
[6.48223559955296] 0
[6.48967289955297] 0
[6.49807939955296] 0
[6.50479279955297] 0
[6.51401399955297] 0
[6.52262489955297] 0
[6.53035869955296] 0
[6.53683149955297] 0
[6.54746559955296] 0
[6.55479179955297] 0
[6.56353869955296] 0
[6.57052299955296] 0
[6.57937089955297] 0
[6.58640399955297] 0
[6.59551419955297] 0
[6.60303449955296] 0
[6.61337739955297] 0
[6.61996319955297] 0
[6.62784989955297] 0
[6.63673069955297] 0
[6.64522689955297] 0
[6.65238209955297] 0
[6.66047279955296] 0
[6.66885499955296] 0
[6.67736969955297] 0
[6.68497059955297] 0
[6.69416079955298] 0
[6.70251109955296] 0
[6.71057479955297] 0
[6.71752289955297] 0
[6.72692399955297] 0
[6.73431599955296] 0
[6.74242109955297] 0
[6.74940489955297] 0
[6.75828289955297] 0
[6.76602489955297] 0
[6.77277249955297] 0
[6.78127789955298] 0
[6.79041899955297] 0
[6.79843319955297] 0
[6.80586469955297] 0
[6.81410729955297] 0
[6.82204879955297] 0
[6.83058409955296] 0
[6.83738779955297] 0
[6.84603309955297] 0
[6.85305489955297] 0
[6.86125689955297] 0
[6.86797989955296] 0
[6.87707029955297] 0
[6.88540309955297] 0
[6.89385929955297] 0
[6.90100289955296] 0
[6.91120449955297] 0
[6.91779589955297] 0
[6.92557459955297] 0
[6.93272679955297] 0
[6.94164909955298] 0
[6.95013449955297] 0
[6.95915019955297] 0
[6.96672359955296] 0
[6.97628809955297] 0
[6.98294019955297] 0
[6.98967419955297] 0
[6.99837629955297] 0
[7.00693459955296] 0
[7.01440169955296] 0
[7.02155119955297] 0
[7.03207409955297] 0
[7.03887479955297] 0
[7.04659319955297] 0
[7.05422669955297] 0
[7.06557509955297] 0
[7.07238219955296] 0
[7.08121029955296] 0
[7.08863619955297] 0
[7.09758029955297] 0
[7.10395439955298] 0
[7.11224719955297] 0
[7.12085129955297] 0
[7.13058229955297] 0
[7.13712969955297] 0
[7.14508629955297] 0
[7.15388379955297] 0
[7.16159479955297] 0
[7.16956599955297] 0
[7.17846549955297] 0
[7.18597909955297] 0
[7.19465999955297] 0
[7.20112689955297] 0
[7.21059689955297] 0
[7.21850129955297] 0
[7.22710279955297] 0
[7.23352809955297] 0
[7.24324199955296] 0
[7.25006899955297] 0
[7.25785459955297] 0
[7.26462179955297] 0
[7.27249779955297] 0
[7.28151439955298] 0
[7.28869059955296] 0
[7.29657039955296] 0
[7.30493249955296] 0
[7.31266409955298] 0
[7.31954319955297] 0
[7.32773709955296] 0
[7.33583509955297] 0
[7.34328259955296] 0
[7.34996859955297] 0
[7.35739299955297] 0
[7.36707299955297] 0
[7.37486669955297] 0
[7.38198999955297] 0
[7.38870989955296] 0
[7.39765309955297] 0
[7.40429589955296] 0
[7.41233399955297] 0
[7.41957949955297] 0
[7.42816579955297] 0
[7.43571689955297] 0
[7.44430569955297] 0
[7.45295309955297] 0
[7.46363499955297] 0
[7.47065349955297] 0
[7.47963199955296] 0
[7.48850599955297] 0
[7.49733369955297] 0
[7.50417249955296] 0
[7.51443379955298] 0
[7.52336609955297] 0
[7.53180189955297] 0
[7.54051359955297] 0
[7.55099289955297] 0
[7.56019819955297] 0
[7.56765419955296] 0
[7.57707769955297] 0
[7.58450899955297] 0
[7.59198209955296] 0
[7.59888399955297] 0
[7.60733369955297] 0
[7.61575969955297] 0
[7.62227239955297] 0
[7.63051849955296] 0
[7.63884799955297] 0
[7.64647479955296] 0
[7.65315289955296] 0
[7.66254419955297] 0
[7.67037419955297] 0
[7.67857469955297] 0
[7.68522869955297] 0
[7.69366649955298] 0
[7.70125069955297] 0
[7.70963119955297] 0
[7.71631109955297] 0
[7.72332419955296] 0
[7.73235339955296] 0
[7.73959749955297] 0
[7.74732159955298] 0
[7.75419569955297] 0
[7.76242969955297] 0
[7.76991749955297] 0
[7.77765269955297] 0
[7.78601119955297] 0
[7.79459459955297] 0
[7.80149859955297] 0
[7.80969449955298] 0
[7.81901789955297] 0
[7.82812119955297] 0
[7.83484839955297] 0
[7.84369129955297] 0
[7.85132069955297] 0
[7.85943219955297] 0
[7.86659449955297] 0
[7.87379739955297] 0
[7.88312819955297] 0
[7.88944019955296] 0
[7.89877769955297] 0
[7.90626159955296] 0
[7.91575449955297] 0
[7.92285979955297] 0
[7.93116799955297] 0
[7.93963019955297] 0
[7.94823879955297] 0
[7.95447149955297] 0
[7.96247209955297] 0
[7.97091399955296] 0
[7.97836739955297] 0
[7.98523129955296] 0
[7.99292989955296] 0
[8.00132939955297] 0
[8.00925099955298] 0
[8.01569789955298] 0
[8.02288089955297] 0
[8.03262629955297] 0
[8.03908819955296] 0
[8.04703749955297] 0
[8.05519219955296] 0
[8.06419539955297] 0
[8.07145519955297] 0
[8.08038889955297] 0
[8.08788429955297] 0
[8.09764849955297] 0
[8.10394449955297] 0
[8.11144809955297] 0
[8.11940289955297] 0
[8.12883389955297] 0
[8.13551649955296] 0
[8.43941089955297] 0
[8.46779019955297] 0
[8.47594689955297] 0
[8.48411729955296] 0
[8.49357579955297] 0
[8.49964479955297] 0
[8.50664039955296] 0
[8.51586969955297] 0
[8.52264849955297] 0
[8.52998039955297] 0
[8.53691929955296] 0
[8.54645339955297] 0
[8.55339639955297] 0
[8.56161549955297] 0
[8.56865839955297] 0
[8.57807299955297] 0
[8.58534989955297] 0
[8.59323779955297] 0
[8.60093689955296] 0
[8.61063619955297] 0
[8.61790499955296] 0
[8.62584929955297] 0
[8.63364629955296] 0
[8.64308909955297] 0
[8.64946999955296] 0
[8.65611319955296] 0
[8.66441629955297] 0
[8.67216239955297] 0
[8.68027849955297] 0
[8.68730029955297] 0
[8.69705789955297] 0
[8.70513789955297] 0
[8.71297289955297] 0
[8.71968099955296] 0
[8.72978009955297] 0
[8.73674889955296] 0
[8.74436149955297] 0
[8.75201269955296] 0
[8.76142099955297] 0
[8.76867799955296] 0
[8.77664479955297] 0
[8.78387999955297] 0
[8.79342579955296] 0
[8.80021079955297] 0
[8.80815529955296] 0
[8.81532209955297] 0
[8.82312259955297] 0
[8.83219129955297] 0
[8.83935159955297] 0
[8.84910579955297] 0
[8.85657979955297] 0
[8.86405249955297] 0
[8.87051409955296] 0
[8.88056819955297] 0
[8.88716199955297] 0
[8.89492839955297] 0
[8.90208579955296] 0
[8.91362679955297] 0
[8.92032019955298] 0
[8.92908279955297] 0
[8.93642079955296] 0
[8.94450109955297] 0
[8.95167009955297] 0
[8.95929729955297] 0
[8.96629679955296] 0
[8.97385459955296] 0
[8.98194109955297] 0
[8.98811969955297] 0
[8.99639189955298] 0
[9.00444579955297] 0
[9.01228969955297] 0
[9.01844809955297] 0
[9.02650519955297] 0
[9.03508399955297] 0
[9.04327069955296] 0
[9.04970689955297] 0
[9.05649659955297] 0
[9.06572639955297] 0
[9.07232559955297] 0
[9.07960229955297] 0
[9.08642699955297] 0
[9.09535829955297] 0
[9.10225209955297] 0
[9.10989689955296] 0
[9.11685479955297] 0
[9.12506289955297] 0
[9.13179909955296] 0
[9.13849389955297] 0
[9.14685529955297] 0
[9.15427589955297] 0
[9.16175299955297] 0
[9.16896599955297] 0
[9.17777129955297] 0
[9.18510279955296] 0
[9.19405339955297] 0
[9.20073679955297] 0
[9.20926519955297] 0
[9.21686019955297] 0
[9.22562429955296] 0
[9.23236219955297] 0
[9.23985459955297] 0
[9.24874849955297] 0
[9.25590809955297] 0
[9.26384549955297] 0
[9.27140849955296] 0
[9.28095499955297] 0
[9.28727119955298] 0
[9.29509659955296] 0
[9.30291699955296] 0
[9.31169859955297] 0
[9.31790099955298] 0
[9.32580839955297] 0
[9.33412889955297] 0
[9.34234689955296] 0
[9.34960669955296] 0
[9.35610929955297] 0
[9.36559179955297] 0
[9.37211889955297] 0
[9.38015429955297] 0
[9.38744979955297] 0
[9.39724429955297] 0
[9.40353449955298] 0
[9.41133849955297] 0
[9.41899809955297] 0
[9.42830849955297] 0
[9.43550189955297] 0
[9.44350659955298] 0
[9.45085329955297] 0
[9.46021429955297] 0
[9.46737449955297] 0
[9.47582589955297] 0
[9.48388139955297] 0
[9.77885599955297] 0
[9.80720969955297] 0
[9.81645409955297] 0
[9.82455789955297] 0
[9.83266889955297] 0
[9.83933559955297] 0
[9.84799619955297] 0
[9.85614119955297] 0
[9.86358919955296] 0
[9.87024109955297] 0
[9.87976259955298] 0
[9.88680699955297] 0
[9.89443909955297] 0
[9.90126509955297] 0
[9.91166859955297] 0
[9.91955049955297] 0
[9.92826019955297] 0
[9.93551539955297] 0
[9.94460759955297] 0
[9.95155419955297] 0
[9.95885409955297] 0
[9.96630309955297] 0
[9.97377259955297] 0
[9.98224609955297] 0
[9.98870239955296] 0
[9.99743739955296] 0
[10.004754099553] 0
[10.013014399553] 0
[10.019661099553] 0
[10.028474399553] 0
[10.036143999553] 0
[10.043695299553] 0
[10.050027799553] 0
[10.058754199553] 0
[10.066841899553] 0
[10.074348299553] 0
[10.080735699553] 0
[10.088633399553] 0
[10.097640499553] 0
[10.104150099553] 0
[10.112023199553] 0
[10.120320699553] 0
[10.129561099553] 0
[10.135806299553] 0
[10.143602899553] 0
[10.152171899553] 0
[10.160791299553] 0
[10.167005899553] 0
[10.174866199553] 0
[10.183248899553] 0
[10.189486599553] 0
[10.196659199553] 0
[10.203661499553] 0
[10.212986199553] 0
[10.219581699553] 0
[10.226953299553] 0
[10.234122599553] 0
[10.243459599553] 0
[10.250323799553] 0
[10.258406499553] 0
[10.265806099553] 0
[10.274194299553] 0
[10.282202199553] 0
[10.288577399553] 0
[10.296763099553] 0
[10.304873999553] 0
[10.312342299553] 0
[10.318885299553] 0
[10.327498199553] 0
[10.335937999553] 0
[10.343808699553] 0
[10.350385299553] 0
[10.358859199553] 0
[10.367158099553] 0
[10.376042999553] 0
[10.383350099553] 0
[10.392508799553] 0
[10.400505199553] 0
[10.408584899553] 0
[10.414606299553] 0
[10.422629299553] 0
[10.431811899553] 0
[10.438622599553] 0
[10.446032599553] 0
[10.453960299553] 0
[10.462903599553] 0
[10.469213999553] 0
[10.477067699553] 0
[10.485072499553] 0
[10.492665999553] 0
[10.499190699553] 0
[10.505789699553] 0
[10.515018999553] 0
[10.522695099553] 2.24207754291971E-41
[10.530711899553] 0
[10.536731899553] 0
[10.546175199553] 0
[10.553950799553] 0
[10.562024199553] 0
[10.568283399553] 0
[10.577394199553] 0
[10.586169199553] 0
[10.594133699553] 0
[10.601026199553] 0
[10.610735799553] 0
[10.617947499553] 0
[10.625347699553] 0
[10.631953499553] 0
[10.639483399553] 0
[10.647433399553] 0
[10.654247899553] 0
[10.662195699553] 0
[10.670154799553] 0
[10.679036099553] 0
[10.685272199553] 0
[10.694217199553] 0
[10.703163899553] 0
[10.711413499553] 0
[10.717881499553] 0
[10.727254399553] 0
[10.734971199553] 0
[10.742518199553] 0
[10.748918499553] 0
[10.756401999553] 0
[10.765422699553] 0
[10.772190299553] 0
[10.780052099553] 0
[10.788353299553] 0
[10.796739299553] 0
[10.803545899553] 0
[10.811748599553] 0
[10.820744999553] 0
[10.828331199553] 0
[10.835552299553] 0
[10.844317099553] 0
[10.852081699553] 0
[10.860475299553] 0
[10.867112699553] 0
[10.875170499553] 0
[10.883741699553] 0
[10.891888199553] 0
[10.898525899553] 0
[10.906180999553] 0
[10.917707799553] 0
[10.926032199553] 0
[10.934650599553] 0
[10.945768099553] 0
[10.953197199553] 0
[10.962058499553] 0
[10.972235199553] 0
[10.979978799553] 0
[10.987137599553] 0
[10.995491299553] 0
[11.003607499553] 0
[11.011875099553] 0
[11.019424999553] 0
[11.028327099553] 0
[11.035997699553] 0
[11.043465599553] 0
[11.049892299553] 0
[11.057203599553] 0
[11.066511799553] 0
[11.073347999553] 0
[11.080955099553] 0
[11.088967499553] 0
[11.098051199553] 0
[11.104783599553] 0
[11.112354299553] 0
[11.119896599553] 0
[11.129195499553] 0
[11.136494699553] 0
[11.144754899553] 0
[11.153317799553] 0
[11.160892299553] 0
[11.168094399553] 0
[11.177311599553] 0
[11.185545499553] 0
[11.193392399553] 0
[11.200217499553] 0
[11.208595499553] 0
[11.216598399553] 0
[11.223626899553] 0
[11.231515099553] 0
[11.238651299553] 0
[11.247840899553] 0
[11.254724799553] 0
[11.262289699553] 0
[11.269753399553] 0
[11.279544299553] 0
[11.285932999553] 0
[11.294103399553] 0
[11.302190399553] 0
[11.311380199553] 0
[11.318330499553] 0
[11.326247799553] 0
[11.335322399553] 0
[11.343299599553] 0
[11.349904999553] 0
[11.356817199553] 0
[11.366992699553] 0
[11.375079999553] 0
[11.382038899553] 0
[11.388747099553] 0
[11.396468399553] 0
[11.403704899553] 0
[11.411782199553] 0
[11.418852699553] 0
[11.428188899553] 0
[11.435217299553] 0
[11.443227699553] 0
[11.450282399553] 0
[11.459291199553] 0
[11.466826599553] 0
[11.475325099553] 0
[11.483103399553] 0
[11.491003199553] 0
[11.499038099553] 0
[11.505576999553] 0
[11.515530299553] 0
[11.523514799553] 0
[11.531186999553] 0
[11.538927199553] 0
[11.548811999553] 0
[11.555278299553] 0
[11.563306399553] 0
[11.570786499553] 0
[11.579742899553] 0
[11.586419999553] 0
[11.594631999553] 0
[11.601838499553] 0
[11.611038099553] 0
[11.618294699553] 0
[11.626059099553] 0
[11.633943699553] 0
[11.642825799553] 0
[11.649494999553] 0
[11.656278199553] 0
[11.667125399553] 0
[11.678188799553] 0
[11.685152699553] 0
[11.695659799553] 0
[11.704700099553] 0
[11.713592999553] 0
[11.722488799553] 0
[11.732753199553] 0
[11.740249599553] 0
[11.748619899553] 0
[11.757902299553] 0
[11.769349499553] 0
[11.777503599553] 0
[11.786827199553] 0
[11.797467699553] 0
[11.805713799553] 0
[11.819500999553] 0
[11.830393399553] 0
[11.838505799553] 0
[11.853615099553] 0
[11.862720599553] 0
[11.870916099553] 0
[11.884181599553] 0
[11.892376399553] 0
[11.899148999553] 0
[11.907108099553] 0
[11.916819099553] 0
[11.925301599553] 0
[11.931992299553] 0
[11.940161499553] 0
[11.947877599553] 0
[11.954712299553] 0
[11.963455899553] 0
[11.971512499553] 0
[11.979391299553] 0
[11.985790699553] 0
[11.995423399553] 0
[12.004022299553] 0
[12.012946299553] 0
[12.019960599553] 0
[12.029318299553] 0
[12.037955299553] 0
[12.045413499553] 0
[12.052256699553] 0
[12.062384199553] 0
[12.069009999553] 0
[12.076507399553] 0
[12.083058799553] 0
[12.091576999553] 0
[12.100332099553] 0
[12.108413599553] 0
[12.116210399553] 0
[12.123829499553] 0
[12.132555899553] 0
[12.140617499553] 0
[12.149752599553] 0
[12.157585299553] 0
[12.165103199553] 0
[12.171419299553] 0
[12.180414299553] 0
[12.188001599553] 0
[12.195441999553] 0
[12.201885799553] 0
[12.211472099553] 0
[12.219345599553] 0
[12.226638199553] 0
[12.233207299553] 0
[12.240762899553] 0
[12.249289599553] 0
[12.256020299553] 0
[12.264254199553] 0
[12.272508599553] 0
[12.281499299553] 0
[12.287557999553] 0
[12.295341799553] 0
[12.302863299553] 0
[12.310199499553] 0
[12.316922499553] 0
[12.324526799553] 0
[12.332112199553] 0
[12.340302899553] 0
[12.347693299553] 0
[12.354507699553] 0
[12.363990899553] 0
[12.371793899553] 0
[12.379754199553] 0
[12.386387699553] 0
[12.396299299553] 0
[12.402661299553] 0
[12.411445099553] 0
[12.418697999553] 0
[12.427063699553] 0
[12.433834399553] 0
[12.441790999553] 0
[12.449566099553] 0
[12.457274699553] 0
[12.465659399553] 0
[12.472695099553] 0
[12.480967199553] 0
[12.488447299553] 0
[12.496757899553] 0
[12.503465199553] 0
[12.511702399553] 0
[12.519139099553] 0
[12.527677899553] 0
[12.534035699553] 0
[12.542355999553] 0
[12.550006299553] 0
[12.558074699553] 0
[12.565021399553] 0
[12.572402199553] 0
[12.581547099553] 0
[12.589021299553] 0
[12.596335399553] 0
[12.603933699553] 0
[12.612698299553] 0
[12.619319699553] 0
[12.627014199553] 0
[12.634789099553] 0
[12.643427499553] 0
[12.650122699553] 0
[12.658002999553] 0
[12.666900899553] 0
[12.675797899553] 0
[12.682437699553] 0
[12.689199199553] 0
[12.699013099553] 0
[12.706168199553] 0
[12.714343299553] 0
[12.722044799553] 0
[12.731473899553] 0
[12.738972599553] 0
[12.746642699553] 0
[12.753661999553] 0
[12.762633399553] 0
[12.769528099553] 0
[12.777323799553] 0
[12.784604699553] 0
[12.793862399553] 0
[12.800192299553] 0
[12.808068199553] 0
[12.815912399553] 0
[12.824179399553] 0
[12.831961399553] 0
[12.838657099553] 0
[12.848038799553] 0
[12.856037299553] 0
[12.864010099553] 0
[12.870249599553] 0
[12.880091399553] 0
[12.887196299553] 0
[12.894670399553] 0
[12.902849199553] 0
[12.912308599553] 0
[12.920351799553] 0
[12.928761899553] 0
[12.935991199553] 0
[12.944955699553] 0
[12.951947799553] 0
[12.959638099553] 0
[12.967528299553] 0
[12.976556099553] 0
[12.983347999553] 0
[12.991146699553] 0
[12.999203799553] 0
[13.007119799553] 0
[13.015060099553] 0
[13.021429199553] 0
[13.030825499553] 0
[13.037891399553] 0
[13.045920399553] 0
[13.052948899553] 0
[13.062363099553] 0
[13.069349599553] 0
[13.077483699553] 0
[13.085487999553] 0
[13.094796999553] 0
[13.101636799553] 0
[13.109551599553] 0
[13.117232099553] 0
[13.126615899553] 0
[13.133950199553] 0
[13.141562499553] 0
[13.149308199553] 0
[13.157412299553] 0
[13.165804999553] 0
[13.172028499553] 0
[13.181552499553] 0
[13.189303699553] 0
[13.197178899553] 0
[13.203439099553] 0
[13.211789499553] 0
[13.218807599553] 0
[13.226605699553] 0
[13.234201399553] 0
[13.244163499553] 0
[13.250491499553] 0
[13.258365499553] 0
[13.265189399553] 0
[13.274223299553] 0
[13.281815999553] 0
[13.288947699553] 0
[13.297744499553] 0
[13.305571399553] 0
[13.313056699553] 0
[13.319626199553] 0
[13.328538299553] 0
[13.336528399553] 0
[13.345635399553] 0
[13.352724599553] 0
[13.362475799553] 0
[13.370543899553] 0
[13.377741299553] 0
[13.384985499553] 0
[13.394167499553] 0
[13.402302999553] 0
[13.410075299553] 0
[13.417700999553] 0
[13.428481599553] 0
[13.434763499553] 0
[13.442950899553] 0
[13.449867799553] 0
[13.458054699553] 0
[13.467050299553] 0
[13.474306499553] 0
[13.481584999553] 0
[13.489513899553] 0
[13.498087899553] 0
[13.504685399553] 0
[13.513761599553] 0
[13.521493099553] 0
[13.529414799553] 0
[13.535792299553] 0
[13.545380599553] 0
[13.553345799553] 0
[13.560805699553] 0
[13.567051199553] 0
[13.576588699553] 0
[13.583583199553] 0
[13.591783199553] 0
[13.599064099553] 0
[13.607314199553] 0
[13.615204999553] 0
[13.621866699553] 0
[13.631490599553] 0
[13.640811599553] 0
[13.649248199553] 0
[13.656046299553] 0
[13.664949299553] 0
[13.673017699553] 0
[13.680450699553] 0
[13.686884099553] 0
[13.695412899553] 0
[13.703634099553] 0
[13.711517299553] 0
[13.718245499553] 0
[13.728226899553] 0
[13.735798299553] 0
[13.743277199553] 0
[13.750849099553] 0
[13.761946199553] 0
[13.768434299553] 0
[13.776549799553] 0
[13.783179899553] 0
[13.790614899553] 0
[13.799038899553] 0
[13.806177299553] 0
[13.814352499553] 0
[13.821764599553] 0
[13.830429199553] 0
[13.836812499553] 0
[13.844985299553] 0
[13.852972699553] 0
[13.860650899553] 0
[13.868215499553] 0
[13.878369799553] 0
[13.887151299553] 0
[13.894672899553] 0
[13.901120599553] 0
[13.911825299553] 0
[13.918506799553] 0
[13.927070599553] 0
[13.934420299553] 0
[13.943340099553] 0
[13.950333199553] 0
[13.958849799553] 0
[13.965929999553] 0
[13.973532999553] 0
[13.981706799553] 0
[13.988445599553] 0
[13.997627499553] 0
[14.005400899553] 0
[14.013199499553] 0
[14.019827899553] 0
[14.028891499553] 0
[14.037964199553] 0
[14.045788699553] 0
[14.052595599553] 0
[14.062394399553] 0
[14.068875199553] 0
[14.077075399553] 0
[14.085238299553] 0
[14.094688999553] 0
[14.101639399553] 0
[14.109742799553] 0
[14.117232499553] 0
[14.125769499553] 0
[14.132868899553] 0
[14.139085499553] 0
[14.147735099553] 0
[14.155042699553] 0
[14.163386799553] 0
[14.169780599553] 0
[14.178372999553] 0
[14.186267499553] 0
[14.194125499553] 0
[14.200549599553] 0
[14.209173599553] 0
[14.217172999553] 0
[14.225467699553] 0
[14.231963299553] 0
[14.239887999553] 0
[14.248814399553] 0
[14.255840499553] 0
[14.263858599553] 0
[14.271675599553] 0
[14.281150899553] 0
[14.287821099553] 0
[14.295833199553] 0
[14.304209999553] 0
[14.312172499553] 0
[14.318780199553] 0
[14.327381299553] 0
[14.335429599553] 0
[14.343001399553] 0
[14.349753599553] 0
[14.357496299553] 0
[14.367721299553] 0
[14.375706099553] 0
[14.382018699553] 0
[14.389055299553] 0
[14.398655299553] 0
[14.405563199553] 0
[14.413681999553] 0
[14.421244399553] 0
[14.430548299553] 0
[14.436972899553] 0
[14.445026499553] 0
[14.452854299553] 0
[14.462035199553] 0
[14.468638999553] 0
[14.476085299553] 0
[14.484014399553] 0
[14.492811199553] 0
[14.499364799553] 0
[14.506204199553] 0
[14.516412199553] 0
[14.523119099553] 0
[14.531460299553] 0
[14.538309499553] 0
[14.548581599553] 0
[14.554809199553] 0
[14.562764099553] 0
[14.570237599553] 0
[14.578377399553] 0
[14.585651399553] 0
[14.594485299553] 0
[14.602354499553] 0
[14.612006599553] 0
[14.618384699553] 0
[14.625888199553] 0
[14.633165499553] 0
[14.641011599553] 0
[14.649148399553] 0
[14.655520299553] 0
[14.664165599553] 0
[14.671423899553] 0
[14.679891499553] 0
[14.686606099553] 0
[14.695654199553] 0
[14.704768199553] 0
[14.712822899553] 0
[14.719878099553] 0
[14.729885299553] 0
[14.736731399553] 0
[14.744504299553] 0
[14.752455899553] 0
[14.761619499553] 0
[14.768512499553] 0
[14.777116799553] 0
[14.785023299553] 0
[14.794207399553] 0
[14.800711399553] 0
[14.808376999553] 0
[14.816922599553] 0
[14.825527299553] 0
[14.831924599553] 0
[14.838416099553] 0
[14.847276599553] 0
[14.856240399553] 0
[14.864459099553] 0
[14.871375199553] 0
[14.881107099553] 0
[14.887277599553] 0
[14.895505099553] 0
[14.903661899553] 0
[14.912655199553] 0
[14.918912899553] 0
[14.927506399553] 0
[14.935645899553] 0
[14.945176199553] 0
[14.951911999553] 0
[14.959331099553] 0
[14.966751099553] 0
[14.975840199553] 0
[14.982703299553] 0
[14.989357099553] 0
[14.998771599553] 0
[15.006716399553] 0
[15.014167199553] 0
[15.021122899553] 0
[15.029513199553] 0
[15.036947699553] 0
[15.045051399553] 0
[15.051633699553] 0
[15.061726499553] 0
[15.069395699553] 0
[15.077018899553] 0
[15.085338199553] 0
[15.094577699553] 0
[15.100692199553] 0
[15.108467099553] 0
[15.115868499553] 0
[15.123721399553] 0
[15.131168599553] 0
[15.138281099553] 0
[15.147003599553] 0
[15.154801499553] 0
[15.163557399553] 0
[15.170481799553] 0
[15.179219799553] 0
[15.187963699553] 0
[15.195610099553] 0
[15.202165199553] 0
[15.211492899553] 0
[15.219104799553] 0
[15.227075699553] 0
[15.233450699553] 0
[15.242476599553] 0
[15.250590199553] 0
[15.258085699553] 0
[15.265649399553] 0
[15.274911199553] 0
[15.283252499553] 0
[15.290142999553] 0
[15.298731099553] 0
[15.306608299553] 0
[15.314787599553] 0
[15.321957999553] 0
[15.330590499553] 0
[15.338073999553] 0
[15.346496299553] 0
[15.352964199553] 0
[15.361803499553] 0
[15.369937499553] 0
[15.377219499553] 0
[15.383958899553] 0
[15.393513799553] 0
[15.402154499553] 0
[15.410643099553] 0
[15.418340499553] 0
[15.428141899553] 0
[15.434449199553] 0
[15.442278299553] 0
[15.449208399553] 0
[15.456966799553] 0
[15.464399799553] 0
[15.470804699553] 0
[15.479792799553] 0
[15.487490799553] 0
[15.495180699553] 0
[15.501304799553] 0
[15.510095199553] 0
[15.517577899553] 0
[15.524931899553] 0
[15.531802699553] 0
[15.539083099553] 0
[15.549001299553] 0
[15.555270399553] 0
[15.563434299553] 0
[15.570133199553] 0
[15.580050099553] 0
[15.587216799553] 0
[15.595546299553] 0
[15.602808699553] 0
[15.612115599553] 0
[15.618699699553] 0
[15.626352499553] 0
[15.634484599553] 0
[15.644089399553] 0
[15.650322399553] 0
[15.658460699553] 0
[15.666094299553] 0
[15.674334299553] 0
[15.681959099553] 0
[15.688423999553] 0
[15.697491599553] 0
[15.704762399553] 0
[15.712353999553] 0
[15.719091099553] 0
[15.728406499553] 0
[15.735269499553] 0
[15.742840299553] 0
[15.749452399553] 0
[15.757479099553] 0
[15.766198599553] 0
[15.772225699553] 0
[15.780215199553] 0
[15.789395899553] 0
[15.797726299553] 0
[15.804140699553] 0
[15.813020099553] 0
[15.820658599553] 0
[15.828736399553] 0
[15.835664399553] 0
[15.844098299553] 0
[15.851799499553] 0
[15.860519999553] 0
[15.867290499553] 0
[15.875904799553] 0
[15.883864599553] 0
[15.892000499553] 0
[15.898333299553] 0
[15.905541699553] 0
[15.915205399553] 0
[15.922279999553] 0
[15.930428799553] 0
[15.937852599553] 0
[15.946241399553] 0
[15.952821199553] 0
[15.960347999553] 0
[15.968288599553] 0
[15.977426799553] 0
[15.984030899553] 0
[15.991465099553] 0
[15.999347099553] 0
[16.007299099553] 0
[16.014385799553] 0
[16.021293699553] 0
[16.031573599553] 0
[16.038358499553] 0
[16.046121699553] 0
[16.053051099553] 0
[16.062477999553] 0
[16.069216599553] 0
[16.077586299553] 0
[16.085335699553] 0
[16.094417199553] 0
[16.101145499553] 0
[16.109888699553] 0
[16.117867999553] 0
[16.127149899553] 0
[16.133371499553] 0
[16.140967399553] 0
[16.148319499553] 0
[16.156354299553] 0
[16.164519699553] 0
[16.172187799553] 0
[16.181554099553] 0
[16.189911899553] 0
[16.197388199553] 0
[16.203902199553] 0
[16.213770599553] 0
[16.220643099553] 0
[16.229026799553] 0
[16.236380699553] 0
[16.245639699553] 0
[16.252360499553] 0
[16.261004599553] 0
[16.268459499553] 0
[16.277514299553] 0
[16.285212499553] 0
[16.293157999553] 0
[16.300231099553] 0
[16.309437199553] 0
[16.316068399553] 0
[16.322909299553] 0
[16.331889099553] 0
[16.340659499553] 0
[16.348185799553] 0
[16.355776399553] 0
[16.365880999553] 0
[16.373226899553] 0
[16.381535799553] 0
[16.388898499553] 0
[16.397623299553] 0
[16.404023699553] 0
[16.412029399553] 0
[16.419242399553] 0
[16.428050699553] 0
[16.434400699553] 0
[16.442539599553] 0
[16.450188799553] 0
[16.459090899553] 0
[16.466075399553] 0
[16.472921399553] 0
[16.481134999553] 0
[16.488701099553] 0
[16.496621799553] 0
[16.503151099553] 0
[16.512152299553] 0
[16.519812399553] 0
[16.528160899553] 0
[16.534923699553] 0
[16.544039399553] 0
[16.551562899553] 0
[16.559141699553] 0
[16.565546399553] 0
[16.573074599553] 0
[16.582399899553] 0
[16.589180299553] 0
[16.597877099553] 0
[16.606899899553] 0
[16.614571599553] 0
[16.621557899553] 0
[16.629869299553] 0
[16.638138099553] 0
[16.646302699553] 0
[16.653208599553] 0
[16.661705699553] 0
[16.669164299553] 0
[16.677259399553] 0
[16.684740799553] 0
[16.692807499553] 0
[16.700120499553] 0
[16.708153099553] 0
[16.714787199553] 0
[16.722384499553] 0
[16.731525299553] 0
[16.738946499553] 0
[16.746641399553] 0
[16.753836499553] 0
[16.763214499553] 0
[16.769893599553] 0
[16.777655399553] 0
[16.785201999553] 0
[16.794347699553] 0
[16.801303199553] 0
[16.809039299553] 0
[16.816641199553] 0
[16.824572199553] 0
[16.831902199553] 0
[16.838658199553] 0
[16.847042099553] 0
[16.854597499553] 0
[16.862496899553] 0
[16.868782499553] 0
[16.878509599553] 0
[16.886860399553] 0
[16.895145699553] 0
[16.903439999553] 0
[16.913848699553] 0
[16.920021999553] 0
[16.928166199553] 0
[16.936959199553] 0
[16.946316099553] 0
[16.953461999553] 0
[17.245904299553] 0
[17.274367899553] 0
[17.282929299553] 0
[17.289896899553] 0
[17.298257399553] 0
[17.306004999553] 0
[17.314170199553] 0
[17.320500899553] 0
[17.329450499553] 0
[17.337908799553] 0
[17.345409099553] 0
[17.351768799553] 0
[17.359943599553] 0
[17.368330799553] 0
[17.376249199553] 0
[17.382547999553] 0
[17.388825499553] 0
[17.398518399553] 0
[17.404679399553] 0
[17.412685699553] 0
[17.418913199553] 0
[17.428301799553] 0
[17.435440599553] 0
[17.443311299553] 0
[17.450141699553] 0
[17.460166599553] 0
[17.467124299553] 0
[17.474665199553] 0
[17.481404099553] 0
[17.490715799553] 0
[17.497758999553] 0
[17.503866399553] 0
[17.512410699553] 0
[17.520301599553] 0
[17.528403799553] 0
[17.535240299553] 0
[17.544121399553] 0
[17.551702799553] 0
[17.558724099553] 0
[17.565122499553] 0
[17.571877499553] 0
[17.581822299553] 0
[17.587726199553] 0
[17.595262799553] 0
[17.602223899553] 0
[17.611715299553] 0
[17.618094299553] 0
[17.625960799553] 0
[17.633872799553] 0
[17.643202999553] 0
[17.649653199553] 0
[17.655819299553] 0
[17.664678199553] 0
[17.672200799553] 0
[17.679988699553] 0
[17.686182099553] 0
[17.694660799553] 0
[17.702816199553] 0
[17.710652399553] 0
[17.717260399553] 0
[17.727021299553] 0
[17.734584299553] 0
[17.743141799553] 0
[17.751355599553] 0
[17.759895099553] 0
[17.766440799553] 0
[17.773039799553] 0
[17.780368599553] 0
[17.789132699553] 0
[17.797225499553] 0
[17.803631199553] 0
[17.811866899553] 0
[17.820436199553] 0
[17.827950999553] 0
[17.834245599553] 0
[17.842241999553] 0
[17.850518599553] 0
[17.858110699553] 0
[17.864370599553] 0
[17.871198599553] 0
[17.880625899553] 0
[17.887136499553] 0
[17.894497399553] 0
[17.900719899553] 0
[17.909833199553] 0
[17.916443599553] 0
[17.922944699553] 0
[17.931409399553] 0
[17.939325299553] 0
[17.948603199553] 0
[17.954634199553] 0
[17.962216599553] 0
[17.970001899553] 0
[17.978419099553] 0
[17.984192199553] 0
[17.991823199553] 0
[18.000228899553] 0
[18.009201199553] 0
[18.015055399553] 0
[18.021187599553] 0
[18.031115999553] 0
[18.038083799553] 0
[18.046885399553] 0
[18.053374599553] 0
[18.062836199553] 0
[18.068960099553] 0
[18.076333399553] 0
[18.082618599553] 0
[18.091151699553] 0
[18.099917699553] 0
[18.106312299553] 0
[18.113975699553] 0
[18.121971999553] 0
[18.129250699553] 0
[18.135539299553] 0
[18.142881099553] 0
[18.151093999553] 0
[18.160635699553] 0
[18.166743299553] 0
[18.173900299553] 0
[18.181964899553] 0
[18.189682099553] 0
[18.196729399553] 0
[18.203556199553] 0
[18.212913899553] 0
[18.219425499553] 0
[18.227630899553] 0
[18.234270199553] 0
[18.243480099553] 0
[18.250297899553] 0
[18.258171199553] 0
[18.264595799553] 0
[18.272540699553] 0
[18.281992899553] 0
[18.288139699553] 0
[18.296825199553] 0
[18.305191299553] 0
[18.313333499553] 0
[18.320222299553] 0
[18.328440399553] 0
[18.335716299553] 0
[18.343566999553] 0
[18.349522099553] 0
[18.355694199553] 0
[18.365703099553] 0
[18.372524799553] 0
[18.379719399553] 0
[18.385859399553] 0
[18.395392499553] 0
[18.401917899553] 0
[18.409893299553] 0
[18.416350599553] 0
[18.423538799553] 0
[18.432412199553] 0
[18.438981099553] 0
[18.446482799553] 0
[18.453878699553] 0
[18.462509999553] 0
[18.468896399553] 0
[18.476736299553] 0
[18.484435099553] 0
[18.492788199553] 0
[18.499102199553] 0
[18.505793499553] 0
[18.515261599553] 0
[18.523159599553] 0
[18.530692699553] 0
[18.536768599553] 0
[18.546005899553] 0
[18.553270599553] 0
[18.560659199553] 0
[18.567348699553] 0
[18.576178699553] 0
[18.583587499553] 0
[18.591193899553] 0
[18.597362399553] 0
[18.605097199553] 0
[18.613712299553] 0
[18.620180899553] 0
[18.628081899553] 0
[18.636717599553] 0
[18.645244799553] 0
[18.651503699553] 0
[18.658718899553] 0
[18.665426399553] 0
[18.672003599553] 0
[18.679956699553] 0
[18.685928099553] 0
[18.694879299553] 0
[18.702233499553] 0
[18.710021799553] 0
[18.716207099553] 0
[18.722856099553] 0
[18.731491599553] 0
[18.738513199553] 0
[18.746853299553] 0
[18.753929899553] 0
[18.762781299553] 0
[18.769605199553] 0
[18.776722999553] 0
[18.783499099553] 0
[18.792877499553] 0
[18.799777999553] 0
[18.805759099553] 0
[18.813793999553] 0
[18.821631099553] 0
[18.829976599553] 0
[18.836686799553] 0
[18.845035099553] 0
[18.852292199553] 0
[18.860269799553] 0
[18.866596399553] 0
[18.872968299553] 0
[18.882356499553] 0
[18.888803899553] 0
[18.897092699553] 0
[18.904908599553] 0
[18.915125399553] 0
[18.921111499553] 0
[18.928514599553] 0
[18.935262299553] 0
[18.945355599553] 0
[18.952071699553] 0
[18.960020199553] 0
[18.967019299553] 0
[18.976996999553] 0
[18.983281799553] 0
[18.990510899553] 0
[18.999280699553] 0
[19.007469399553] 0
[19.014410499553] 0
[19.020610699553] 0
[19.029364799553] 0
[19.037021499553] 0
[19.044589399553] 0
[19.051074099553] 0
[19.060151099553] 0
[19.067773399553] 0
[19.075220699553] 0
[19.081721699553] 0
[19.089043499553] 0
[19.097600999553] 0
[19.103999699553] 0
[19.111451099553] 0
[19.118772499553] 0
[19.127953999553] 0
[19.134539999553] 0
[19.142537899553] 0
[19.150588399553] 0
[19.159172899553] 0
[19.165501099553] 0
[19.171981299553] 0
[19.181124499553] 0
[19.188335399553] 0
[19.195559299553] 0
[19.202153299553] 0
[19.211657099553] 0
[19.220000499553] 0
[19.227746199553] 0
[19.234153599553] 0
[19.243408399553] 0
[19.249902199553] 0
[19.256204899553] 0
[19.263988399553] 0
[19.271926699553] 0
[19.281579599553] 0
[19.287615299553] 0
[19.296930599553] 0
[19.305232799553] 0
[19.312550499553] 0
[19.318673799553] 0
[19.326848099553] 0
[19.334657399553] 0
[19.342293599553] 0
[19.349358099553] 0
[19.355964099553] 0
[19.364925499553] 0
[19.371504899553] 0
[19.378983499553] 0
[19.385944999553] 0
[19.395481099553] 0
[19.402360499553] 0
[19.409985099553] 0
[19.416498099553] 0
[19.424416599553] 0
[19.432248999553] 0
[19.438325199553] 0
[19.445453099553] 0
[19.453499399553] 0
[19.462370199553] 0
[19.468720099553] 0
[19.476258999553] 0
[19.483702899553] 0
[19.493132299553] 0
[19.499512799553] 0
[19.505852199553] 0
[19.515253799553] 0
[19.522764499553] 0
[19.530274799553] 0
[19.537629499553] 0
[19.546631499553] 0
[19.553126499553] 0
[19.560968199553] 0
[19.567166799553] 0
[19.575447899553] 0
[19.581918099553] 0
[19.588110599553] 0
[19.595966999553] 0
[19.603455999553] 0
[19.612702199553] 0
[19.619173999553] 0
[19.626266599553] 0
[19.633542299553] 0
[19.642964399553] 0
[19.649196699553] 0
[19.655677199553] 0
[19.663589899553] 0
[19.671628099553] 0
[19.679088599553] 0
[19.685163699553] 0
[19.693771299553] 0
[19.702948799553] 0
[19.710449799553] 0
[19.716699599553] 0
[19.725851799553] 0
[19.734088599553] 0
[19.742557199553] 0
[19.750338199553] 0
[19.761480999553] 0
[19.768640499553] 0
[19.776029999553] 0
[19.782980799553] 0
[19.790381699553] 0
[19.798011199553] 0
[19.804575499553] 0
[19.813121899553] 0
[19.820700099553] 0
[19.828790899553] 0
[19.836283599553] 0
[19.844419199553] 0
[19.851682199553] 0
[19.859390399553] 0
[19.865963499553] 0
[19.871939799553] 0
[19.881718999553] 0
[19.887729799553] 0
[19.895687799553] 0
[19.902871799553] 0
[19.913345899553] 0
[19.919403099553] 0
[19.927311099553] 0
[19.934111599553] 0
[19.942795199553] 0
[19.950258399553] 0
[19.958729499553] 0
[19.965606499553] 0
[19.973221899553] 0
[19.980800999553] 0
[19.987361299553] 0
[19.995119299553] 0
[20.002270699553] 0
[20.009480099553] 0
[20.016020499553] 0
[20.022917799553] 0
[20.031620299553] 0
[20.037911399553] 0
[20.045455699553] 0
[20.052787799553] 0
[20.061890699553] 0
[20.068745899553] 0
[20.075921499553] 0
[20.081874999553] 0
[20.089345799553] 0
[20.098252699553] 0
[20.104707599553] 0
[20.111695199553] 0
[20.118731899553] 0
[20.127650199553] 0
[20.134010599553] 0
[20.141765099553] 0
[20.150304499553] 0
[20.159298099553] 0
[20.165301999553] 0
[20.172143799553] 0
[20.182409699553] 0
[20.189531299553] 0
[20.196939499553] 0
[20.203487499553] 5.36117977698169E-29
[20.212998299553] 0
[20.219935099553] 0
[20.227679299553] 0
[20.233958299553] 0
[20.243037799553] 0
[20.249542099553] 0
[20.256137799553] 0
[20.263668399553] 0
[20.271208199553] 0
[20.279789899553] 0
[20.286317699553] 0
[20.293879299553] 0
[20.301574499553] 0
[20.310228099553] 0
[20.316504999553] 0
[20.323016599553] 0
[20.332478599553] 0
[20.341233299553] 0
[20.348729199553] 0
[20.354938099553] 0
[20.364162499553] 0
[20.370858099553] 0
[20.378497899553] 0
[20.385406599553] 0
[20.394246099553] 0
[20.400999499553] 0
[20.408501899553] 0
[20.416516599553] 0
[20.425640399553] 0
[20.433724599553] 0
[20.441333299553] 0
[20.448511699553] 0
[20.456471899553] 0
[20.464023299553] 0
[20.470308599553] 0
[20.477812299553] 0
[20.485091499553] 0
[20.492249999553] 0
[20.498947799553] 0
[20.505515099553] 0
[20.514168699553] 0
[20.522729799553] 0
[20.530546099553] 0
[20.536766199553] 0
[20.546697299553] 0
[20.553053399553] 0
[20.561338099553] 0
[20.567389999553] 0
[20.576946799553] 0
[20.583782199553] 0
[20.591391299553] 0
[20.598121199553] 0
[20.605794599553] 0
[20.614681099553] 0
[20.621408599553] 0
[20.628929999553] 0
[20.637432699553] 0
[20.645271099553] 0
[20.651798099553] 0
[20.660206299553] 0
[20.668610099553] 0
[20.675917399553] 0
[20.682236699553] 0
[20.688674099553] 0
[20.698136799553] 0
[20.704666099553] 0
[20.712520399553] 0
[20.718897399553] 0
[20.728276699553] 0
[20.734678699553] 0
[20.742452199553] 0
[20.749342799553] 0
[20.757023099553] 0
[20.766554299553] 0
[20.772874699553] 0
[20.780615999553] 0
[20.788613299553] 0
[20.797123999553] 0
[20.803284099553] 0
[20.811682899553] 0
[20.819502999553] 0
[20.827540599553] 0
[20.833999499553] 0
[20.843248799553] 0
[20.851210499553] 0
[20.859082399553] 0
[20.865440499553] 0
[20.872171399553] 0
[20.881444099553] 0
[20.887885899553] 0
[20.895129599553] 0
[20.902197899553] 0
[20.911850799553] 0
[20.918535199553] 0
[20.927001199553] 0
[20.934418999553] 0
[20.943129699553] 0
[20.949663099553] 0
[20.957791899553] 0
[20.966092199553] 0
[20.973488699553] 0
[20.981337099553] 0
[20.988036999553] 0
[20.996667799553] 0
[21.003926099553] 0
[21.011783599553] 0
[21.018001799553] 0
[21.026099099553] 0
[21.033872499553] 0
[21.041390499553] 0
[21.048267999553] 0
[21.054896799553] 0
[21.063802199553] 0
[21.069985799553] 0
[21.078092399553] 0
[21.085359799553] 0
[21.095544099553] 0
[21.101184499553] 0
[21.109216399553] 0
[21.116227899553] 0
[21.123388799553] 0
[21.130698099553] 0
[21.138171399553] 0
[21.147005199553] 0
[21.154362699553] 0
[21.161824999553] 0
[21.168069199553] 0
[21.176901399553] 0
[21.184620499553] 0
[21.192235999553] 0
[21.198921599553] 0
[21.206080899553] 0
[21.214467899553] 0
[21.221551999553] 0
[21.229153399553] 0
[21.236171799553] 0
[21.245902999553] 0
[21.253040899553] 0
[21.260789999553] 0
[21.268067699553] 0
[21.276433099553] 0
[21.282637299553] 0
[21.288817099553] 0
[21.297349799553] 0
[21.305116199553] 0
[21.312525899553] 0
[21.318864899553] 0
[21.326683199553] 0
[21.334909699553] 0
[21.341987299553] 0
[21.348569899553] 0
[21.355279399553] 0
[21.366021399553] 0
[21.372722099553] 0
[21.380521599553] 0
[21.387541999553] 0
[21.395925499553] 0
[21.402542699553] 0
[21.410076399553] 0
[21.416154599553] 0
[21.423269299553] 0
[21.433275399553] 0
[21.439384599553] 0
[21.447116599553] 0
[21.455388499553] 0
[21.463498199553] 0
[21.469204599553] 0
[21.477058599553] 0
[21.485145899553] 0
[21.493411299553] 0
[21.499673999553] 0
[21.506307799553] 0
[21.515524299553] 0
[21.522394799553] 0
[21.529574999553] 0
[21.536943299553] 0
[21.546553499553] 0
[21.553471799553] 0
[21.560480999553] 0
[21.566958899553] 0
[21.576141099553] 0
[21.583536799553] 0
[21.591238599553] 0
[21.597443399553] 0
[21.605087899553] 0
[21.613112499553] 0
[21.618866599553] 0
[21.627015399553] 0
[21.635023099553] 0
[21.643444099553] 0
[21.650203699553] 0
[21.657841299553] 0
[21.665790899553] 0
[21.673447399553] 0
[21.681312499553] 0
[21.687554899553] 0
[21.696159599553] 0
[21.703473199553] 0
[21.710640499553] 0
[21.716853099553] 0
[21.725402499553] 0
[21.733087199553] 0
[21.739202599553] 0
[21.747238099553] 0
[21.754350199553] 0
[21.764373299553] 0
[21.771243199553] 0
[21.779684899553] 0
[21.788403299553] 0
[21.795911799553] 0
[21.802277999553] 0
[21.810318599553] 0
[21.818745599553] 0
[21.826775899553] 0
[21.833480399553] 0
[21.841377599553] 0
[21.849034299553] 0
[21.856691399553] 0
[21.864863499553] 0
[21.872682599553] 0
[21.881781999553] 0
[21.889160099553] 0
[21.897072699553] 0
[21.903900799553] 0
[21.912763099553] 0
[21.919353099553] 0
[21.927265299553] 0
[21.934354799553] 0
[21.944255299553] 0
[21.951303199553] 0
[21.958634399553] 0
[21.965873799553] 0
[21.973368699553] 0
[21.982347899553] 0
[21.988702299553] 0
[21.997626799553] 0
[22.005223599553] 0
[22.012976699553] 0
[22.019383199553] 0
[22.028842699553] 0
[22.036800199553] 0
[22.044663499553] 0
[22.050778099553] 0
[22.060450899553] 0
[22.068358099553] 0
[22.075593499553] 0
[22.081898199553] 0
[22.089391899553] 0
[22.098459099553] 0
[22.105017999553] 0
[22.112312999553] 0
[22.120074799553] 0
[22.128869599553] 0
[22.134939599553] 0
[22.143041499553] 0
[22.150827299553] 0
[22.159832199553] 0
[22.166126699553] 0
[22.173314799553] 5.72746014280375E-32
[22.183039899553] 0
[22.189950999553] 0
[22.197769899553] 0
[22.205005899553] 0
[22.214271699553] 0
[22.220408599553] 0
[22.227702399553] 0
[22.234207399553] 0
[22.243634899553] 0
[22.250245799553] 0
[22.258026199553] 0
[22.264293499553] 0
[22.272025499553] 0
[22.281475499553] 0
[22.288012699553] 0
[22.296372099553] 0
[22.304674199553] 0
[22.313491499553] 0
[22.321048399553] 0
[22.333364799553] 0
[22.346352699553] 0
[22.361236999553] 0
[22.374511599553] 0
[22.388488299553] 0
[22.403739899553] 0
[22.416418899553] 0
[22.424850899553] 0
[22.435226399553] 0
[22.447860299553] 0
[22.458223799553] 0
[22.470454099553] 0
[22.480509399553] 0
[22.492774799553] 0
[22.503388099553] 0
[22.512327799553] 0
[22.521690099553] 0
[22.530085099553] 0
[22.537287799553] 0
[22.547463999553] 0
[22.556598999553] 0
[22.564840299553] 0
[22.572870799553] 0
[22.581911599553] 0
[22.589388499553] 0
[22.598857999553] 0
[22.607584499553] 0
[22.618694999553] 0
[22.629969799553] 0
[22.646355899553] 0
[22.664638799553] 0
[22.683810399553] 0
[22.705994899553] 0
[22.717028899553] 0
[22.726299999553] 0
[22.734199999553] 0
[22.744555199553] 0
[22.754582699553] 0
[22.766223199553] 0
[22.774666899553] 0
[22.786654099553] 0
[22.796004399553] 0
[22.802812999553] 0
[22.811494799553] 0
[22.820864999553] 0
[22.832352799553] 0
[22.843653399553] 0
[22.857845799553] 0
[22.867867099553] 0
[22.883223699553] 0
[22.895930399553] 0
[22.906645899553] 0
[22.920396399553] 0
[22.931961799553] 0
[22.941302599553] 0
[22.952187499553] 0
[22.964188299553] 0
[22.972052399553] 0
[22.983211999553] 0
[22.990883099553] 0
[23.001433299553] 0
[23.014191199553] 0
[23.021978199553] 0
[23.032465199553] 0
[23.042197299553] 0
[23.050949099553] 0
[23.060209899553] 0
[23.068987599553] 0
[23.078655399553] 0
[23.086632899553] 0
[23.098001499553] 0
[23.105593999553] 0
[23.114095899553] 0
[23.122114999553] 0
[23.132559299553] 0
[23.139285299553] 0
[23.146548199553] 0
[23.154703699553] 0
[23.164944899553] 0
[23.171497399553] 0
[23.179835299553] 0
[23.189377399553] 0
[23.198621599553] 0
[23.206827899553] 0
[23.215785299553] 0
[23.222975499553] 0
[23.232014099553] 0
[23.238783599553] 0
[23.248940499553] 0
[23.256621099553] 0
[23.263856799553] 0
[23.270411999553] 0
[23.279854799553] 0
[23.287101399553] 0
[23.294342999553] 0
[23.301608799553] 0
[23.311263099553] 0
[23.317937999553] 0
[23.325782499553] 0
[23.333873299553] 0
[23.344174099553] 0
[23.352084299553] 0
[23.362402299553] 0
[23.371820699553] 0
[23.380687599553] 0
[23.388602199553] 0
[23.397862499553] 0
[23.406448099553] 0
[23.414910099553] 0
[23.421291999553] 0
[23.431206199553] 0
[23.438401099553] 0
[23.447475699553] 0
[23.455314499553] 0
[23.465108699553] 0
[23.471595499553] 0
[23.479895099553] 0
[23.488000099553] 0
[23.497455099553] 0
[23.504001099553] 0
[23.511831999553] 0
[23.519603599553] 0
[23.528830199553] 0
[23.535118999553] 0
[23.542565699553] 0
[23.550330699553] 0
[23.559290299553] 0
[23.565791999553] 0
[23.573084999553] 0
[23.582878199553] 0
[23.590223099553] 0
[23.599278999553] 0
[23.607032999553] 1.12103877145985E-43
[23.616298499553] 0
[23.623896899553] 0
[23.631374699553] 0
[23.639378399553] 0
[23.649784599553] 0
[23.656414499553] 0
[23.664019399553] 0
[23.672632099553] 0
[23.686363099553] 0
[23.694652899553] 0
[23.702809299553] 0
[23.710578399553] 0
[23.717266599553] 0
[23.724435199553] 0
[23.732815699553] 0
[23.739549799553] 0
[23.747329899553] 0
[23.754294399553] 0
[23.764001499553] 0
[23.771081999553] 0
[23.778833399553] 0
[23.784952799553] 0
[23.794242299553] 0
[23.801142399553] 0
[23.808840199553] 0
[23.814995999553] 0
[23.822712999553] 0
[23.832283399553] 0
[23.840108699553] 0
[23.850747199553] 0
[23.862726399553] 0
[23.871113199553] 0
[23.880719299553] 0
[23.890516399553] 0
[23.900364799553] 0
[23.911524799553] 0
[23.923081099553] 0
[23.934688999553] 0
[23.949265499553] 0
[23.960394999553] 0
[23.972072199553] 0
[23.982993999553] 0
[23.991259599553] 0
[24.001314299553] 0
[24.012161499553] 0
[24.018932299553] 0
[24.027690399553] 0
[24.036180699553] 0
[24.046131799553] 0
[24.053256399553] 0
[24.063539899553] 0
[24.072575599553] 0
[24.082289599553] 0
[24.089461299553] 0
[24.099194399553] 0
[24.106033999553] 0
[24.114055399553] 0
[24.120853099553] 0
[24.129799399553] 0
[24.136738999553] 0
[24.144779899553] 0
[24.152534999553] 0
[24.162579299553] 0
[24.170451399553] 0
[24.178315099553] 0
[24.185822999553] 0
[24.194571699553] 0
[24.200962199553] 0
[24.208607399553] 0
[24.217120199553] 0
[24.227265099553] 0
[24.233330999553] 0
[24.240296899553] 0
[24.250313799553] 0
[24.258650099553] 0
[24.266337499553] 0
[24.273096999553] 0
[24.282751499553] 0
[24.289742799553] 0
[24.297773799553] 0
[24.305267199553] 0
[24.314661599553] 0
[24.321172099553] 0
[24.329128399553] 0
[24.336756499553] 0
[24.346053499553] 0
[24.352143799553] 0
[24.359866899553] 0
[24.366997399553] 0
[24.376316599553] 0
[24.382651699553] 0
[24.388736599553] 0
[24.397662499553] 0
[24.405536299553] 0
[24.412900499553] 0
[24.418872599553] 0
[24.427676799553] 0
[24.435774399553] 0
[24.442991699553] 0
[24.449306599553] 0
[24.456241799553] 0
[24.466913799553] 0
[24.475842699553] 0
[24.483085199553] 0
[24.492910699553] 0
[24.505251499553] 0
[24.517291099553] 0
[24.529105699553] 0
[24.536490199553] 0
[24.545543299553] 0
[24.555427299553] 0
[24.564914399553] 0
[24.572248299553] 0
[24.584116899553] 0
[24.593646699553] 0
[24.601907499553] 0
[24.613263999553] 0
[24.621089499553] 0
[24.630480199553] 0
[24.638501599553] 0
[24.648597099553] 0
[24.655881499553] 0
[24.664222299553] 0
[24.673791399553] 0
[24.682878899553] 0
[24.691842099553] 0
[24.704046399553] 0
[24.712139999553] 0
[24.720021399553] 0
[24.730519499553] 0
[24.740013499553] 0
[24.748294199553] 0
[24.756496899553] 0
[24.767567099553] 0
[24.775938299553] 0
[24.782455499553] 0
[24.789593999553] 0
[24.799625799553] 0
[24.806646299553] 0
[24.815181999553] 0
[24.824839199553] 0
[24.835091599553] 0
[24.844711699553] 0
[24.852351599553] 0
[24.862915899553] 0
[24.869254999553] 0
[24.877448699553] 0
[24.884961299553] 0
[24.892347899553] 0
[24.899112299553] 0
[24.905718699553] 0
[24.914311199553] 0
[24.920667699553] 0
[24.929168199553] 0
[24.936480199553] 0
[24.945742599553] 0
[24.953451399553] 0
[24.964814999553] 0
[24.971456099553] 0
[24.979831299553] 0
[24.986196499553] 0
[24.993658799553] 0
[24.999313599553] 0
[25.005212199553] 0
[25.012720199553] 0
[25.018714299553] 0
[25.026212999553] 0
[25.032593899553] 0
[25.039077299553] 0
[25.046588899553] 0
[25.053070099553] 0
[25.060426099553] 0
[25.066272799553] 0
[25.072220499553] 0
[25.079613699553] 0
[25.085786299553] 0
[25.093135299553] 0
[25.100404299553] 0
[25.108155399553] 0
[25.115066799553] 0
[25.121551699553] 0
[25.130117699553] 0
[25.138180099553] 0
[25.146311399553] 0
[25.152894799553] 0
[25.162291699553] 0
[25.169714999553] 0
[25.177187199553] 0
[25.184462799553] 0
[25.192098199553] 0
[25.199290799553] 0
[25.206111799553] 0
[25.213960199553] 0
[25.220580499553] 0
[25.229032499553] 0
[25.236329899553] 0
[25.244470399553] 0
[25.251319499553] 0
[25.261513099553] 0
[25.272276899553] 0
[25.281466899553] 0
[25.289418699553] 0
[25.304040799553] 0
[25.322809099553] 0
[25.334643599553] 0
[25.345987599553] 0
[25.355161899553] 0
[25.365658599553] 0
[25.374460499553] 0
[25.383878299553] 0
[25.393263799553] 0
[25.400281899553] 0
[25.409678199553] 0
[25.417629799553] 0
[25.427131399553] 0
[25.435171799553] 0
[25.444312299553] 0
[25.452917799553] 0
[25.463578899553] 0
[25.472441499553] 0
[25.481633299553] 0
[25.488001599553] 0
[25.495590699553] 0
[25.502163899553] 0
[25.509111199553] 0
[25.515563099553] 0
[25.521485299553] 0
[25.528835399553] 0
[25.535080999553] 0
[25.542509299553] 0
[25.548514799553] 0
[25.554534099553] 0
[25.561805799553] 0
[25.568072799553] 0
[25.574997599553] 0
[25.581072099553] 0
[25.587211199553] 0
[25.594839499553] 0
[25.601133199553] 0
[25.608278499553] 0
[25.614532899553] 0
[25.620728599553] 0
[25.629037699553] 0
[25.635719999553] 0
[25.643895399553] 0
[25.650711499553] 0
[25.659029899553] 0
[25.665938699553] 0
[25.672117099553] 0
[25.679716599553] 0
[25.686626199553] 0
[25.694336999553] 0
[25.701454699553] 0
[25.709445499553] 0
[25.715408999553] 0
[25.721379999553] 0
[25.730202799553] 0
[25.736714699553] 0
[25.744029199553] 0
[25.750303599553] 0
[25.757282299553] 0
[25.763618799553] 0
[25.770594399553] 0
[25.778197099553] 0
[25.784680599553] 0
[25.791846599553] 0
[25.797883899553] 0
[25.804498599553] 0
[25.811772399553] 0
[25.817949599553] 0
[25.825177299553] 0
[25.831555499553] 0
[25.838095899553] 0
[25.845508499553] 0
[25.851264099553] 0
[25.858889599553] 0
[25.864853899553] 0
[25.870804099553] 0
[25.878278399553] 0
[25.883885499553] 0
[25.890412299553] 0
[25.896427099553] 0
[25.902194799553] 0
[25.909271999553] 0
[25.915001299553] 0
[25.920950199553] 0
[25.928132499553] 0
[25.933879599553] 0
[25.941326899553] 0
[25.948473699553] 0
[25.956010299553] 0
[25.963328199553] 0
[25.969176199553] 0
[25.976254499553] 0
[25.981878399553] 0
[25.987350499553] 0
[25.994291499553] 0
[26.000179999553] 0
[26.008053499553] 0
[26.015058499553] 0
[26.022551099553] 0
[26.031152999553] 0
[26.040867499553] 0
[26.051157899553] 0
[26.059914699553] 0
[26.066296399553] 0
[26.072361099553] 0
[26.080122199553] 0
[26.086994099553] 0
[26.095165699553] 0
[26.101956899553] 0
[26.109447099553] 0
[26.115966799553] 0
[26.122994699553] 0
[26.131031299553] 0
[26.138150099553] 0
[26.145970399553] 0
[26.152304799553] 0
[26.160219399553] 0
[26.167454599553] 0
[26.175991299553] 0
[26.182783099553] 0
[26.189406299553] 0
[26.197474699553] 0
[26.204400099553] 0
[26.212459599553] 0
[26.218899199553] 0
[26.226647999553] 0
[26.233245199553] 0
[26.240153599553] 0
[26.247962499553] 0
[26.254529199553] 0
[26.261993399553] 0
[26.268463999553] 0
[26.276130499553] 0
[26.282734699553] 0
[26.289809499553] 0
[26.296851399553] 0
[26.303048799553] 0
[26.310672499553] 0
[26.316965499553] 0
[26.325711599553] 0
[26.332137499553] 0
[26.338497499553] 0
[26.345767199553] 0
[26.351776299553] 0
[26.359414999553] 0
[26.366768299553] 0
[26.374219899553] 0
[26.380006599553] 0
[26.385718999553] 0
[26.392618499553] 0
[26.398778899553] 0
[26.404610499553] 0
[26.411549699553] 0
[26.417224699553] 0
[26.424468499553] 0
[26.430653899553] 0
[26.436433999553] 0
[26.444058499553] 0
[26.450125499553] 0
[26.457421699553] 0
[26.464087199553] 0
[26.469997399553] 0
[26.477306399553] 0
[26.483034599553] 0
[26.488915199553] 0
[26.497095099553] 0
[26.503975599553] 0
[26.512113399553] 0
[26.519247199553] 0
[26.528110399553] 0
[26.534392799553] 0
[26.544810899553] 0
[26.552554699553] 0
[26.560045399553] 0
[26.567137099553] 0
[26.575389299553] 0
[26.582859699553] 0
[26.589566399553] 0
[26.597700099553] 0
[26.604438299553] 0
[26.611953099553] 0
[26.618909399553] 0
[26.626838099553] 0
[26.633845499553] 0
[26.641177199553] 0
[26.648804899553] 0
[26.655906399553] 0
[26.663207999553] 0
[26.670065499553] 0
[26.677942199553] 0
[26.684944499553] 0
[26.692978399553] 0
[26.698896699553] 0
[26.705650299553] 0
[26.713442099553] 0
[26.719745299553] 0
[26.727646199553] 0
[26.734341699553] 0
[26.742630399553] 0
[26.749128599553] 0
[26.756020399553] 0
[26.764054599553] 0
[26.770615199553] 0
[26.779525099553] 0
[26.786737799553] 0
[26.795901399553] 0
[26.801808599553] 0
[26.810059799553] 0
[26.817069399553] 0
[26.824912099553] 0
[26.831419399553] 0
[26.838820599553] 0
[26.846771899553] 0
[26.853661099553] 0
[26.862028499553] 0
[26.868388899553] 0
[26.876483399553] 0
[26.883628099553] 0
[26.892579399553] 0
[26.898926399553] 0
[26.906049399553] 0
[26.913765199553] 0
[26.921204999553] 0
[26.929445699553] 0
[26.935364899553] 0
[26.943087699553] 0
[26.949396099553] 0
[26.956274599553] 0
[26.964967299553] 0
[26.972072999553] 0
[26.980093699553] 0
[26.986723299553] 0
[26.994128299553] 0
[27.000473599553] 0
[27.008295699553] 0
[27.015412699553] 0
[27.022490599553] 0
[27.032095899553] 0
[27.038248899553] 0
[27.046395999553] 0
[27.052979699553] 0
[27.061551899553] 0
[27.068782799553] 0
[27.078728299553] 0
[27.085686599553] 0
[27.093121899553] 0
[27.100031099553] 0
[27.108046899553] 0
[27.115397099553] 0
[27.121601399553] 0
[27.129515799553] 0
[27.136583999553] 0
[27.145838899553] 0
[27.152419499553] 0
[27.160569899553] 0
[27.167381199553] 0
[27.176040299553] 0
[27.182886699553] 0
[27.189846599553] 0
[27.197738899553] 0
[27.204725099553] 0
[27.213388799553] 0
[27.219458699553] 0
[27.228023999553] 0
[27.234763899553] 0
[27.242392899553] 0
[27.248879699553] 0
[27.256263499553] 0
[27.264425599553] 0
[27.272130899553] 0
[27.279783599553] 0
[27.286016899553] 0
[27.294305599553] 0
[27.300782999553] 0
[27.309104999553] 0
[27.316113799553] 0
[27.323676799553] 0
[27.331786599553] 0
[27.339770699553] 0
[27.348514299553] 0
[27.354378099553] 0
[27.362284699553] 0
[27.369292299553] 0
[27.378004499553] 0
[27.384816099553] 0
[27.392823099553] 0
[27.399646899553] 0
[27.406143599553] 0
[27.414114199553] 0
[27.421079099553] 0
[27.430226799553] 0
[27.437921299553] 0
[27.446597699553] 0
[27.453768399553] 0
[27.462273799553] 0
[27.468437199553] 0
[27.477415299553] 0
[27.485005499553] 0
[27.493871899553] 0
[27.499493199553] 0
[27.506798399553] 0
[27.515414099553] 0
[27.522305499553] 0
[27.530570099553] 0
[27.537133399553] 0
[27.545248899553] 0
[27.552151499553] 0
[27.561028499553] 0
[27.568124699553] 0
[27.576358599553] 0
[27.582672699553] 0
[27.832426799553] 0
[27.856324399553] 0
[27.863813899553] 0
[27.871115999553] 0
[27.878473699553] 0
[27.887065199553] 0
[27.895394999553] 0
[27.901481899553] 0
[27.910023499553] 0
[27.916662799553] 0
[27.922876599553] 0
[27.930882699553] 0
[27.937819199553] 0
[27.944812399553] 0
[27.951374299553] 0
[27.960543899553] 0
[27.967439499553] 0
[27.974603699553] 0
[27.982200099553] 0
[27.989061599553] 0
[27.997227199553] 0
[28.004123799553] 0
[28.011244199553] 0
[28.018022099553] 0
[28.025650899553] 0
[28.031860899553] 0
[28.038046399553] 0
[28.046136099553] 0
[28.052673599553] 0
[28.059951299553] 0
[28.066300699553] 0
[28.072383499553] 0
[28.079952199553] 0
[28.085807699553] 0
[28.094022899553] 0
[28.100287799553] 0
[28.107349699553] 0
[28.113675699553] 0
[28.119524699553] 0
[28.127685399553] 0
[28.134664399553] 0
[28.142583199553] 0
[28.148974799553] 0
[28.155528599553] 0
[28.163033799553] 0
[28.169495099553] 0
[28.176761599553] 0
[28.183094999553] 0
[28.189339299553] 0
[28.196791999553] 0
[28.203331999553] 0
[28.211045899553] 0
[28.218084599553] 0
[28.226111299553] 0
[28.232265199553] 0
[28.239006999553] 0
[28.246880399553] 0
[28.253958199553] 0
[28.261635999553] 0
[28.268522499553] 0
[28.277606199553] 0
[28.285326699553] 0
[28.294964799553] 0
[28.302406699553] 0
[28.311184399553] 0
[28.319218399553] 0
[28.327889299553] 0
[28.336920799553] 0
[28.346148299553] 0
[28.355549599553] 0
[28.365952099553] 0
[28.374426199553] 0
[28.385457199553] 0
[28.394048699553] 0
[28.402018299553] 0
[28.412650299553] 0
[28.421251999553] 0
[28.431947699553] 0
[28.440518899553] 0
[28.450632499553] 0
[28.460775399553] 0
[28.468748199553] 0
[28.478423899553] 0
[28.486580199553] 0
[28.496327199553] 0
[28.503843999553] 0
[28.513526599553] 0
[28.520532199553] 0
[28.528522699553] 0
[28.537264699553] 0
[28.546480099553] 0
[28.554326499553] 0
[28.563344299553] 0
[28.571536599553] 0
[28.580927699553] 0
[28.589125999553] 0
[28.598533499553] 0
[28.606094599553] 0
[28.615829699553] 0
[28.622814899553] 0
[28.631301799553] 0
[28.640410199553] 0
[28.649710399553] 0
[28.657851299553] 0
[28.667560799553] 0
[28.677867899553] 0
[28.685860799553] 0
[28.695787799553] 0
[28.703258599553] 0
[28.713118099553] 0
[28.720829899553] 0
[28.730088799553] 0
[28.738435299553] 0
[28.747810599553] 0
[28.756522499553] 0
[28.764730499553] 0
[28.772559099553] 0
[28.781435699553] 0
[28.788882999553] 0
[28.797703299553] 0
[28.805047999553] 0
[28.813989299553] 0
[28.821004299553] 0
[28.829370799553] 0
[28.836510999553] 0
[28.844356099553] 0
[28.851538999553] 0
[28.859875899553] 0
[28.867735399553] 0
[28.875980999553] 0
[28.883560899553] 0
[28.892068499553] 0
[28.899383399553] 0
[28.906981799553] 0
[28.915871299553] 0
[28.921926599553] 0
[28.930815899553] 0
[28.939374299553] 0
[28.948406699553] 0
[28.956353399553] 0
[28.964778199553] 0
[28.971946799553] 0
[28.980337099553] 0
[28.987275799553] 0
[28.994833899553] 0
[29.001736799553] 0
[29.009724399553] 0
[29.016500999553] 0
[29.022678499553] 0
[29.031128399553] 0
[29.037645899553] 0
[29.046790299553] 0
[29.053880999553] 0
[29.061757699553] 0
[29.068637599553] 0
[29.076888999553] 0
[29.083875299553] 0
[29.090998799553] 0
[29.097755199553] 0
[29.104982799553] 0
[29.113045999553] 0
[29.119791499553] 0
[29.127677699553] 0
[29.134410699553] 0
[29.143583299553] 0
[29.150945999553] 0
[29.158767499553] 0
[29.165954399553] 0
[29.172640299553] 0
[29.180279599553] 0
[29.187320699553] 0
[29.195173999553] 0
[29.201431199553] 0
[29.209739499553] 0
[29.217592699553] 0
[29.225161699553] 0
[29.232028199553] 0
[29.238981599553] 0
[29.247361199553] 0
[29.254746799553] 0
[29.262828999553] 0
[29.269268599553] 0
[29.276861899553] 0
[29.283716899553] 0
[29.290615699553] 0
[29.297190799553] 0
[29.303101999553] 0
[29.312420899553] 0
[29.319915199553] 0
[29.328518899553] 0
[29.336839299553] 0
[29.347498799553] 0
[29.356160299553] 0
[29.365211499553] 0
[29.374308499553] 0
[29.383448499553] 0
[29.393842099553] 0
[29.402013699553] 0
[29.410822699553] 0
[29.418184999553] 0
[29.428174499553] 0
[29.435576499553] 0
[29.445151399553] 0
[29.453239799553] 0
[29.461842499553] 0
[29.469489499553] 0
[29.477360699553] 0
[29.485107299553] 0
[29.494270499553] 0
[29.501659699553] 4.80230643534838E-29
[29.510052799553] 0
[29.517794999553] 0
[29.526023299553] 0
[29.533427799553] 0
[29.542572499553] 0
[29.549667099553] 0
[29.556569399553] 0
[29.565094399553] 0
[29.572789099553] 0
[29.583168899553] 0
[29.591874699553] 0
[29.599556399553] 0
[29.607294599553] 0
[29.616014599553] 0
[29.622962099553] 0
[29.631153399553] 0
[29.637782599553] 0
[29.645722399553] 0
[29.652084199553] 0
[29.661549599553] 0
[29.668793099553] 0
[29.677620599553] 0
[29.684700399553] 0
[29.694654299553] 0
[29.702279499553] 0
[29.711985699553] 0
[29.719656399553] 0
[29.728108799553] 0
[29.736002099553] 0
[29.745043599553] 0
[29.753542699553] 0
[29.762107499553] 0
[29.769053399553] 0
[29.778551399553] 0
[29.785822599553] 0
[29.794648399553] 0
[29.802062999553] 0
[29.809716899553] 0
[29.816256899553] 0
[29.822344199553] 0
[29.830600999553] 0
[29.838999699553] 0
[29.847856899553] 0
[29.862444099553] 0
[29.880968499553] 0
[29.889419499553] 0
[29.897486799553] 0
[29.905689399553] 0
[29.915025299553] 0
[29.921814299553] 0
[29.930112399553] 0
[29.936651399553] 0
[29.944910799553] 0
[29.951093399553] 0
[29.958751599553] 0
[29.964922899553] 0
[29.971379699553] 0
[29.979173499553] 0
[29.986095199553] 0
[29.993322499553] 0
[29.999965599553] 0
[30.006839899553] 0
[30.014252099553] 0
[30.019944499553] 0
[30.026930999553] 0
[30.032684999553] 0
[30.038767599553] 0
[30.045765599553] 0
[30.052049199553] 0
[30.059543299553] 0
[30.065765899553] 0
[30.071565899553] 0
[30.079186899553] 0
[30.085901999553] 0
[30.093294099553] 0
[30.099732099553] 0
[30.106725799553] 0
[30.114127899553] 0
[30.120759099553] 0
[30.128269299553] 0
[30.134938699553] 0
[30.142826899553] 0
[30.151274299553] 0
[30.159221399553] 0
[30.165923999553] 0
[30.172255699553] 0
[30.179841999553] 0
[30.186511699553] 0
[30.193965599553] 0
[30.200233799553] 0
[30.207562299553] 0
[30.213805199553] 0
[30.219853999553] 0
[30.227774199553] 0
[30.234871799553] 0
[30.242740299553] 0
[30.249009399553] 0
[30.255092199553] 0
[30.262599599553] 0
[30.268825199553] 0
[30.276531699553] 0
[30.282757499553] 0
[30.288918699553] 0
[30.296671399553] 0
[30.302680099553] 0
[30.309708599553] 0
[30.316060999553] 0
[30.322754499553] 0
[30.330670599553] 0
[30.337227099553] 0
[30.344749899553] 0
[30.350640099553] 0
[30.357215899553] 0
[30.363279999553] 0
[30.369318899553] 0
[30.376682399553] 0
[30.383367399553] 0
[30.391057499553] 0
[30.397444899553] 0
[30.404601199553] 0
[30.413365999553] 0
[30.419928299553] 0
[30.427627799553] 0
[30.434322199553] 0
[30.441613599553] 0
[30.448256899553] 0
[30.454202099553] 0
[30.461370799553] 0
[30.467707099553] 0
[30.475190499553] 0
[30.482380199553] 0
[30.488708699553] 0
[30.496564899553] 0
[30.502470599553] 0
[30.509932999553] 0
[30.515937399553] 0
[30.522233299553] 0
[30.530080699553] 0
[30.537144199553] 0
[30.544400599553] 0
[30.549995399553] 0
[30.555678799553] 0
[30.562562299553] 0
