[0] 7614.7664753562
[0.0199999995529652] 4009.64769809058
[0.0366666689515114] 2703.30128826205
[0.0533333383500576] 2545.91733669522
[0.0683721383466036] 2568.80101596009
[0.0809496383517398] 2692.2680793581
[0.0976163077502861] 2644.63180746488
[0.10999650775193] 2562.09722721714
[0.123629207751947] 2571.32227180825
[0.140295877150493] 2568.39344593113
[0.152509377148817] 2577.94239485092
[0.169176046547364] 2577.37369553179
[0.181648846548342] 2576.79443115055
[0.198315515946888] 2576.52703729695
[0.211443215943291] 2576.04430234423
[0.228109885341837] 2574.65362225775
[0.240103585339966] 2575.29714235848
[0.256770254738512] 2574.73562881194
[0.269702054742083] 2574.83625714691
[0.28636872414063] 2574.30260304959
[0.299145324141136] 2547.90692822315
[0.313652924145572] 2547.72460753833
[0.330319593544118] 2547.61560752844
[0.343575493548997] 2547.49001703643
[0.360242162947543] 2522.78200521092
[0.376496262942965] 2504.26537407485
[0.389573262946215] 2503.83162182094
[0.406239932344761] 2503.75250561481
[0.418973932348308] 2461.68283066885
[0.432157532348356] 2458.00439391838
[0.448824201746902] 2451.14833647504
[0.461933801743726] 2402.39088380724
[0.475083101744531] 2393.95297429456
[0.491749771143077] 2392.9941454832
[0.505160971137229] 2357.1383494357
[0.518443471140927] 2375.69137532292
[0.535110140539473] 2329.65060033469
[0.5488321405428] 2347.75160126247
[0.565498809941346] 2320.8226858187
[0.579485309943266] 2331.6729383268
[0.593215109940502] 2314.73290468807
[0.606688609943376] 2311.32747412078
[0.623355279341922] 2310.35519232942
[0.636814479345048] 2311.33723709093
[0.650418879347853] 2310.39582073466
[0.6670855487464] 2311.2772330156
[0.680846748742624] 2313.01369663463
[0.69751341814117] 2310.85522170664
[0.711225218139589] 2312.71790737538
[0.727891887538135] 2310.82436381761
[0.74143628753518] 2311.76571809599
[0.758102956933726] 2316.2999778428
[0.771488156933628] 2311.18494443528
[0.78720555693144] 2313.70783135302
[0.801922456928878] 2310.0182568004
[0.818589126327424] 2312.17269647702
[0.831966426332656] 2308.73027826395
[0.848521926331159] 2308.40486766483
[0.861844426333846] 2309.96867674785
[0.878511095732392] 2300.99115553606
[0.892069995730708] 2302.33046006802
[0.908736665129254] 2296.40437909063
[0.9254033345278] 2295.8093581318
[0.93878833452618] 2293.43576583421
[0.955455003924726] 2293.09258264538
[0.969306203922315] 2289.97838372042
[0.985972873320861] 2289.2565722285
[1.00011687332153] 2292.95823063242
[1.01389937332715] 2287.69814062735
[1.0305660427257] 2289.81530604631
[1.04427564272191] 2286.04396579586
[1.05822424271901] 2287.75244116032
[1.07489091211755] 2284.48543968938
[1.08884991212108] 2286.42078901696
[1.10392481211602] 2283.72152617308
[1.12003141211608] 2284.82822367478
[1.13669808151462] 2287.68877029709
[1.15043388151389] 2283.17050606867
[1.16436058151157] 2285.41023607288
[1.18102725091012] 2159.69740594925
[1.19743765090971] 2086.03857424859
[1.21241415091208] 2006.32911389128
[1.22908082031063] 1973.19259418732
[1.24459252031374] 1954.0066068432
[1.26083772031416] 1942.17760931828
[1.2775043897127] 1922.08610061054
[1.29417105911125] 1909.20208362714
[1.3108377285098] 1903.4597965269
[1.32750439790834] 1898.85183549622
[1.34417106730689] 1895.66382023186
[1.36083773670543] 1888.93215703284
[1.37750440610398] 1884.13373597742
[1.39417107550253] 1874.40295158393
[1.41083774490107] 1873.31936074895
[1.42750441429962] 1873.7307643843
[1.44417108369817] 1867.84608989129
[1.46083775309671] 1867.70497559341
[1.4774984530959] 1867.47679524608
[1.49416512249445] 1866.79278351805
[1.510831791893] 1866.9608949282
[1.52749846129154] 1866.16116630957
[1.54416513069009] 1866.17071440191
[1.56083180008864] 1865.36342630388
[1.57749846948718] 1862.93464621865
[1.59416513888573] 1861.18082492894
[1.61083180828427] 1860.82898708222
[1.62749847768282] 1860.66907738003
[1.64416514708137] 1859.90316823314
[1.66069154707657] 1859.85473236524
[1.67735821647511] 1858.28388038237
[1.69402488587366] 1855.92431935828
[1.71069155527221] 1851.9335118168
